 pp_0000  6398138.220051237 1922675.4736548383 1  1.4030695372174972757051136795780621469 
 pp_0001  6401359.987038321 1924043.0326045507 1  0.8112794048257663259704486335976980627 
 pp_0002  6404581.754025404 1925410.5915542631 1  1.5757103556396925281291032661101780832 
 pp_0003  6407803.521012488 1926778.1505039756 1  1.1923656411820298117731908860150724649 
 pp_0004  6411025.287999572 1928145.709453688 1  0.8998146662152010089030795825237873942 
 pp_0005  6414247.054986656 1929513.2684034007 1  0.5735164613843254377556490908318664879 
 pp_0006  6389840.4780397 1915351.0298186173 1  0.54036823299689629163111703746835701168 
 pp_0007  6393062.245026783 1916718.5887683297 1  0.98643415528335298692041988033452071249 
 pp_0008  6396284.012013867 1918086.1477180421 1  1.19833126244755860945190306665608659387 
 pp_0009  6399505.77900095 1919453.7066677546 1  1.02649326987657985021940021397313103080 
 pp_0010  6402727.5459880335 1920821.265617467 1  0.86060068902648312327841040314524434507 
 pp_0011  6405949.312975117 1922188.8245671794 1  0.72264371119360359951855343751958571374 
 pp_0012  6409171.0799622005 1923556.3835168919 1  1.41652383162348982637013250496238470078 
 pp_0013  6412392.846949285 1924923.9424666043 1  1.10122292461000470531473638402530923486 
 pp_0014  6415614.613936368 1926291.501416317 1  0.83982908192445093753519813617458567023 
 pp_0015  6418836.380923452 1927659.0603660294 1  1.06721999822091495602194299863185733557 
 pp_0016  6387986.270002328 1910761.7038818214 1  1.1214086795747548741530863480875268579 
 pp_0017  6391208.036989411 1912129.2628315338 1  1.64818909633918075918757040199125185609 
 pp_0018  6394429.803976495 1913496.8217812462 1  0.73785837522115993447613391253980807960 
 pp_0019  6397651.570963578 1914864.3807309587 1  0.51866114369196847366794145273161120713 
 pp_0020  6400873.337950662 1916231.939680671 1  0.60519757138808072394198234178475104272 
 pp_0021  6404095.104937745 1917599.4986303835 1  1.40535419025406138615608142572455108166 
 pp_0022  6407316.871924829 1918967.057580096 1  1.09018669342662244403641125245485454798 
 pp_0023  6410538.638911912 1920334.6165298084 1  0.88529266233743264535860362229868769646 
 pp_0024  6413760.405898997 1921702.1754795208 1  1.23329685026525659452545369276776909828 
 pp_0025  6416982.17288608 1923069.7344292335 1  0.78897477546484773291979308851296082139 
 pp_0026  6420203.939873164 1924437.293378946 1  1.38635146088751071147271431982517242432 
 pp_0027  6423425.706860247 1925804.8523286583 1  0.74703185860276677399127720491378568113 
 pp_0028  6389353.8289520405 1907539.9368947379 1  1.2177659922819796811666037683608010411 
 pp_0029  6392575.595939124 1908907.4958444503 1  1.10992787011383287065768854517955332994 
 pp_0030  6395797.3629262075 1910275.0547941627 1  1.02644765204192678353933843027334660292 
 pp_0031  6399019.129913291 1911642.6137438752 1  0.83894142340711996830293628590879961848 
 pp_0032  6402240.896900374 1913010.1726935876 1  0.96672466811916191176123902550898492336 
 pp_0033  6405462.663887458 1914377.7316433 1  0.86228667523696156393953060614876449108 
 pp_0034  6408684.430874541 1915745.2905930125 1  1.27387495634152791978976893005892634392 
 pp_0035  6411906.197861625 1917112.849542725 1  1.80826302217986789599990515853278338909 
 pp_0036  6415127.964848709 1918480.4084924373 1  0.59850730288894604669280852249357849360 
 pp_0037  6418349.731835793 1919847.96744215 1  0.83406833017940973373782753697014413774 
 pp_0038  6421571.498822876 1921215.5263918624 1  1.10626020279586034789076620654668658972 
 pp_0039  6390721.387901753 1904318.1699076544 1  1.0127815057308011681413972837617620826 
 pp_0040  6393943.154888837 1905685.7288573668 1  0.92139164286430852435216820595087483525 
 pp_0041  6397164.92187592 1907053.2878070793 1  0.78027699471774969453008452546782791615 
 pp_0042  6400386.688863004 1908420.8467567917 1  1.08340786956404033780643203499494120479 
 pp_0043  6403608.455850087 1909788.4057065041 1  0.91384096300309436422537601174553856254 
 pp_0044  6406830.222837171 1911155.9646562166 1  1.00326493583335563108960286626825109124 
 pp_0045  6410051.989824254 1912523.523605929 1  0.75423427550403587815708306152373552322 
 pp_0046  6413273.756811338 1913891.0825556414 1  0.89811572264853622993285853226552717388 
 pp_0047  6416495.523798422 1915258.6415053539 1  1.20714986566135462631166319624753668904 
 pp_0048  6419717.290785505 1916626.2004550665 1  0.61778762566163725189483102440135553479 
 pp_0049  6392088.946851466 1901096.4029205707 1  0.9377512429822723039052334570442326367 
 pp_0050  6395310.713838549 1902463.9618702831 1  0.86890575043474937988463580040843226016 
 pp_0051  6398532.480825633 1903831.5208199956 1  1.17423312943130131458246978581883013248 
 pp_0052  6401754.247812716 1905199.079769708 1  0.84326158725151179051948702181107364595 
 pp_0053  6404976.0147998 1906566.6387194204 1  1.06667881164395450532822451350511983037 
 pp_0054  6408197.781786883 1907934.1976691328 1  0.99386332065376337130402362163295038044 
 pp_0055  6411419.548773967 1909301.7566188453 1  0.97778132071486223431122652982594445348 
 pp_0056  6414641.31576105 1910669.3155685577 1  0.69193623721133978854425095050828531384 
 pp_0057  6417863.082748135 1912036.8745182701 1  1.62087836132465734628738118772162124515 
 pp_0058  6421084.849735218 1913404.4334679828 1  0.61216324429488944147692564001772552729 
 pp_0059  6393456.5058011785 1897874.6359334872 1  0.8653411555195394955219967414450366050 
 pp_0060  6396678.272788262 1899242.1948831996 1  1.53324898309011969921300533314934000373 
 pp_0061  6399900.0397753455 1900609.753832912 1  1.02172540407083967117785050504608079791 
 pp_0062  6403121.806762429 1901977.3127826245 1  0.85223337349424199693714854220161214471 
 pp_0063  6406343.573749512 1903344.871732337 1  0.76698711342722658557136128365527838469 
 pp_0064  6409565.340736596 1904712.4306820494 1  0.68418290235742174054678343964042142034 
 pp_0065  6412787.107723679 1906079.9896317618 1  0.87741612651683675849767496401909738779 
 pp_0066  6416008.874710763 1907447.5485814742 1  0.53125364184043644133481620883685536683 
 pp_0067  6419230.641697847 1908815.1075311867 1  0.78816381861841799949530695812427438796 
 pp_0068  6422452.408684931 1910182.6664808993 1  0.84236222593621834509036716553964652121 
 pp_0069  6394824.06475089 1894652.8689464037 1  0.9479831815794200755576071060204412788 
 pp_0070  6398045.831737974 1896020.4278961162 1  0.57382271465383993813702545594424009323 
 pp_0071  6401267.598725057 1897387.9868458286 1  1.23993238381113246582287956698564812541 
 pp_0072  6404489.365712141 1898755.545795541 1  0.59719848154480770219265650666784495115 
 pp_0073  6407711.132699224 1900123.1047452535 1  0.86061350337609643368352863035397604108 
 pp_0074  6410932.899686308 1901490.663694966 1  0.68728069243717537784021942570689134300 
 pp_0075  6414154.666673391 1902858.2226446783 1  0.95975487166733541855023759126197546721 
 pp_0076  6417376.433660475 1904225.7815943907 1  0.53099647569356300813581128750229254365 
 pp_0077  6420598.200647559 1905593.3405441032 1  1.01606933815924671549169033824000507593 
 pp_0078  6423819.9676346425 1906960.8994938158 1  1.05386335569615630092243918625172227621 
 pp_0079  6427041.734621726 1908328.4584435283 1  1.13808473832448786566828857758082449436 
 pp_0080  6396191.623700603 1891431.1019593203 1  0.5275857683219001836860684306884650141 
 pp_0081  6399413.390687686 1892798.6609090327 1  0.78785761958369959767622958679567091167 
 pp_0082  6402635.15767477 1894166.219858745 1  1.29320428571202494794079029816202819347 
 pp_0083  6405856.924661853 1895533.7788084575 1  0.80685959552800468053135318768909201026 
 pp_0084  6409078.691648937 1896901.33775817 1  0.73978281921987942837404261808842420578 
 pp_0085  6412300.45863602 1898268.8967078824 1  0.83355479322397441066527790098916739225 
 pp_0086  6415522.225623104 1899636.4556575948 1  0.58050744458107061962692796441842801869 
 pp_0087  6418743.992610187 1901004.0146073073 1  0.58878919904007476215923588824807666242 
 pp_0088  6421965.759597272 1902371.5735570197 1  1.06530414356747060722341302607674151659 
 pp_0089  6425187.526584355 1903739.1325067324 1  1.13305006017943399321268316271016374230 
 pp_0090  6397559.182650316 1888209.3349722365 1  0.8586074782029953222917129096458666027 
 pp_0091  6400780.949637399 1889576.893921949 1  0.51849342128235098581257034311420284212 
 pp_0092  6404002.716624483 1890944.4528716614 1  0.81888466546320948236115100371534936130 
 pp_0093  6407224.483611566 1892312.0118213738 1  2.20240078273277628539972283761017024517 
 pp_0094  6410446.2505986495 1893679.5707710863 1  0.95693770489038654236679803943843580782 
 pp_0095  6413668.017585733 1895047.1297207987 1  1.24477852828476232005527890578377991915 
 pp_0096  6416889.784572816 1896414.6886705111 1  0.79149690703870978492062704390264116228 
 pp_0097  6420111.5515599 1897782.2476202236 1  0.94507463683230996664974554732907563448 
 pp_0098  6423333.318546984 1899149.806569936 1  0.99607183424577150354650711960857734084 
 pp_0099  6426555.085534068 1900517.3655196487 1  0.76969402633165140414917004818562418222 
 pp_0100  6429776.852521151 1901884.924469361 1  0.81275986117478893344667767451028339565 
 pp_0101  6398926.741600028 1884987.567985153 1  1.1482535858550819707346590803354047239 
 pp_0102  6402148.508587112 1886355.1269348655 1  0.55715723504657865827738305597449652851 
 pp_0103  6405370.275574195 1887722.685884578 1  1.20376057727406093889044313982594758272 
 pp_0104  6408592.042561279 1889090.2448342904 1  0.87590829572235151534442820775439031422 
 pp_0105  6411813.809548362 1890457.8037840028 1  0.84764420612926805187470336022670380771 
 pp_0106  6415035.576535446 1891825.3627337152 1  0.69459887764369909746164921671152114868 
 pp_0107  6418257.343522529 1893192.9216834276 1  1.25512845337210587892684543476207181811 
 pp_0108  6421479.110509613 1894560.48063314 1  1.31931850437978770429481301107443869114 
 pp_0109  6424700.877496697 1895928.0395828525 1  0.72429393729913027488720445035141892731 
 pp_0110  6427922.6444837805 1897295.5985325652 1  0.63757074279651215764630478588514961302 
 pp_0111  6431144.411470864 1898663.1574822776 1  1.14418737735380848796751251938985660672 
 pp_0112  6400294.30054974 1881765.8009980696 1  0.9758472478930795279694621058297343552 
 pp_0113  6403516.067536823 1883133.359947782 1  0.66289934260393379439335603819927200675 
 pp_0114  6406737.834523907 1884500.9188974944 1  0.64058182748918912619018328769016079605 
 pp_0115  6409959.60151099 1885868.4778472069 1  0.70625991367605900350667980092111974955 
 pp_0116  6413181.368498074 1887236.0367969193 1  1.19412406703220752568483931099763140082 
 pp_0117  6416403.135485157 1888603.5957466317 1  0.94562917746756758319293112435843795538 
 pp_0118  6419624.902472241 1889971.1546963442 1  1.38430419025337969607392096804687753320 
 pp_0119  6422846.669459324 1891338.7136460566 1  1.15468564338422674531159373145783320069 
 pp_0120  6426068.436446409 1892706.272595769 1  1.35751126219753159851677537517389282584 
 pp_0121  6429290.203433492 1894073.8315454817 1  0.68538587294228925372863159282132983208 
 pp_0122  6401661.859499453 1878544.0340109859 1  0.6717201895747090256705291722028050572 
 pp_0123  6404883.626486536 1879911.5929606985 1  1.53108227095691806773913867800729349256 
 pp_0124  6408105.39347362 1881279.1519104107 1  0.90132193589532549893306168087292462587 
 pp_0125  6411327.160460703 1882646.7108601234 1  0.92408266828014606897312432920443825424 
 pp_0126  6414548.927447787 1884014.2698098356 1  1.25846188943691439376948437711689621210 
 pp_0127  6417770.69443487 1885381.8287595483 1  0.74863282811786013848376342139090411365 
 pp_0128  6420992.4614219535 1886749.3877092605 1  1.01244924535453617586711061449022963643 
 pp_0129  6424214.228409037 1888116.9466589731 1  1.38301498980526416104908093984704464674 
 pp_0130  6427435.995396121 1889484.5056086853 1  0.84148387468195007254934125739964656532 
 pp_0131  6430657.762383205 1890852.064558398 1  0.85036789199304652075994681581505574286 
 pp_0132  6433879.529370288 1892219.6235081106 1  1.25932235539392212153586569911567494273 
 pp_0133  6403029.418449165 1875322.2670239024 1  0.9029526169303101479357565040118061006 
 pp_0134  6406251.185436249 1876689.8259736148 1  1.17974811152952252513159692171029746532 
 pp_0135  6409472.952423332 1878057.3849233272 1  0.74152009736941670858811903599416837096 
 pp_0136  6412694.719410416 1879424.9438730397 1  1.05853206051346870886220585816772654653 
 pp_0137  6415916.486397499 1880792.502822752 1  0.88742216103448634534345274005318060517 
 pp_0138  6419138.253384583 1882160.0617724645 1  0.90545858322020300601451481270487420261 
 pp_0139  6422360.020371666 1883527.620722177 1  0.79929655153817313895103779941564425826 
 pp_0140  6425581.78735875 1884895.1796718894 1  0.87620727086751459822266951960045844316 
 pp_0141  6428803.554345834 1886262.7386216018 1  1.07288442431361930040623064996907487512 
 pp_0142  6432025.321332918 1887630.2975713145 1  0.99016349547862136937226296140579506755 
 pp_0143  6435247.088320001 1888997.856521027 1  1.08398563914346657277576468914048746228 
 pp_0144  6438468.8553070845 1890365.4154707394 1  0.85959130886577672647774761571781709790 
 pp_0145  6404396.977398878 1872100.500036819 1  1.05226274110714190790361044491874054074 
 pp_0146  6407618.744385961 1873468.0589865313 1  0.650756801224311232090258272364735603333 
 pp_0147  6410840.511373045 1874835.6179362438 1  1.113630534703304864052597622503526508808 
 pp_0148  6414062.278360128 1876203.1768859562 1  0.902328771139828789138448428275296464562 
 pp_0149  6417284.045347212 1877570.7358356686 1  0.945484195504012858712883371481439098716 
 pp_0150  6420505.812334295 1878938.294785381 1  0.692777898791282042978423305612523108721 
 pp_0151  6423727.579321379 1880305.8537350935 1  0.743008155759291688546852583385771140456 
 pp_0152  6426949.346308462 1881673.412684806 1  0.811822351175906176123930890753399580717 
 pp_0153  6430171.113295547 1883040.9716345184 1  1.000610295364953827856879797764122486115 
 pp_0154  6433392.88028263 1884408.530584231 1  0.623198442568175470235303237132029607892 
 pp_0155  6436614.647269714 1885776.0895339435 1  0.789403852818899687271425591461593285203 
 pp_0156  6439836.414256797 1887143.6484836559 1  1.153857767424691260771396628115326166153 
 pp_0157  6405764.536348591 1868878.7330497354 1  1.61802101060528236153857051249360665679 
 pp_0158  6408986.303335674 1870246.2919994479 1  1.053047938942621053470816150365862995386 
 pp_0159  6412208.070322758 1871613.8509491603 1  1.014711314990167867478021435090340673923 
 pp_0160  6415429.837309841 1872981.4098988727 1  1.741937075919519850586425491201225668192 
 pp_0161  6418651.604296925 1874348.9688485852 1  0.637331904634738544146443928184453397989 
 pp_0162  6421873.371284008 1875716.5277982976 1  1.075976647708873690234554487688001245260 
 pp_0163  6425095.1382710915 1877084.08674801 1  1.214161897013611435269808680459391325712 
 pp_0164  6428316.905258175 1878451.6456977224 1  0.942624221249940053013460783404298126698 
 pp_0165  6431538.672245259 1879819.2046474349 1  1.577650755722881825704462244175374507904 
 pp_0166  6434760.439232343 1881186.7635971475 1  0.709746339336031484279487813182640820742 
 pp_0167  6437982.206219426 1882554.32254686 1  1.714679698130156637603249691892415285110 
 pp_0168  6441203.97320651 1883921.8814965724 1  0.757212990120587181586131464428035542369 
 pp_0169  6407132.095298302 1865656.9660626517 1  0.85330301221560367341822939124540425837 
 pp_0170  6410353.862285386 1867024.5250123641 1  0.714393835353351769335006338224047794938 
 pp_0171  6413575.629272469 1868392.0839620766 1  1.450431254987132101419433638511691242456 
 pp_0172  6416797.396259553 1869759.642911789 1  0.557557841358576666834778734482824802399 
 pp_0173  6420019.163246636 1871127.2018615014 1  0.427164852167165265406367780087748542428 
 pp_0174  6423240.93023372 1872494.7608112139 1  0.634291527962686174646478320937603712082 
 pp_0175  6426462.697220803 1873862.3197609263 1  1.834438762055158100849894253769889473915 
 pp_0176  6429684.464207887 1875229.8787106387 1  0.996162703578043595697977252712007611990 
 pp_0177  6432906.231194971 1876597.4376603512 1  0.926434474332240687211026397562818601727 
 pp_0178  6436127.998182055 1877964.9966100638 1  1.002917891202213418466726579936221241951 
 pp_0179  6439349.765169138 1879332.5555597763 1  0.780702172102177405221823391912039369345 
 pp_0180  6442571.532156222 1880700.1145094887 1  0.613053759324654334861293136782478541136 
 pp_0181  6408499.654248015 1862435.1990755682 1  0.67566726831794010621479174005798995495 
 pp_0182  6411721.4212350985 1863802.7580252807 1  0.935757099362033106793035130976932123303 
 pp_0183  6414943.188222182 1865170.316974993 1  0.951320207904522652242462754657026380301 
 pp_0184  6418164.955209265 1866537.8759247055 1  1.181035754571940543655728106386959552765 
 pp_0185  6421386.722196349 1867905.434874418 1  0.820670428676606000806259544333443045616 
 pp_0186  6424608.489183432 1869272.9938241304 1  1.112175950558338843876526880194433033466 
 pp_0187  6427830.256170516 1870640.5527738428 1  1.227675570103883950778822509164456278086 
 pp_0188  6431052.023157599 1872008.1117235553 1  1.169410767429826192298492060217540711164 
 pp_0189  6434273.790144684 1873375.6706732677 1  1.155776474020576038981289457296952605247 
 pp_0190  6437495.557131767 1874743.2296229803 1  0.822688011124234286342016275739297270775 
 pp_0191  6440717.324118851 1876110.7885726928 1  0.580105098037860034132506825699238106608 
 pp_0192  6443939.091105934 1877478.3475224052 1  1.368450526168721870234890047868248075247 
 pp_0193  6409867.213197728 1859213.4320884848 1  1.03493557162683003092240596743067726493 
 pp_0194  6413088.980184811 1860580.9910381972 1  1.403422638108198006179350159072782844305 
 pp_0195  6416310.747171895 1861948.5499879096 1  0.556625511986990173518563551624538376927 
 pp_0196  6419532.514158978 1863316.108937622 1  1.289583772374429226914571700035594403744 
 pp_0197  6422754.281146062 1864683.6678873345 1  1.410295649001740869721288618165999650955 
 pp_0198  6425976.048133145 1866051.226837047 1  0.680453094565859006870311986858723685145 
 pp_0199  6429197.815120229 1867418.7857867593 1  1.017716790223722300723352418572176247835 
 pp_0200  6432419.582107312 1868786.3447364718 1  0.793028167193253197275737420568475499749 
 pp_0201  6435641.349094396 1870153.9036861842 1  1.036109043179344713081491136108525097370 
 pp_0202  6438863.11608148 1871521.4626358969 1  1.407462736299491812275164193124510347843 
 pp_0203  6442084.883068563 1872889.0215856093 1  0.954952550136821010084986482979729771614 
 pp_0204  6445306.650055647 1874256.5805353217 1  0.436050628975986342972248621663311496377 
 pp_0205  6411234.77214744 1855991.6651014013 1  0.78700471041061148547157699795207008719 
 pp_0206  6414456.539134524 1857359.2240511137 1  0.617040206298001381313156343821901828051 
 pp_0207  6417678.306121607 1858726.7830008261 1  0.779508783615046385584435029159067198634 
 pp_0208  6420900.073108691 1860094.3419505386 1  0.345059658792532808480046924159978516400 
 pp_0209  6424121.840095774 1861461.900900251 1  1.173364493353444837353549701219890266657 
 pp_0210  6427343.607082858 1862829.4598499634 1  1.311486848938539617748233467864338308573 
 pp_0211  6430565.374069941 1864197.0187996759 1  1.143117755780058253378683730261400341988 
 pp_0212  6433787.141057025 1865564.5777493883 1  0.742315709220654373901027156534837558866 
 pp_0213  6437008.908044109 1866932.1366991007 1  0.478566042454282247753383217059308663011 
 pp_0214  6440230.675031193 1868299.6956488134 1  0.749427950324126790349055227125063538551 
 pp_0215  6443452.442018276 1869667.2545985258 1  0.752394584833611324015123500430490821600 
 pp_0216  6415824.098084236 1854137.45706403 1  0.777939908920971423533785582549171522260 
 pp_0217  6419045.865071319 1855505.0160137424 1  0.848955753050560590899920043739257380366 
 pp_0218  6422267.6320584025 1856872.5749634549 1  0.747495565246582560625654423347441479564 
 pp_0219  6425489.399045486 1858240.1339131673 1  0.878181078559846395314991696068318560719 
 pp_0220  6428711.1660325695 1859607.6928628797 1  0.978175152688279481161259809596231207252 
 pp_0221  6431932.933019653 1860975.2518125921 1  0.840725268091659261315840012684930115938 
 pp_0222  6435154.700006736 1862342.8107623046 1  0.987020964655463184378447749622864648700 
 pp_0223  6438376.466993821 1863710.369712017 1  0.822295584199794982183107094897422939539 
 pp_0224  6441598.233980904 1865077.9286617297 1  1.002419154997785666338927512697409838438 
 pp_0225  6444820.000967988 1866445.487611442 1  0.401814855901825751516298623755574226379 
 pp_0226  6413969.890046865 1849548.131127234 1  0.94398634506324707871272039483301341534 
 pp_0227  6417191.657033948 1850915.6900769465 1  0.839619848895233777952284981438424438238 
 pp_0228  6420413.424021032 1852283.249026659 1  0.902339494170741662770751645439304411411 
 pp_0229  6423635.191008115 1853650.8079763714 1  0.916340458198348306595448775624390691519 
 pp_0230  6426856.957995199 1855018.3669260838 1  1.125469224539969559373275842517614364624 
 pp_0231  6430078.724982282 1856385.9258757962 1  0.447154074659552647208471398698748089373 
 pp_0232  6433300.491969366 1857753.4848255087 1  1.029893172211204799282313615549355745316 
 pp_0233  6436522.258956449 1859121.043775221 1  0.853103397710714861368330730329034850001 
 pp_0234  6439744.0259435335 1860488.6027249335 1  0.837310679091463061496369846281595528126 
 pp_0235  6442965.792930617 1861856.1616746462 1  0.659791104249570548034853345598094165325 
 pp_0236  6446187.5599177005 1863223.7206243586 1  0.962068051922918443530363674653926864266 
 pp_0237  6415337.448996577 1846326.3641401506 1  0.85220184850739455484358586545567959547 
 pp_0238  6418559.215983661 1847693.923089863 1  0.990498031838254688885569976264378055930 
 pp_0239  6421780.982970744 1849061.4820395755 1  1.355451779407013557232630773796699941158 
 pp_0240  6425002.749957828 1850429.040989288 1  0.595545692565273343532794569910038262606 
 pp_0241  6428224.516944911 1851796.5999390003 1  1.005580188258115681421145382046233862638 
 pp_0242  6431446.283931995 1853164.1588887128 1  1.311832082254825726508329353237058967352 
 pp_0243  6434668.050919078 1854531.7178384252 1  1.085866896381902257928686594823375344276 
 pp_0244  6437889.817906162 1855899.2767881376 1  0.706222510476093079390125240024644881487 
 pp_0245  6441111.584893246 1857266.83573785 1  1.021845527826227062462294270517304539680 
 pp_0246  6444333.35188033 1858634.3946875627 1  1.786537490132643402063195026130415499210 
 pp_0247  6447555.118867413 1860001.9536372751 1  0.942508379867360912562901376077206805348 
 pp_0248  6450776.885854497 1861369.5125869876 1  1.425819858950311491696538723772391676903 
 pp_0249  6416705.00794629 1843104.5971530671 1  0.50535329604668211000984001657343469560 
 pp_0250  6419926.774933374 1844472.1561027796 1  1.292487945891564127265382921905256807804 
 pp_0251  6423148.541920457 1845839.715052492 1  1.107104171270614223487882554763928055763 
 pp_0252  6426370.3089075405 1847207.2740022044 1  0.684189045024444553178000205662101507187 
 pp_0253  6429592.075894624 1848574.8329519168 1  1.590481883567243848176531173521652817726 
 pp_0254  6432813.8428817075 1849942.3919016293 1  1.220436318153983679124507943924982100725 
 pp_0255  6436035.609868791 1851309.9508513417 1  1.022650960088256066882195227663032710552 
 pp_0256  6439257.376855874 1852677.5098010541 1  1.151476852906305303747558355098590254784 
 pp_0257  6442479.143842959 1854045.0687507666 1  0.590267402141343544563767409272259101272 
 pp_0258  6445700.910830042 1855412.6277004792 1  0.916388316710055161884440622088732197881 
 pp_0259  6448922.677817126 1856780.1866501917 1  1.446842621979763876538527256343513727188 
 pp_0260  6418072.566896003 1839882.8301659834 1  1.50063205811341671136460718116723001003 
 pp_0261  6421294.333883086 1841250.3891156958 1  1.011800233516615854512110672658309340477 
 pp_0262  6424516.10087017 1842617.9480654083 1  0.997966859975947140348750963312340900302 
 pp_0263  6427737.867857253 1843985.5070151207 1  1.115186581772128482370476376672741025686 
 pp_0264  6430959.634844337 1845353.0659648331 1  2.090807383789372142501861162600107491016 
 pp_0265  6434181.40183142 1846720.6249145456 1  0.848480242963315145487968038651160895824 
 pp_0266  6437403.168818504 1848088.183864258 1  0.732399673043216514756181823031511157751 
 pp_0267  6440624.935805587 1849455.7428139704 1  1.182931734791901057235463667893782258034 
 pp_0268  6443846.7027926715 1850823.3017636829 1  0.714307910603439011332227437378605827689 
 pp_0269  6447068.469779755 1852190.8607133955 1  1.401311538618862817529020503570791333914 
 pp_0270  6450290.2367668385 1853558.419663108 1  1.000394517212822798057914042146876454353 
 pp_0271  6419440.1258457145 1836661.0631789 1  0.92074905672064621953154528455343097448 
 pp_0272  6422661.892832798 1838028.6221286124 1  0.931342856168069888056493255135137587786 
 pp_0273  6425883.659819881 1839396.1810783248 1  1.097264993530780996522366876888554543257 
 pp_0274  6429105.426806965 1840763.7400280372 1  0.808000093483458581289369249134324491024 
 pp_0275  6432327.193794048 1842131.2989777497 1  0.926378580141211993570493632432771846652 
 pp_0276  6435548.960781132 1843498.857927462 1  1.329907278074317744653853878844529390335 
 pp_0277  6438770.727768215 1844866.4168771745 1  1.180134658904563149661726129124872386456 
 pp_0278  6441992.494755299 1846233.975826887 1  0.651021807739916580359817999124061316252 
 pp_0279  6445214.261742383 1847601.5347765994 1  0.926192640053204452321722328633768483996 
 pp_0280  6448436.028729467 1848969.093726312 1  1.469712590143186003999176136858295649290 
 pp_0281  6451657.79571655 1850336.6526760245 1  1.128377993976107829254829084675293415785 
 pp_0282  6454879.562703634 1851704.211625737 1  1.168986791460866703218357542937155812979 
 pp_0283  6420807.684795427 1833439.2961918165 1  0.96862080985965437474050077071296982467 
 pp_0284  6424029.451782511 1834806.8551415289 1  0.896571607195787767530248402181314304471 
 pp_0285  6427251.218769594 1836174.4140912413 1  0.728150387651775643504947765904944390059 
 pp_0286  6430472.985756678 1837541.9730409537 1  0.585143334371003520644194395572412759066 
 pp_0287  6433694.752743761 1838909.5319906662 1  0.914460471930265805795556843804661184549 
 pp_0288  6436916.519730845 1840277.0909403786 1  0.744465372161072669321413286525057628751 
 pp_0289  6440138.286717928 1841644.649890091 1  1.832143410181455545071571577864233404398 
 pp_0290  6443360.0537050115 1843012.2088398035 1  1.681238336216506201736820003134198486805 
 pp_0291  6446581.820692096 1844379.767789516 1  1.073858929800308281699017243226990103722 
 pp_0292  6449803.587679179 1845747.3267392286 1  1.199151870036358591420366792590357363224 
 pp_0293  6453025.354666263 1847114.885688941 1  1.227108930189793500886707988684065639973 
 pp_0294  6456247.121653346 1848482.4446386534 1  0.804255426188372868345766164566157385707 
 pp_0295  6422175.24374514 1830217.529204733 1  1.85338100718768372665579136082669720054 
 pp_0296  6425397.010732223 1831585.0881544454 1  0.950207479078333694388902586069889366627 
 pp_0297  6428618.777719307 1832952.6471041578 1  1.140532366521079588039810914779081940651 
 pp_0298  6431840.54470639 1834320.2060538703 1  1.244550112559029919623299065278843045235 
 pp_0299  6435062.311693474 1835687.7650035827 1  0.941561560020432009032731457409681752324 
 pp_0300  6438284.078680557 1837055.3239532951 1  0.728115930360696883560933656553970649838 
 pp_0301  6441505.845667641 1838422.8829030076 1  1.235158674197584627307833216036669909954 
 pp_0302  6444727.612654724 1839790.44185272 1  1.402389126901009808179310311970766633749 
 pp_0303  6447949.379641809 1841158.0008024324 1  0.717133126387024089076760446914704516530 
 pp_0304  6451171.146628892 1842525.559752145 1  0.934206618897047258442967176961246877909 
 pp_0305  6454392.9136159755 1843893.1187018575 1  0.852175740899986711163194286200450733304 
 pp_0306  6457614.680603059 1845260.67765157 1  0.722371693561863037480463844985933974385 
 pp_0307  6423542.802694852 1826995.7622176493 1  0.82830505950090527189644262762158177793 
 pp_0308  6426764.569681936 1828363.3211673617 1  0.915591708870718390400611497170757502317 
 pp_0309  6429986.336669019 1829730.8801170741 1  1.236764570846253574742945602338295429945 
 pp_0310  6433208.103656103 1831098.4390667866 1  1.247404084882799857325608172686770558357 
 pp_0311  6436429.870643186 1832465.998016499 1  0.572107856560571170767559578962391242385 
 pp_0312  6439651.63763027 1833833.5569662114 1  0.558153616019851916973948391387239098549 
 pp_0313  6442873.404617353 1835201.1159159238 1  1.430487101087339674165832548169419169426 
 pp_0314  6446095.171604437 1836568.6748656363 1  0.682491464471757680598784645553678274155 
 pp_0315  6449316.938591521 1837936.2338153487 1  1.078244598145208898998248514544684439898 
 pp_0316  6452538.705578605 1839303.7927650614 1  0.890435593653552959203523187170503661036 
 pp_0317  6455760.472565688 1840671.3517147738 1  0.624551919749881334631425033876439556479 
 pp_0318  6424910.361644564 1823773.9952305658 1  1.15828008655977998664354799984721466899 
 pp_0319  6428132.128631648 1825141.5541802782 1  1.415504816284813616178439588111359626055 
 pp_0320  6431353.895618731 1826509.1131299906 1  0.810204344984223667758271858474472537637 
 pp_0321  6434575.662605815 1827876.672079703 1  0.492094779118373182313916913699358701706 
 pp_0322  6437797.429592898 1829244.2310294155 1  0.747419595979622153336663359368685632944 
 pp_0323  6441019.196579982 1830611.789979128 1  1.055695001436035118658196552132721990347 
 pp_0324  6444240.963567065 1831979.3489288404 1  0.978350232170886568994205845228862017393 
 pp_0325  6447462.730554149 1833346.9078785528 1  1.008655947238728867176860148902051150799 
 pp_0326  6450684.497541233 1834714.4668282652 1  0.965857434533100023266172229341464117169 
 pp_0327  6453906.264528316 1836082.025777978 1  1.806623033328955463261422664800193160772 
 pp_0328  6457128.0315154 1837449.5847276903 1  1.281344446899958633423466380918398499489 
 pp_0329  6460349.798502483 1838817.1436774028 1  1.045912551929463418787236150819808244705 
 pp_0330  6429499.68758136 1821919.7871931947 1  1.076984327102609828585855211713351309299 
 pp_0331  6432721.454568444 1823287.3461429072 1  0.931721892606731327823865740356268361211 
 pp_0332  6435943.221555527 1824654.9050926196 1  0.779838566441013458785391776473261415958 
 pp_0333  6439164.988542611 1826022.464042332 1  0.924542841002305659792170899891061708331 
 pp_0334  6442386.755529694 1827390.0229920445 1  0.609153234816340760637842777214245870709 
 pp_0335  6445608.522516778 1828757.581941757 1  1.139761773593831462036973789508920162916 
 pp_0336  6448830.289503861 1830125.1408914693 1  0.801427593267614257754871687211561948061 
 pp_0337  6452052.056490946 1831492.6998411817 1  0.650563258812551836740567523520439863205 
 pp_0338  6455273.823478029 1832860.2587908944 1  0.839065843005607492344211095769423991442 
 pp_0339  6458495.590465113 1834227.8177406068 1  0.874274248149799149132377351634204387665 
 pp_0340  6461717.357452196 1835595.3766903193 1  1.353689245748457725682101226993836462498 
 pp_0341  6430867.246531073 1818698.020206111 1  0.697725118090101292800397914106724783778 
 pp_0342  6434089.0135181565 1820065.5791558234 1  1.033653253855523868054433478391729295254 
 pp_0343  6437310.78050524 1821433.1381055359 1  1.603408624630852097325828253815416246653 
 pp_0344  6440532.547492323 1822800.6970552483 1  0.478406598905327717918822827414260245860 
 pp_0345  6443754.314479407 1824168.2560049607 1  1.070010050090905551201103662606328725815 
 pp_0346  6446976.08146649 1825535.8149546732 1  0.717303539425520053640639162040315568447 
 pp_0347  6450197.848453574 1826903.3739043856 1  1.278871825133075512681557484029326587915 
 pp_0348  6453419.615440658 1828270.932854098 1  0.821542575904307681433635934808989986777 
 pp_0349  6456641.382427742 1829638.4918038107 1  0.752487120323427016721495874662650749087 
 pp_0350  6459863.149414825 1831006.0507535231 1  1.080766948078633493679490129579789936543 
 pp_0351  6463084.916401909 1832373.6097032356 1  0.808373253603332342365206386602949351072 
 pp_0352  6435456.572467869 1816843.81216874 1  1.018147439924969033242518889892380684614 
 pp_0353  6438678.339454953 1818211.3711184524 1  1.059840714902401836994272343872580677271 
 pp_0354  6441900.106442036 1819578.9300681648 1  0.597858082450345551528414489439455792308 
 pp_0355  6445121.87342912 1820946.4890178773 1  0.861591044827253127458277504047146067023 
 pp_0356  6448343.640416203 1822314.0479675897 1  1.231234228548955922377672322909347712994 
 pp_0357  6451565.407403287 1823681.6069173021 1  0.868179163275930143583991593914106488228 
 pp_0358  6454787.174390371 1825049.1658670146 1  0.722572021342691606093922018771991133690 
 pp_0359  6458008.941377454 1826416.7248167272 1  0.503819650652054362716114610520889982581 
 pp_0360  6461230.708364538 1827784.2837664397 1  1.101290940037217502833755133906379342079 
 pp_0361  6464452.475351621 1829151.842716152 1  0.639070417865934214951550984551431611180 
 pp_0362  6436824.131417582 1813622.0451816565 1  1.766429211027557233393281421740539371967 
 pp_0363  6440045.898404665 1814989.604131369 1  0.553799733546784023197062651888700202107 
 pp_0364  6443267.665391749 1816357.1630810814 1  1.168274551924382231860022329783532768488 
 pp_0365  6446489.432378832 1817724.7220307938 1  1.114348453224808910277943141409195959568 
 pp_0366  6449711.199365916 1819092.2809805062 1  1.283267465929763817555908644862938672304 
 pp_0367  6452932.966352999 1820459.8399302186 1  0.723131160982645293522352858417434617877 
 pp_0368  6456154.733340084 1821827.398879931 1  0.643325291089181350301373640832025557756 
 pp_0369  6459376.500327167 1823194.9578296437 1  1.323625725800586128144686881569214165211 
 pp_0370  6462598.267314251 1824562.5167793562 1  0.826990931437385001778750392986694350839 
 pp_0371  6465820.034301334 1825930.0757290686 1  0.853794383737521145327775684563675895333 
 pp_0372  6438191.690367294 1810400.278194573 1  0.926498110499988758448353109997697174549 
 pp_0373  6441413.457354377 1811767.8371442854 1  0.688497294697722361789260503428522497416 
 pp_0374  6444635.2243414605 1813135.3960939979 1  0.754028895611390082009961588482838124037 
 pp_0375  6447856.991328544 1814502.9550437103 1  1.328486520315915964118858028086833655834 
 pp_0376  6451078.758315627 1815870.5139934227 1  0.829234543325509831923625370109220966697 
 pp_0377  6454300.525302711 1817238.0729431352 1  1.220075782664267638466526477714069187641 
 pp_0378  6457522.292289795 1818605.6318928476 1  0.576830386019994034718649800197454169393 
 pp_0379  6460744.059276879 1819973.1908425603 1  1.662687811171694729495129649876616895199 
 pp_0380  6463965.826263962 1821340.7497922727 1  1.446950475211220110693943752266932278872 
 pp_0381  6467187.593251046 1822708.3087419851 1  0.709735248193092083113242551917210221291 
 pp_0382  6439559.249317006 1807178.5112074893 1  1.194750146770320764488815257209353148937 
 pp_0383  6442781.01630409 1808546.0701572017 1  0.647898052762493903422580387996276840568 
 pp_0384  6446002.783291173 1809913.6291069142 1  0.999944606597344742837663034151773899794 
 pp_0385  6449224.550278257 1811281.1880566266 1  1.147077644882641855872407177230343222618 
 pp_0386  6452446.31726534 1812648.747006339 1  0.982861372691349988173215024289675056934 
 pp_0387  6455668.084252424 1814016.3059560515 1  1.035797469787087532466784978169016540051 
 pp_0388  6458889.851239508 1815383.8649057639 1  1.345124593638899579417511631618253886700 
 pp_0389  6462111.6182265915 1816751.4238554765 1  0.963440826393830107576832233462482690811 
 pp_0390  6465333.385213675 1818118.982805189 1  0.775788518051898967620161329250549897552 
 pp_0391  6468555.152200758 1819486.5417549014 1  0.653234437524293554133691941387951374054 
 pp_0392  6440926.808266719 1803956.7442204058 1  0.544231729173450640146825207921210676432 
 pp_0393  6444148.575253802 1805324.3031701182 1  0.555202777332453711878201829676982015371 
 pp_0394  6447370.342240886 1806691.8621198307 1  0.661069219829671483878996696148533374071 
 pp_0395  6450592.109227969 1808059.421069543 1  1.488880124915784364247883786447346210480 
 pp_0396  6453813.876215053 1809426.9800192555 1  0.716753559588594435503239310492062941194 
 pp_0397  6457035.643202136 1810794.538968968 1  1.332508818432257102770677192893344908953 
 pp_0398  6460257.410189221 1812162.0979186804 1  1.072984003144857867440009613346774131060 
 pp_0399  6463479.177176304 1813529.656868393 1  0.840326212176562337141660918859997764230 
 pp_0400  6466700.944163388 1814897.2158181055 1  1.135791688677261435103105213784147053957 
 pp_0401  6469922.711150471 1816264.774767818 1  1.058303865535576093748204584699124097824 
 pp_0402  6442294.367216432 1800734.9772333223 1  1.418172113230609543421678608865477144718 
 pp_0403  6445516.134203515 1802102.5361830348 1  1.294904623856179437524360764655284583569 
 pp_0404  6448737.9011905985 1803470.0951327472 1  0.721293724635571509296028125390876084566 
 pp_0405  6451959.668177682 1804837.6540824596 1  0.724628730893235539767260888766031712294 
 pp_0406  6455181.435164765 1806205.213032172 1  0.555512656180498165525705189793370664120 
 pp_0407  6458403.202151849 1807572.7719818845 1  0.965034555900292412289331878127995878458 
 pp_0408  6461624.969138933 1808940.330931597 1  0.865581935209709274481326701788930222392 
 pp_0409  6464846.736126017 1810307.8898813096 1  0.802140938172908102288261034118477255106 
 pp_0410  6468068.5031131 1811675.448831022 1  1.154295991753291339421139127807691693306 
 pp_0411  6471290.270100184 1813043.0077807344 1  0.762554057975666998991925993323093280196 
 pp_0412  6443661.926166143 1797513.2102462389 1  0.605478359955608724796149999747285619378 
 pp_0413  6446883.693153227 1798880.7691959513 1  0.943880381195631223967268397245788946748 
 pp_0414  6450105.46014031 1800248.3281456637 1  1.228761650357443668823975713166873902082 
 pp_0415  6453327.227127394 1801615.8870953762 1  0.616741518857974346801142928597982972860 
 pp_0416  6456548.994114477 1802983.4460450886 1  1.543839712641853489927257214731071144342 
 pp_0417  6459770.761101561 1804351.004994801 1  1.488384865785945088134667457779869437218 
 pp_0418  6462992.528088645 1805718.5639445134 1  1.263002352746905865288340464758221060038 
 pp_0419  6466214.295075729 1807086.122894226 1  0.561670788158822320568219765846151858568 
 pp_0420  6469436.062062812 1808453.6818439385 1  1.214941964829085563337685016449540853500 
 pp_0421  6472657.8290498955 1809821.240793651 1  0.770019006128567329305667499284027144313 
