 pp_0000  6398138.220051237 1922675.4736548383 1  3.9348826995380019669323878872547e-03 
 pp_0001  6393062.245026783 1916718.5887683297 1  0.062935669749860229105209441513579804 
 pp_0002  6396284.012013867 1918086.1477180421 1  3.76507053019168496169055693201244e-03 
 pp_0003  6399505.77900095 1919453.7066677546 1  3.30373318626656130650443010665640e-03 
 pp_0004  6394429.803976495 1913496.8217812462 1  0.066516581101385308105733429329120554 
 pp_0005  6397651.570963578 1914864.3807309587 1  2.91962183148879433208788825027113e-03 
 pp_0006  6400873.337950662 1916231.939680671 1  3.07451190498396259229152427394638e-03 
 pp_0007  6404095.104937745 1917599.4986303835 1  2.75276786619570558792280401405606e-03 
 pp_0008  6395797.3629262075 1910275.0547941627 1  0.124768602898835137549049534300138475 
 pp_0009  6399019.129913291 1911642.6137438752 1  0.080060026923106944463093270769604715 
 pp_0010  6402240.896900374 1913010.1726935876 1  3.63294866489218600674737658096092e-03 
 pp_0011  6405462.663887458 1914377.7316433 1  3.54085525633951632429319289485647e-03 
 pp_0012  6397164.92187592 1907053.2878070793 1  0.088732678808079598620217609550309135 
 pp_0013  6400386.688863004 1908420.8467567917 1  0.160832574722616361562188558309571818 
 pp_0014  6403608.455850087 1909788.4057065041 1  0.173325228030088623887294829728489276 
 pp_0015  6406830.222837171 1911155.9646562166 1  3.10868462117685475862294275373188e-03 
 pp_0016  6398532.480825633 1903831.5208199956 1  0.077168618678711692338012539948977064 
 pp_0017  6401754.247812716 1905199.079769708 1  0.121391567201362002292874819886492332 
 pp_0018  6404976.0147998 1906566.6387194204 1  0.059977122674550693848249949269302306 
 pp_0019  6408197.781786883 1907934.1976691328 1  0.078007458429933021482050037320732372 
 pp_0020  6403121.806762429 1901977.3127826245 1  0.054162239301729121765394125986858853 
 pp_0021  6406343.573749512 1903344.871732337 1  0.052942611793520097385190581462666159 
 pp_0022  6409565.340736596 1904712.4306820494 1  0.084611383630759443019719867606909247 
 pp_0023  6412787.107723679 1906079.9896317618 1  0.238520109828296411613735017454018816 
 pp_0024  6404489.365712141 1898755.545795541 1  0.052607135070258909115281653612328228 
 pp_0025  6407711.132699224 1900123.1047452535 1  0.080486650719665459030593979150580708 
 pp_0026  6410932.899686308 1901490.663694966 1  0.073692327780720712215867251870804466 
 pp_0027  6414154.666673391 1902858.2226446783 1  0.087482634413227761127629378279380035 
 pp_0028  6405856.924661853 1895533.7788084575 1  3.691537470530455333772579251672141254 
 pp_0029  6409078.691648937 1896901.33775817 1  0.064827479978743107746907980981632136 
 pp_0030  6412300.45863602 1898268.8967078824 1  0.133405245738218408702024930789775681 
 pp_0031  6415522.225623104 1899636.4556575948 1  0.096176906613834864390177870063780574 
 pp_0032  6404002.716624483 1890944.4528716614 1  2.983497153560633385893652302911505103 
 pp_0033  6407224.483611566 1892312.0118213738 1  3.231444920633356421291182414279319346 
 pp_0034  6410446.2505986495 1893679.5707710863 1  0.062930443147809239645695811304904055 
 pp_0035  6413668.017585733 1895047.1297207987 1  0.103511772249034433857062253991898615 
 pp_0036  6408592.042561279 1889090.2448342904 1  3.708247803276886855883276439271867275 
 pp_0037  6411813.809548362 1890457.8037840028 1  0.055112885569036665356357218570337864 
 pp_0038  6415035.576535446 1891825.3627337152 1  0.071768757219795850654797675360896392 
 pp_0039  6413181.368498074 1887236.0367969193 1  0.040468821321130360457729580048180651 
 pp_0040  6416403.135485157 1888603.5957466317 1  0.071326129493857193253347759309690446 
 pp_0041  6411327.160460703 1882646.7108601234 1  4.592918938854812616057188279228284955 
 pp_0042  6414548.927447787 1884014.2698098356 1  3.123771190911260209333022430655546486 
 pp_0043  6417770.69443487 1885381.8287595483 1  0.133263288829294973547590075213520322 
 pp_0044  6412694.719410416 1879424.9438730397 1  3.30678022469781725950488393550586e-03 
 pp_0045  6415916.486397499 1880792.502822752 1  3.778319670227749060842370454338379204 
 pp_0046  6419138.253384583 1882160.0617724645 1  0.119835383927386629476785628867219202 
 pp_0047  6414062.278360128 1876203.1768859562 1  2.6367055543196338263101097254548221827 
 pp_0048  6417284.045347212 1877570.7358356686 1  4.4974803864293635413673655421007424593 
 pp_0049  6420505.812334295 1878938.294785381 1  1.6739087157481882250920079968636855483 
 pp_0050  6415429.837309841 1872981.4098988727 1  2.9608964962160477796260238392278552055 
 pp_0051  6418651.604296925 1874348.9688485852 1  1.3620244821402616164363053030683659017 
 pp_0052  6421873.371284008 1875716.5277982976 1  3.085178413357321514087772129641962e-03 
 pp_0053  6416797.396259553 1869759.642911789 1  3.8174367856406479226905048562912270427 
 pp_0054  6420019.163246636 1871127.2018615014 1  3.4066335491383461508974050957476720214 
 pp_0055  6423240.93023372 1872494.7608112139 1  1.6813273112290429978088468487840145826 
 pp_0056  6426462.697220803 1873862.3197609263 1  3.5550175972722075634635530150262638927 
 pp_0057  6418164.955209265 1866537.8759247055 1  3.3826058523026696356339471094543114305 
 pp_0058  6421386.722196349 1867905.434874418 1  2.9722600974671085083400612347759306431 
 pp_0059  6424608.489183432 1869272.9938241304 1  3.6556184131230491374253688263706862926 
 pp_0060  6427830.256170516 1870640.5527738428 1  3.1300497133690061701827289653010666370 
 pp_0061  6416310.747171895 1861948.5499879096 1  1.0152745145044186347860204477910883725 
 pp_0062  6419532.514158978 1863316.108937622 1  2.3219096835637191844625704106874763966 
 pp_0063  6422754.281146062 1864683.6678873345 1  4.1615250888573065424225205788388848305 
 pp_0064  6425976.048133145 1866051.226837047 1  4.9049265269880013562442400143481791019 
 pp_0065  6429197.815120229 1867418.7857867593 1  2.8231912717551077562916361785028129816 
 pp_0066  6432419.582107312 1868786.3447364718 1  3.1787978964770911005643938551656901836 
 pp_0067  6435641.349094396 1870153.9036861842 1  2.7644562688857843291145854891510680318 
 pp_0068  6414456.539134524 1857359.2240511137 1  2.4359192749313249848341911274474114180 
 pp_0069  6417678.306121607 1858726.7830008261 1  3.6484355332544162742181015346432104707 
 pp_0070  6420900.073108691 1860094.3419505386 1  3.343945860614587917841733499813017e-03 
 pp_0071  6424121.840095774 1861461.900900251 1  2.735925175968348561916787531345108e-03 
 pp_0072  6427343.607082858 1862829.4598499634 1  3.4393642307213698749990271608112379909 
 pp_0073  6430565.374069941 1864197.0187996759 1  0.3121333261789157043075704223156208172 
 pp_0074  6433787.141057025 1865564.5777493883 1  1.8263362388061465946265116144786588848 
 pp_0075  6437008.908044109 1866932.1366991007 1  1.0734867352932850881330750780762173235 
 pp_0076  6440230.675031193 1868299.6956488134 1  1.9096076124358658532287336129229515791 
 pp_0077  6415824.098084236 1854137.45706403 1  2.8041138660526003789641436014790087938 
 pp_0078  6419045.865071319 1855505.0160137424 1  4.4776387126728476317794047645293176174 
 pp_0079  6422267.6320584025 1856872.5749634549 1  3.564476140176135472020790828651116e-03 
 pp_0080  6425489.399045486 1858240.1339131673 1  0.3345064105080765015642896287317853421 
 pp_0081  6428711.1660325695 1859607.6928628797 1  1.9210500885838242002279230291605927050 
 pp_0082  6431932.933019653 1860975.2518125921 1  0.4323678423915792712328709512803470716 
 pp_0083  6435154.700006736 1862342.8107623046 1  0.9609700189224820165989626730151940137 
 pp_0084  6438376.466993821 1863710.369712017 1  1.2296771879882810729611719580134376884 
 pp_0085  6441598.233980904 1865077.9286617297 1  2.2031808318801822110799548681825399399 
 pp_0086  6420413.424021032 1852283.249026659 1  3.3167007685241589598490463686175644398 
 pp_0087  6423635.191008115 1853650.8079763714 1  4.8318761884019112429200504266191273928 
 pp_0088  6426856.957995199 1855018.3669260838 1  2.413482078044914495157380329715124e-03 
 pp_0089  6430078.724982282 1856385.9258757962 1  3.724166787270629004613642365484338e-03 
 pp_0090  6433300.491969366 1857753.4848255087 1  2.660067122525368223801001121842091e-03 
 pp_0091  6436522.258956449 1859121.043775221 1  2.5536874617993303715479669335763901472 
 pp_0092  6439744.0259435335 1860488.6027249335 1  1.6044921412712962460744847703608684242 
 pp_0093  6442965.792930617 1861856.1616746462 1  2.0372879160135566323219791229348629713 
 pp_0094  6425002.749957828 1850429.040989288 1  2.8491889158988947805539737601066008210 
 pp_0095  6428224.516944911 1851796.5999390003 1  3.153424344315094822455147749451498e-03 
 pp_0096  6431446.283931995 1853164.1588887128 1  3.1401032131903576782860909588634967804 
 pp_0097  6434668.050919078 1854531.7178384252 1  3.5646113506735170872730122937355190516 
 pp_0098  6437889.817906162 1855899.2767881376 1  2.6757032253624863926688703941181302071 
 pp_0099  6441111.584893246 1857266.83573785 1  0.9382758093720243719459972453478258103 
 pp_0100  6444333.35188033 1858634.3946875627 1  2.1336898789145406496459145273547619581 
 pp_0101  6426370.3089075405 1847207.2740022044 1  3.6462289769716225151796606951393187046 
 pp_0102  6429592.075894624 1848574.8329519168 1  2.9984841682068084089962667349027469754 
 pp_0103  6432813.8428817075 1849942.3919016293 1  3.180662334329342755268044129479676e-03 
 pp_0104  6436035.609868791 1851309.9508513417 1  0.1233919482272800849376181986372102983 
 pp_0105  6439257.376855874 1852677.5098010541 1  2.0797403283272735130537967052077874541 
 pp_0106  6442479.143842959 1854045.0687507666 1  1.3576770558471580319093163780053146183 
 pp_0107  6445700.910830042 1855412.6277004792 1  1.5197775432130935513441727380268275738 
 pp_0108  6427737.867857253 1843985.5070151207 1  1.7982545034173789133546961238607764244 
 pp_0109  6430959.634844337 1845353.0659648331 1  4.1238646440237243240289899404160678387 
 pp_0110  6434181.40183142 1846720.6249145456 1  0.1238471066801242748134370685875182971 
 pp_0111  6437403.168818504 1848088.183864258 1  0.3773297421817745633809693117655115202 
 pp_0112  6440624.935805587 1849455.7428139704 1  2.858223135898346842914685694836407e-03 
 pp_0113  6443846.7027926715 1850823.3017636829 1  1.8886380178119810402392886317102238536 
 pp_0114  6447068.469779755 1852190.8607133955 1  1.4837946396091472589517934466130100191 
 pp_0115  6450290.2367668385 1853558.419663108 1  1.6943470351996918754622356573236174881 
 pp_0116  6429105.426806965 1840763.7400280372 1  1.1611843503625067786089175569941289723 
 pp_0117  6432327.193794048 1842131.2989777497 1  0.1837505166593768612948167628928786144 
 pp_0118  6435548.960781132 1843498.857927462 1  0.1371183873314390511133353811601409689 
 pp_0119  6438770.727768215 1844866.4168771745 1  0.0985179944826116982259378573871799745 
 pp_0120  6441992.494755299 1846233.975826887 1  0.1065836650717228717422102590717258863 
 pp_0121  6445214.261742383 1847601.5347765994 1  2.1196660865835741383023105299798771739 
 pp_0122  6448436.028729467 1848969.093726312 1  1.9970043970711330860723364821751601994 
 pp_0123  6451657.79571655 1850336.6526760245 1  1.6926530935476440387077445848262868822 
 pp_0124  6454879.562703634 1851704.211625737 1  1.0395542789784095738525593333179131150 
 pp_0125  6433694.752743761 1838909.5319906662 1  0.1724527280840287557506229632053873502 
 pp_0126  6436916.519730845 1840277.0909403786 1  0.2473729136713942733383220229370635934 
 pp_0127  6440138.286717928 1841644.649890091 1  0.1231056690987558932537382361260824837 
 pp_0128  6443360.0537050115 1843012.2088398035 1  0.1316979073607647821031463308827369474 
 pp_0129  6446581.820692096 1844379.767789516 1  0.1480953082430724598861360163937206380 
 pp_0130  6449803.587679179 1845747.3267392286 1  1.7709018226239090498808081974857486784 
 pp_0131  6453025.354666263 1847114.885688941 1  2.1651678660462319037094403029186651111 
 pp_0132  6456247.121653346 1848482.4446386534 1  2.2042629206034787259227414324413985014 
 pp_0133  6435062.311693474 1835687.7650035827 1  0.2176937055008122123833658179137273692 
 pp_0134  6438284.078680557 1837055.3239532951 1  0.2250349524346410001740537154546473175 
 pp_0135  6441505.845667641 1838422.8829030076 1  0.2067275402056236166536962173267966136 
 pp_0136  6444727.612654724 1839790.44185272 1  0.1305137597863025855637886252225143835 
 pp_0137  6447949.379641809 1841158.0008024324 1  0.1785180630352341535349580681213410571 
 pp_0138  6451171.146628892 1842525.559752145 1  2.7133528100522279480344423063797876239 
 pp_0139  6454392.9136159755 1843893.1187018575 1  1.8116732141093425667577321291901171207 
 pp_0140  6457614.680603059 1845260.67765157 1  1.3097893173387840093369050009641796350 
 pp_0141  6436429.870643186 1832465.998016499 1  0.3273935161308745844799261703883530572 
 pp_0142  6439651.63763027 1833833.5569662114 1  0.1790436767633075410000031979507184587 
 pp_0143  6442873.404617353 1835201.1159159238 1  0.2809648349586493232266093400539830327 
 pp_0144  6446095.171604437 1836568.6748656363 1  0.2020173026008618422100227007831563242 
 pp_0145  6449316.938591521 1837936.2338153487 1  0.1646149349665359806760278615911374800 
 pp_0146  6452538.705578605 1839303.7927650614 1  0.1951574691052123389223282856619334780 
 pp_0147  6455760.472565688 1840671.3517147738 1  0.1202926731876419741418260400678263977 
 pp_0148  6434575.662605815 1827876.672079703 1  0.2652609550596611853734430042095482349 
 pp_0149  6437797.429592898 1829244.2310294155 1  0.1416633584180766458615607916726730764 
 pp_0150  6441019.196579982 1830611.789979128 1  0.1407504331030634825427938494613044895 
 pp_0151  6444240.963567065 1831979.3489288404 1  0.1640127367145327308417535050466540270 
 pp_0152  6447462.730554149 1833346.9078785528 1  0.1940839500953405460936807003236026503 
 pp_0153  6450684.497541233 1834714.4668282652 1  0.2346293977238553818409627638175152242 
 pp_0154  6453906.264528316 1836082.025777978 1  0.1945181907994386061311331559409154579 
 pp_0155  6457128.0315154 1837449.5847276903 1  0.3767852213507163483541262394282966852 
 pp_0156  6460349.798502483 1838817.1436774028 1  0.3631861592133195371090437220118474215 
 pp_0157  6432721.454568444 1823287.3461429072 1  0.1420454049877413749136678688955726102 
 pp_0158  6435943.221555527 1824654.9050926196 1  0.2503568545952538637600071069755358621 
 pp_0159  6439164.988542611 1826022.464042332 1  0.2397909685331583440337510637618834153 
 pp_0160  6442386.755529694 1827390.0229920445 1  0.1830659740824754910804017526970710605 
 pp_0161  6445608.522516778 1828757.581941757 1  0.1228736616265333619901767292503791396 
 pp_0162  6448830.289503861 1830125.1408914693 1  0.2126935545256713189221642323900596239 
 pp_0163  6452052.056490946 1831492.6998411817 1  0.2633709601941171540850916699127992615 
 pp_0164  6455273.823478029 1832860.2587908944 1  0.2478959650850956208945063963255961426 
 pp_0165  6458495.590465113 1834227.8177406068 1  0.1207863851932942239608692602814699057 
 pp_0166  6461717.357452196 1835595.3766903193 1  0.1507676092617689922459334184168255888 
 pp_0167  6434089.0135181565 1820065.5791558234 1  0.1352179063756554500130846463434863836 
 pp_0168  6437310.78050524 1821433.1381055359 1  0.1435571788409794047325362953415606171 
 pp_0169  6440532.547492323 1822800.6970552483 1  0.1974301802339013811593559921675478108 
 pp_0170  6443754.314479407 1824168.2560049607 1  0.1975172723461369461706027550462749787 
 pp_0171  6446976.08146649 1825535.8149546732 1  0.2700487181743592701721468074538279325 
 pp_0172  6450197.848453574 1826903.3739043856 1  0.3103200145038047530476887914119288325 
 pp_0173  6453419.615440658 1828270.932854098 1  0.1865826124032151089870978921680944040 
 pp_0174  6456641.382427742 1829638.4918038107 1  0.2551733600554850767139214440248906612 
 pp_0175  6459863.149414825 1831006.0507535231 1  0.2968663907354843201069627411925466731 
 pp_0176  6463084.916401909 1832373.6097032356 1  0.2334699944783250602498014814045745879 
 pp_0177  6435456.572467869 1816843.81216874 1  0.1978280398696108111078473257293808274 
 pp_0178  6438678.339454953 1818211.3711184524 1  0.2073437605139417105881705083447741345 
 pp_0179  6441900.106442036 1819578.9300681648 1  0.2607832582567030099696125944319646806 
 pp_0180  6445121.87342912 1820946.4890178773 1  0.1806978677825052947980566386831924319 
 pp_0181  6448343.640416203 1822314.0479675897 1  0.1185430647024561801039510555710876361 
 pp_0182  6451565.407403287 1823681.6069173021 1  0.1665416601938457252796155216856277548 
 pp_0183  6454787.174390371 1825049.1658670146 1  0.1460776092784214219566507608760730363 
 pp_0184  6458008.941377454 1826416.7248167272 1  0.2785213267256670954807873386016581208 
 pp_0185  6461230.708364538 1827784.2837664397 1  0.2420017388798605395550112007185816765 
 pp_0186  6464452.475351621 1829151.842716152 1  0.2405027712904906078694722282307338901 
 pp_0187  6436824.131417582 1813622.0451816565 1  0.2035351944179513150601223969715647399 
 pp_0188  6440045.898404665 1814989.604131369 1  0.1637793136254858117339949785673525184 
 pp_0189  6443267.665391749 1816357.1630810814 1  0.1540338544883922133887921290806843899 
 pp_0190  6446489.432378832 1817724.7220307938 1  0.2497732821128554603351545893019647337 
 pp_0191  6449711.199365916 1819092.2809805062 1  0.1674098183960815444670799934101523831 
 pp_0192  6452932.966352999 1820459.8399302186 1  0.1440501317030164762922339605211163871 
 pp_0193  6456154.733340084 1821827.398879931 1  0.1325464472534798043845682968822075054 
 pp_0194  6459376.500327167 1823194.9578296437 1  0.1887513853898708238165937700614449568 
 pp_0195  6462598.267314251 1824562.5167793562 1  0.2785995048521192618551367559120990336 
 pp_0196  6465820.034301334 1825930.0757290686 1  0.1209711066177463351101195598857884761 
 pp_0197  6438191.690367294 1810400.278194573 1  0.2416528564796964484440167098000529222 
 pp_0198  6441413.457354377 1811767.8371442854 1  0.1078140299636855814480185244974563830 
 pp_0199  6444635.2243414605 1813135.3960939979 1  0.2395324822162787359314251034447806887 
 pp_0200  6447856.991328544 1814502.9550437103 1  0.1531936306133367953208335165982134640 
 pp_0201  6451078.758315627 1815870.5139934227 1  0.1998600761508891876516713637101929635 
 pp_0202  6454300.525302711 1817238.0729431352 1  0.1208390393808286555898945380249642767 
 pp_0203  6457522.292289795 1818605.6318928476 1  0.2007960436394743142241026134797721170 
 pp_0204  6460744.059276879 1819973.1908425603 1  0.2994173966832716637931355307955527678 
 pp_0205  6463965.826263962 1821340.7497922727 1  0.3772409153825371230794871735270135105 
 pp_0206  6467187.593251046 1822708.3087419851 1  0.2626150707227077329974918029620312154 
 pp_0207  6439559.249317006 1807178.5112074893 1  0.1460207810046819654203886784671340138 
 pp_0208  6442781.01630409 1808546.0701572017 1  0.2757383323342429415347965004912111908 
 pp_0209  6446002.783291173 1809913.6291069142 1  0.3039526300584904916490813775453716516 
 pp_0210  6449224.550278257 1811281.1880566266 1  0.2623622163397146822561012413643766195 
 pp_0211  6452446.31726534 1812648.747006339 1  0.1387770526982398666682172461150912568 
 pp_0212  6455668.084252424 1814016.3059560515 1  0.3042723457551389509845307657087687403 
 pp_0213  6458889.851239508 1815383.8649057639 1  0.3614793264153486895828848446399206296 
 pp_0214  6462111.6182265915 1816751.4238554765 1  0.0982385668177220006125338613856001757 
 pp_0215  6465333.385213675 1818118.982805189 1  0.2430532531227538040052849055427941494 
 pp_0216  6468555.152200758 1819486.5417549014 1  0.1936380694461798668282170865495572798 
 pp_0217  6440926.808266719 1803956.7442204058 1  0.1732642651586676074693116333946818486 
 pp_0218  6444148.575253802 1805324.3031701182 1  0.1748492654153942227335249981479137205 
 pp_0219  6447370.342240886 1806691.8621198307 1  0.2069853481649029935951489278522785753 
 pp_0220  6450592.109227969 1808059.421069543 1  0.2757222746305508231934311424993211403 
 pp_0221  6453813.876215053 1809426.9800192555 1  0.1962226940574571809605686212307773530 
 pp_0222  6457035.643202136 1810794.538968968 1  0.1715805538407488006757972698324010707 
 pp_0223  6460257.410189221 1812162.0979186804 1  0.1756916257540375170265178894624114037 
 pp_0224  6463479.177176304 1813529.656868393 1  0.2123464497890741042862572385274688713 
 pp_0225  6466700.944163388 1814897.2158181055 1  0.2648836998680773602288240908819716424 
 pp_0226  6469922.711150471 1816264.774767818 1  0.1233675853178903547568978638082626276 
 pp_0227  6442294.367216432 1800734.9772333223 1  0.2243001490576192746839723213270190172 
 pp_0228  6445516.134203515 1802102.5361830348 1  0.0731435332297146467706028261090978049 
 pp_0229  6448737.9011905985 1803470.0951327472 1  0.1350326126716639985048118433041963726 
 pp_0230  6451959.668177682 1804837.6540824596 1  0.2761169234030712016370046058000298217 
 pp_0231  6455181.435164765 1806205.213032172 1  0.1187483673734825856405095123591308948 
 pp_0232  6458403.202151849 1807572.7719818845 1  0.1768235679710005170406361685309093446 
 pp_0233  6461624.969138933 1808940.330931597 1  0.1912996601929813633713450826689950190 
 pp_0234  6464846.736126017 1810307.8898813096 1  0.0592100901396984818925162130653916392 
 pp_0235  6468068.5031131 1811675.448831022 1  0.0795686168394394849334716468547412660 
 pp_0236  6471290.270100184 1813043.0077807344 1  0.3261349916163025497439775790553539991 
 pp_0237  6443661.926166143 1797513.2102462389 1  0.1952373188749190191515481274109333754 
 pp_0238  6446883.693153227 1798880.7691959513 1  0.3816320834587245136582112081669038162 
 pp_0239  6450105.46014031 1800248.3281456637 1  0.1317711221464618331911111681620241143 
 pp_0240  6453327.227127394 1801615.8870953762 1  0.1650468245987561644039232078284840100 
 pp_0241  6456548.994114477 1802983.4460450886 1  0.2406681522399788109023432980393408798 
 pp_0242  6459770.761101561 1804351.004994801 1  0.1385314390490101632558150868135271594 
 pp_0243  6462992.528088645 1805718.5639445134 1  0.0522232986145536454136717452456650790 
 pp_0244  6466214.295075729 1807086.122894226 1  0.4058940001197286484568849118659272790 
 pp_0245  6469436.062062812 1808453.6818439385 1  0.1067231869437463565031265488869394176 
 pp_0246  6472657.8290498955 1809821.240793651 1  0.1344988306347676410013036729651503265 
