 pp_0000  6398138.220051237 1922675.4736548383 1  0.19543269996975984326148534364619991 
 pp_0001  6393062.245026783 1916718.5887683297 1  4.307706510294670998462152056163176894 
 pp_0002  6396284.012013867 1918086.1477180421 1  0.163424040595478353710134911125351209 
 pp_0003  6399505.77900095 1919453.7066677546 1  0.153542771764448693350146868397132494 
 pp_0004  6394429.803976495 1913496.8217812462 1  5.087916861089034625820204382762312889 
 pp_0005  6397651.570963578 1914864.3807309587 1  0.203093405229294587943655869821668603 
 pp_0006  6400873.337950662 1916231.939680671 1  0.157832112459410089932987375505035743 
 pp_0007  6404095.104937745 1917599.4986303835 1  0.171563378659070564502542310947319493 
 pp_0008  6395797.3629262075 1910275.0547941627 1  5.092688624728028301547055889386683702 
 pp_0009  6399019.129913291 1911642.6137438752 1  4.215416439495098366307956894161179662 
 pp_0010  6402240.896900374 1913010.1726935876 1  0.139770908933655568784359957135166042 
 pp_0011  6405462.663887458 1914377.7316433 1  0.163900101669721381947297800252272282 
 pp_0012  6397164.92187592 1907053.2878070793 1  4.854023191337480724882880167569965124 
 pp_0013  6400386.688863004 1908420.8467567917 1  5.837939500535612502574167592683807015 
 pp_0014  6403608.455850087 1909788.4057065041 1  5.196825828733446783758154197130352259 
 pp_0015  6406830.222837171 1911155.9646562166 1  0.142840123494900161915666103595867753 
 pp_0016  6398532.480825633 1903831.5208199956 1  4.275292821489204975193842983571812510 
 pp_0017  6401754.247812716 1905199.079769708 1  4.818031596479725564563523221295326948 
 pp_0018  6404976.0147998 1906566.6387194204 1  5.805395675703754143626156292157247663 
 pp_0019  6408197.781786883 1907934.1976691328 1  4.315159851205876861968135926872491837 
 pp_0020  6403121.806762429 1901977.3127826245 1  4.761523554329786023231463332194834948 
 pp_0021  6406343.573749512 1903344.871732337 1  4.986633910748831333137331967009231448 
 pp_0022  6409565.340736596 1904712.4306820494 1  5.453456066756622533375775674358010292 
 pp_0023  6412787.107723679 1906079.9896317618 1  2.513463743067877675940735571202822030 
 pp_0024  6404489.365712141 1898755.545795541 1  5.743937999528609950061763811390846968 
 pp_0025  6407711.132699224 1900123.1047452535 1  4.378315253398855411148815619526430964 
 pp_0026  6410932.899686308 1901490.663694966 1  4.104572691142732487890043557854369283 
 pp_0027  6414154.666673391 1902858.2226446783 1  4.205067110285998666086015873588621616 
 pp_0028  6405856.924661853 1895533.7788084575 1  0.176078000651488431049784821880166419 
 pp_0029  6409078.691648937 1896901.33775817 1  3.661862017551480885657610997441224754 
 pp_0030  6412300.45863602 1898268.8967078824 1  4.265823330561974380259471217868849635 
 pp_0031  6415522.225623104 1899636.4556575948 1  3.874709611275486853543270626687444746 
 pp_0032  6404002.716624483 1890944.4528716614 1  0.175357510702955243786504979652818292 
 pp_0033  6407224.483611566 1892312.0118213738 1  0.165908059387161577191704964207019657 
 pp_0034  6410446.2505986495 1893679.5707710863 1  7.645877610540535052052746323170140386 
 pp_0035  6413668.017585733 1895047.1297207987 1  4.940151219536613957927784213097766042 
 pp_0036  6408592.042561279 1889090.2448342904 1  0.119619827988892826753364317937666783 
 pp_0037  6411813.809548362 1890457.8037840028 1  5.935495969876745547821883519645780325 
 pp_0038  6415035.576535446 1891825.3627337152 1  4.661791573670465815837360423756763339 
 pp_0039  6413181.368498074 1887236.0367969193 1  5.956820459286114477492901642108336091 
 pp_0040  6416403.135485157 1888603.5957466317 1  3.166009363216294225651381566422060132 
 pp_0041  6411327.160460703 1882646.7108601234 1  0.100360442716476719327012290250422666 
 pp_0042  6414548.927447787 1884014.2698098356 1  0.146398148255137111606316580036946107 
 pp_0043  6417770.69443487 1885381.8287595483 1  3.586956188820966229258146995562128723 
 pp_0044  6412694.719410416 1879424.9438730397 1  0.177113813286699534055301796797721181 
 pp_0045  6415916.486397499 1880792.502822752 1  0.144496862627083694219365384014963638 
 pp_0046  6419138.253384583 1882160.0617724645 1  5.595083173090346306821629696059972048 
 pp_0047  6414062.278360128 1876203.1768859562 1  0.1593253855872400481796802296230453067 
 pp_0048  6417284.045347212 1877570.7358356686 1  0.1769161691589883900199708932632347569 
 pp_0049  6420505.812334295 1878938.294785381 1  0.2273275034651250636752450873245834373 
 pp_0050  6415429.837309841 1872981.4098988727 1  0.1012546398413868148358218945759290364 
 pp_0051  6418651.604296925 1874348.9688485852 1  0.1482554694552022933606849619536660612 
 pp_0052  6421873.371284008 1875716.5277982976 1  0.1467071565251722164990866303924121894 
 pp_0053  6416797.396259553 1869759.642911789 1  0.1247299550276238233603720573228201829 
 pp_0054  6420019.163246636 1871127.2018615014 1  0.1483428890330514005047035652751219459 
 pp_0055  6423240.93023372 1872494.7608112139 1  0.1405256887439825796981551775388652459 
 pp_0056  6426462.697220803 1873862.3197609263 1  1.6613731285327522080308426666306331754 
 pp_0057  6418164.955209265 1866537.8759247055 1  0.1667822373789655809872556346817873418 
 pp_0058  6421386.722196349 1867905.434874418 1  0.2658840742620435793064359586423961446 
 pp_0059  6424608.489183432 1869272.9938241304 1  1.5105649955435209719212252821307629347 
 pp_0060  6427830.256170516 1870640.5527738428 1  1.1638532213097843026616828865371644497 
 pp_0061  6416310.747171895 1861948.5499879096 1  0.1500823689727623921896793035557493567 
 pp_0062  6419532.514158978 1863316.108937622 1  0.1626036373720043670676460578761179931 
 pp_0063  6422754.281146062 1864683.6678873345 1  0.1718414049372389285075257703283568844 
 pp_0064  6425976.048133145 1866051.226837047 1  0.7473266049610641781342224021500442177 
 pp_0065  6429197.815120229 1867418.7857867593 1  0.7285373529889056509745159928570501506 
 pp_0066  6432419.582107312 1868786.3447364718 1  0.8767233149726126884004884232126642019 
 pp_0067  6435641.349094396 1870153.9036861842 1  0.7942659316246486467250065288681071252 
 pp_0068  6414456.539134524 1857359.2240511137 1  0.1644687641003471922918066638885647990 
 pp_0069  6417678.306121607 1858726.7830008261 1  0.1138191699325942773945996577822370455 
 pp_0070  6420900.073108691 1860094.3419505386 1  0.2060802223758199935854662498968536966 
 pp_0071  6424121.840095774 1861461.900900251 1  0.1689147729927795993365435833766241558 
 pp_0072  6427343.607082858 1862829.4598499634 1  0.1230906207226890453076961762235441711 
 pp_0073  6430565.374069941 1864197.0187996759 1  0.0926792303536119466134124422751483507 
 pp_0074  6433787.141057025 1865564.5777493883 1  0.1271410108801050709015356687814346515 
 pp_0075  6437008.908044109 1866932.1366991007 1  0.1477472533028270917920821148072718643 
 pp_0076  6440230.675031193 1868299.6956488134 1  0.1561480238811035758939027573433122598 
 pp_0077  6415824.098084236 1854137.45706403 1  0.1199166312036972076304763845655543264 
 pp_0078  6419045.865071319 1855505.0160137424 1  0.2169780361222266029663785502634709701 
 pp_0079  6422267.6320584025 1856872.5749634549 1  0.1406980564648758480483792254744912498 
 pp_0080  6425489.399045486 1858240.1339131673 1  0.2149787911788972882831671995518263429 
 pp_0081  6428711.1660325695 1859607.6928628797 1  0.1868313625108420084064420052527566440 
 pp_0082  6431932.933019653 1860975.2518125921 1  0.1598941276880641859658993553239270113 
 pp_0083  6435154.700006736 1862342.8107623046 1  0.1523618253542415035273194234832772054 
 pp_0084  6438376.466993821 1863710.369712017 1  0.2502550913365260143450541363563388586 
 pp_0085  6441598.233980904 1865077.9286617297 1  0.1942237039061252834581949855419225059 
 pp_0086  6420413.424021032 1852283.249026659 1  0.1246505890974217989342065493474365212 
 pp_0087  6423635.191008115 1853650.8079763714 1  0.1274839075730434256872314335851115175 
 pp_0088  6426856.957995199 1855018.3669260838 1  0.1231375035059374539736509746035153512 
 pp_0089  6430078.724982282 1856385.9258757962 1  0.1376812792365457727150612754485337064 
 pp_0090  6433300.491969366 1857753.4848255087 1  0.1312212723330323238535299879004014656 
 pp_0091  6436522.258956449 1859121.043775221 1  0.1665130937260451415848905298844329081 
 pp_0092  6439744.0259435335 1860488.6027249335 1  0.2390952202376722401933051287414855324 
 pp_0093  6442965.792930617 1861856.1616746462 1  0.1790782915424087573530442796254646964 
 pp_0094  6425002.749957828 1850429.040989288 1  0.1797758905487823466451402509846957400 
 pp_0095  6428224.516944911 1851796.5999390003 1  0.1264762865948943215688160535137285478 
 pp_0096  6431446.283931995 1853164.1588887128 1  0.2024502697715076793283373035592376254 
 pp_0097  6434668.050919078 1854531.7178384252 1  0.1785294106836513849945191623191931285 
 pp_0098  6437889.817906162 1855899.2767881376 1  0.1996721701903970969116386413588770665 
 pp_0099  6441111.584893246 1857266.83573785 1  0.1732004867782110379970106350810965523 
 pp_0100  6444333.35188033 1858634.3946875627 1  0.1062235493857208862289454032179492060 
 pp_0101  6426370.3089075405 1847207.2740022044 1  0.1872590283687406986778967166173970327 
 pp_0102  6429592.075894624 1848574.8329519168 1  0.1981640313053657509456684238102752715 
 pp_0103  6432813.8428817075 1849942.3919016293 1  0.1505539138205758964428326862616813742 
 pp_0104  6436035.609868791 1851309.9508513417 1  0.1653593068025535073317655587743502110 
 pp_0105  6439257.376855874 1852677.5098010541 1  0.1376795134260766495515326823806390166 
 pp_0106  6442479.143842959 1854045.0687507666 1  0.2517830310725723275133702827588422224 
 pp_0107  6445700.910830042 1855412.6277004792 1  0.1776626901681887804596016167124616913 
 pp_0108  6427737.867857253 1843985.5070151207 1  0.1508233676899599640108817766304127872 
 pp_0109  6430959.634844337 1845353.0659648331 1  0.1868470160964309789708437392619089223 
 pp_0110  6434181.40183142 1846720.6249145456 1  0.1567407366552288905392487095014075749 
 pp_0111  6437403.168818504 1848088.183864258 1  0.1600985904327857645146337972619221546 
 pp_0112  6440624.935805587 1849455.7428139704 1  0.1260434696876846782931380630543571897 
 pp_0113  6443846.7027926715 1850823.3017636829 1  0.1209785416190895801502591666576336138 
 pp_0114  6447068.469779755 1852190.8607133955 1  0.1895553966083798336228483094600960612 
 pp_0115  6450290.2367668385 1853558.419663108 1  0.1547610249707712104516588169644819573 
 pp_0116  6429105.426806965 1840763.7400280372 1  0.1760268746463863054341203451258479618 
 pp_0117  6432327.193794048 1842131.2989777497 1  0.1680797779393313484685990033540292643 
 pp_0118  6435548.960781132 1843498.857927462 1  0.2360860149667244889393202811334049329 
 pp_0119  6438770.727768215 1844866.4168771745 1  0.1967763620302410421114558403132832609 
 pp_0120  6441992.494755299 1846233.975826887 1  0.1222175302197619634059222448740911204 
 pp_0121  6445214.261742383 1847601.5347765994 1  0.2249925404614850632523115336880437098 
 pp_0122  6448436.028729467 1848969.093726312 1  0.1764436163020857706307253920385846868 
 pp_0123  6451657.79571655 1850336.6526760245 1  0.1240125726796781902017130505555542186 
 pp_0124  6454879.562703634 1851704.211625737 1  0.1914447498588560669929847790626809001 
 pp_0125  6433694.752743761 1838909.5319906662 1  0.1962152817956377415242741335532628000 
 pp_0126  6436916.519730845 1840277.0909403786 1  0.1576458712614424717557426447456236929 
 pp_0127  6440138.286717928 1841644.649890091 1  0.1951643811208280121505254101066384465 
 pp_0128  6443360.0537050115 1843012.2088398035 1  0.1501556198143889631069214374292641878 
 pp_0129  6446581.820692096 1844379.767789516 1  0.1414615672989525396729959538788534701 
 pp_0130  6449803.587679179 1845747.3267392286 1  0.1582038850542853702929591008796705864 
 pp_0131  6453025.354666263 1847114.885688941 1  0.2249869493014372834327474492965848185 
 pp_0132  6456247.121653346 1848482.4446386534 1  0.1998076506994753975821055291817174293 
 pp_0133  6435062.311693474 1835687.7650035827 1  0.1836295122014253988762533253975561820 
 pp_0134  6438284.078680557 1837055.3239532951 1  0.1743517619417422337413370314607163891 
 pp_0135  6441505.845667641 1838422.8829030076 1  0.1296175530202831327475365696955122985 
 pp_0136  6444727.612654724 1839790.44185272 1  0.1558641598116742299495740553538780659 
 pp_0137  6447949.379641809 1841158.0008024324 1  0.1780122634883959387153140596637967974 
 pp_0138  6451171.146628892 1842525.559752145 1  0.1238486642094832751448407748284807894 
 pp_0139  6454392.9136159755 1843893.1187018575 1  0.2327302122275041185162081092130392790 
 pp_0140  6457614.680603059 1845260.67765157 1  0.1659664505368158293752145482358173467 
 pp_0141  6436429.870643186 1832465.998016499 1  0.1258356504427337874130188311028177850 
 pp_0142  6439651.63763027 1833833.5569662114 1  0.2591724447740607617518548977386672050 
 pp_0143  6442873.404617353 1835201.1159159238 1  0.1674591465215296559598812109470600262 
 pp_0144  6446095.171604437 1836568.6748656363 1  0.2112537341683911884526736457701190375 
 pp_0145  6449316.938591521 1837936.2338153487 1  0.2058160288235124923961194554067333229 
 pp_0146  6452538.705578605 1839303.7927650614 1  0.1962142407854459702498672868387075141 
 pp_0147  6455760.472565688 1840671.3517147738 1  0.1213328997629940786406876895853201859 
 pp_0148  6434575.662605815 1827876.672079703 1  0.1817032215704098285780077048912062310 
 pp_0149  6437797.429592898 1829244.2310294155 1  0.1538633753087159938832684247245197184 
 pp_0150  6441019.196579982 1830611.789979128 1  0.1803512318309632433965816744603216648 
 pp_0151  6444240.963567065 1831979.3489288404 1  0.1540551480596274447343319025094388053 
 pp_0152  6447462.730554149 1833346.9078785528 1  0.2133968358856686009517034108284860849 
 pp_0153  6450684.497541233 1834714.4668282652 1  0.1997126451124530133185430713638197631 
 pp_0154  6453906.264528316 1836082.025777978 1  0.1488054757811039796600027784734265879 
 pp_0155  6457128.0315154 1837449.5847276903 1  0.2058967111914165315500468977916170843 
 pp_0156  6460349.798502483 1838817.1436774028 1  0.1850527287447001345555008811061270535 
 pp_0157  6432721.454568444 1823287.3461429072 1  0.2566719856273983468852861733466852456 
 pp_0158  6435943.221555527 1824654.9050926196 1  0.1631886774708631859809315756137948483 
 pp_0159  6439164.988542611 1826022.464042332 1  0.1776306964981766156608244955350528471 
 pp_0160  6442386.755529694 1827390.0229920445 1  0.1001895764751758038935136596592201386 
 pp_0161  6445608.522516778 1828757.581941757 1  0.1274089895382420900560305199178401381 
 pp_0162  6448830.289503861 1830125.1408914693 1  0.1515505981827196535505208885297179222 
 pp_0163  6452052.056490946 1831492.6998411817 1  0.1392123521102229255497206850122893229 
 pp_0164  6455273.823478029 1832860.2587908944 1  0.1362478982546306560674764796203817241 
 pp_0165  6458495.590465113 1834227.8177406068 1  0.2159907952215323612144004528090590611 
 pp_0166  6461717.357452196 1835595.3766903193 1  0.1027115795922876329004935769262374379 
 pp_0167  6434089.0135181565 1820065.5791558234 1  0.1590752149538040838283592393054277636 
 pp_0168  6437310.78050524 1821433.1381055359 1  0.2523229905425123376083718085283180699 
 pp_0169  6440532.547492323 1822800.6970552483 1  0.1244909813763001027453469760075677186 
 pp_0170  6443754.314479407 1824168.2560049607 1  0.1774590084327013761456015572548494674 
 pp_0171  6446976.08146649 1825535.8149546732 1  0.1785738911099788994718551293772179633 
 pp_0172  6450197.848453574 1826903.3739043856 1  0.2121496691290885860947668106746277772 
 pp_0173  6453419.615440658 1828270.932854098 1  0.2489514617767533410930269610616960563 
 pp_0174  6456641.382427742 1829638.4918038107 1  0.2002717972477404961839653196875588037 
 pp_0175  6459863.149414825 1831006.0507535231 1  0.1159474941637874401134666868529166095 
 pp_0176  6463084.916401909 1832373.6097032356 1  0.1852271960105209280822435857771779411 
 pp_0177  6435456.572467869 1816843.81216874 1  0.1529228094419468331199851718338322826 
 pp_0178  6438678.339454953 1818211.3711184524 1  0.1625238514936404865540708897242438979 
 pp_0179  6441900.106442036 1819578.9300681648 1  0.0980794007690789920728136053185153287 
 pp_0180  6445121.87342912 1820946.4890178773 1  0.1649070466256917499858758446862339042 
 pp_0181  6448343.640416203 1822314.0479675897 1  0.1559052704953529377984722259498084895 
 pp_0182  6451565.407403287 1823681.6069173021 1  0.1251523631449251716674098133808001876 
 pp_0183  6454787.174390371 1825049.1658670146 1  0.1323870707607309182840538142045261338 
 pp_0184  6458008.941377454 1826416.7248167272 1  0.2295702021335475351282440215072710998 
 pp_0185  6461230.708364538 1827784.2837664397 1  0.1608702813359006444926535550621338189 
 pp_0186  6464452.475351621 1829151.842716152 1  0.1627554064871518102464165167475584894 
 pp_0187  6436824.131417582 1813622.0451816565 1  0.1611983976961265385696719931729603559 
 pp_0188  6440045.898404665 1814989.604131369 1  0.1836603080810911281517405768681783229 
 pp_0189  6443267.665391749 1816357.1630810814 1  0.2083983919595213396558364138400065713 
 pp_0190  6446489.432378832 1817724.7220307938 1  0.1469725088287775205397878153235069476 
 pp_0191  6449711.199365916 1819092.2809805062 1  0.1642783429267234140969122790920664556 
 pp_0192  6452932.966352999 1820459.8399302186 1  0.2481562271219680260170292740440345369 
 pp_0193  6456154.733340084 1821827.398879931 1  0.1755820592378340705419503819939563982 
 pp_0194  6459376.500327167 1823194.9578296437 1  0.1797033741442214394012921729881782085 
 pp_0195  6462598.267314251 1824562.5167793562 1  0.2315494513675527554763533544246456586 
 pp_0196  6465820.034301334 1825930.0757290686 1  0.2440148122838471100859436546670622192 
 pp_0197  6438191.690367294 1810400.278194573 1  0.1381387323100914110707293502855463885 
 pp_0198  6441413.457354377 1811767.8371442854 1  0.1525720080791334309910922684139222838 
 pp_0199  6444635.2243414605 1813135.3960939979 1  0.1620155114807267648924238301333389245 
 pp_0200  6447856.991328544 1814502.9550437103 1  0.1667452863093546455708349185442784801 
 pp_0201  6451078.758315627 1815870.5139934227 1  0.1955265968321640568383656955120386556 
 pp_0202  6454300.525302711 1817238.0729431352 1  0.2230388947172119440409687740611843765 
 pp_0203  6457522.292289795 1818605.6318928476 1  0.1447191907068347827003407246593269520 
 pp_0204  6460744.059276879 1819973.1908425603 1  0.1504426254379143124140227882890030742 
 pp_0205  6463965.826263962 1821340.7497922727 1  0.1736361637460746842887004959266050719 
 pp_0206  6467187.593251046 1822708.3087419851 1  0.2093038082350008599608059967067674734 
 pp_0207  6439559.249317006 1807178.5112074893 1  0.1827620402157212331495372836798196658 
 pp_0208  6442781.01630409 1808546.0701572017 1  0.2567659072049212620747482560545904562 
 pp_0209  6446002.783291173 1809913.6291069142 1  0.1310714857335426308804215977943385951 
 pp_0210  6449224.550278257 1811281.1880566266 1  0.1580119536302534710703326936709345318 
 pp_0211  6452446.31726534 1812648.747006339 1  0.2425847169026312810657941554381977767 
 pp_0212  6455668.084252424 1814016.3059560515 1  0.1576277859234758715878399470966542140 
 pp_0213  6458889.851239508 1815383.8649057639 1  0.1099316593428762839357304414988902863 
 pp_0214  6462111.6182265915 1816751.4238554765 1  0.2556127406491910392105637583881616592 
 pp_0215  6465333.385213675 1818118.982805189 1  0.1578599711931414073529111874449881725 
 pp_0216  6468555.152200758 1819486.5417549014 1  0.1533997437167272104296955603786045685 
 pp_0217  6440926.808266719 1803956.7442204058 1  0.1007302554461785848438637458457378671 
 pp_0218  6444148.575253802 1805324.3031701182 1  0.1692124764954089088941913132657646202 
 pp_0219  6447370.342240886 1806691.8621198307 1  0.1869091289251607890253836785632302053 
 pp_0220  6450592.109227969 1808059.421069543 1  0.1865359470139152098244750277444836684 
 pp_0221  6453813.876215053 1809426.9800192555 1  0.1692571647610287000063067353039514273 
 pp_0222  6457035.643202136 1810794.538968968 1  0.1196877378093371968592606435777270235 
 pp_0223  6460257.410189221 1812162.0979186804 1  0.1783030587157647672835736329943756573 
 pp_0224  6463479.177176304 1813529.656868393 1  0.1554585861255908252331892072106711566 
 pp_0225  6466700.944163388 1814897.2158181055 1  0.1502392366911432519671620866574812680 
 pp_0226  6469922.711150471 1816264.774767818 1  0.1717244473747534805330161589154158719 
 pp_0227  6442294.367216432 1800734.9772333223 1  0.1060516064822471515860513591178460047 
 pp_0228  6445516.134203515 1802102.5361830348 1  0.2279999605620668112759830137292738073 
 pp_0229  6448737.9011905985 1803470.0951327472 1  0.2276471035494679606703272156664752401 
 pp_0230  6451959.668177682 1804837.6540824596 1  0.1273383947387481951452059547591488808 
 pp_0231  6455181.435164765 1806205.213032172 1  0.1275129136383623684736221548519097269 
 pp_0232  6458403.202151849 1807572.7719818845 1  0.0968542892580779024580550640166620724 
 pp_0233  6461624.969138933 1808940.330931597 1  0.1498849384303176657251555070615722798 
 pp_0234  6464846.736126017 1810307.8898813096 1  0.1698469831786544315122000625706277788 
 pp_0235  6468068.5031131 1811675.448831022 1  0.1536322959962068690487058120197616518 
 pp_0236  6471290.270100184 1813043.0077807344 1  0.1381303411265672187457909103613928892 
 pp_0237  6443661.926166143 1797513.2102462389 1  0.1612985560917447325213203157545649447 
 pp_0238  6446883.693153227 1798880.7691959513 1  0.2085780390984096899220645582317956723 
 pp_0239  6450105.46014031 1800248.3281456637 1  0.1403563197769513160029219989155535586 
 pp_0240  6453327.227127394 1801615.8870953762 1  0.1454193121225786089478759777193772607 
 pp_0241  6456548.994114477 1802983.4460450886 1  0.2714502165772164077317540886724600568 
 pp_0242  6459770.761101561 1804351.004994801 1  0.1817342273734911251015233801808790304 
 pp_0243  6462992.528088645 1805718.5639445134 1  0.2932158166008195232521416073723230511 
 pp_0244  6466214.295075729 1807086.122894226 1  0.1750133033805269522353853517415700480 
 pp_0245  6469436.062062812 1808453.6818439385 1  0.1372573131187324046997844106954289600 
 pp_0246  6472657.8290498955 1809821.240793651 1  0.1795723514375823781641372534068068489 
