 pp_0000  6398138.220051237 1922675.4736548383 4  1.9337504759225345429536711133744e-06 
 pp_0001  6393062.245026783 1916718.5887683297 5  2.05570361061487967639085580606739e-06 
 pp_0002  6396284.012013867 1918086.1477180421 4  2.14937560082902684728653648627006e-06 
 pp_0003  6399505.77900095 1919453.7066677546 4  1.85350459513693363544325262010082e-06 
 pp_0004  6394429.803976495 1913496.8217812462 5  1.66321307465198752659457214625460e-06 
 pp_0005  6397651.570963578 1914864.3807309587 4  2.19806665390984109882612125563828e-06 
 pp_0006  6400873.337950662 1916231.939680671 4  2.31056771205104700476194203029312e-06 
 pp_0007  6404095.104937745 1917599.4986303835 4  2.23274297835879687989385500301864e-06 
 pp_0008  6395797.3629262075 1910275.0547941627 5  1.84884945549335933987042564219383e-06 
 pp_0009  6399019.129913291 1911642.6137438752 5  2.00949933170044521001692920669779e-06 
 pp_0010  6402240.896900374 1913010.1726935876 4  2.19974971090986161047762560694085e-06 
 pp_0011  6405462.663887458 1914377.7316433 4  2.11552495808542837394858847355206e-06 
 pp_0012  6397164.92187592 1907053.2878070793 5  1.77415700538444441972942781232669e-06 
 pp_0013  6400386.688863004 1908420.8467567917 5  2.24493329272483950069571115304434e-06 
 pp_0014  6403608.455850087 1909788.4057065041 5  1.76655411905732386689145668040579e-06 
 pp_0015  6406830.222837171 1911155.9646562166 4  2.00408976909086043366784411767778e-06 
 pp_0016  6398532.480825633 1903831.5208199956 5  1.95464501816313126954802528723043e-06 
 pp_0017  6401754.247812716 1905199.079769708 5  2.08762998906860244228674353128561e-06 
 pp_0018  6404976.0147998 1906566.6387194204 5  1.89480161307844782519419629673862e-06 
 pp_0019  6408197.781786883 1907934.1976691328 5  1.82913354993107092849547942736699e-06 
 pp_0020  6403121.806762429 1901977.3127826245 5  2.45533035889369877696536068056865e-06 
 pp_0021  6406343.573749512 1903344.871732337 5  2.03132589428958918283596099541022e-06 
 pp_0022  6409565.340736596 1904712.4306820494 5  1.91434826265831822326404960954438e-06 
 pp_0023  6412787.107723679 1906079.9896317618 5  2.01868266822653479091115649723953e-06 
 pp_0024  6404489.365712141 1898755.545795541 5  2.44227672379436597412116771721458e-06 
 pp_0025  6407711.132699224 1900123.1047452535 5  1.92014711289074646910946149447330e-06 
 pp_0026  6410932.899686308 1901490.663694966 5  2.01357178891147756781402657078051e-06 
 pp_0027  6414154.666673391 1902858.2226446783 5  2.28653610190152472436556432833221e-06 
 pp_0028  6405856.924661853 1895533.7788084575 6  2.20585871962106720763226695714021e-06 
 pp_0029  6409078.691648937 1896901.33775817 5  1.67126422478009746006380204647046e-06 
 pp_0030  6412300.45863602 1898268.8967078824 5  2.02852362214449753947172888635109e-06 
 pp_0031  6415522.225623104 1899636.4556575948 5  2.35638219841133234172254710958594e-06 
 pp_0032  6404002.716624483 1890944.4528716614 6  1.92802622318986195597907869203613e-06 
 pp_0033  6407224.483611566 1892312.0118213738 6  2.33580904420255895857457852093919e-06 
 pp_0034  6410446.2505986495 1893679.5707710863 5  1.90275865501576568297498366633125e-06 
 pp_0035  6413668.017585733 1895047.1297207987 5  1.81110287537233626606986928303522e-06 
 pp_0036  6408592.042561279 1889090.2448342904 6  1.86681431559324981368211317928063e-06 
 pp_0037  6411813.809548362 1890457.8037840028 5  1.98827352594241444657232123494062e-06 
 pp_0038  6415035.576535446 1891825.3627337152 5  1.94053090067889622764678303479258e-06 
 pp_0039  6413181.368498074 1887236.0367969193 5  1.71800775271434149162660259824165e-06 
 pp_0040  6416403.135485157 1888603.5957466317 5  2.02673012481625263396913319557946e-06 
 pp_0041  6411327.160460703 1882646.7108601234 6  2.20495168296093804150503035754749e-06 
 pp_0042  6414548.927447787 1884014.2698098356 6  2.63190597698375446927420047427137e-06 
 pp_0043  6417770.69443487 1885381.8287595483 5  2.29667070572080163966700167010870e-06 
 pp_0044  6412694.719410416 1879424.9438730397 6  2.07696195914976510990676214496453e-06 
 pp_0045  6415916.486397499 1880792.502822752 6  1.99791960438617114060233168060243e-06 
 pp_0046  6419138.253384583 1882160.0617724645 5  1.79046006041533584181193843043456e-06 
 pp_0047  6414062.278360128 1876203.1768859562 6  2.058665240571403332888291218272236e-06 
 pp_0048  6417284.045347212 1877570.7358356686 6  1.812190286035971274167287806133864e-06 
 pp_0049  6420505.812334295 1878938.294785381 6  2.104812183242186191493980004785236e-06 
 pp_0050  6415429.837309841 1872981.4098988727 6  1.934850509782592200549652949881363e-06 
 pp_0051  6418651.604296925 1874348.9688485852 6  1.846118912641257715014390591856674e-06 
 pp_0052  6421873.371284008 1875716.5277982976 6  1.788346421734708368173625073205280e-06 
 pp_0053  6416797.396259553 1869759.642911789 6  2.060855495682825084489140157750775e-06 
 pp_0054  6420019.163246636 1871127.2018615014 6  2.279154701531811783374445110061934e-06 
 pp_0055  6423240.93023372 1872494.7608112139 6  2.069094087466451789488223675372858e-06 
 pp_0056  6426462.697220803 1873862.3197609263 8  2.067242834032083951216864428634956e-06 
 pp_0057  6418164.955209265 1866537.8759247055 6  2.206872816546205025740054819771707e-06 
 pp_0058  6421386.722196349 1867905.434874418 6  1.735007442498281538900781889589453e-06 
 pp_0059  6424608.489183432 1869272.9938241304 8  2.066874927996530302232386713812140e-06 
 pp_0060  6427830.256170516 1870640.5527738428 8  1.971215315052125604194195249152521e-06 
 pp_0061  6416310.747171895 1861948.5499879096 7  1.928444639316474665241942301752154e-06 
 pp_0062  6419532.514158978 1863316.108937622 7  2.060419714747044034450131760882741e-06 
 pp_0063  6422754.281146062 1864683.6678873345 6  2.027519189240044170167943590743498e-06 
 pp_0064  6425976.048133145 1866051.226837047 8  2.344242559597933949232023351227916e-06 
 pp_0065  6429197.815120229 1867418.7857867593 8  1.659020112304346797603990873448687e-06 
 pp_0066  6432419.582107312 1868786.3447364718 8  1.778846495568178492596126023805869e-06 
 pp_0067  6435641.349094396 1870153.9036861842 8  2.559555078841275999149444328462089e-06 
 pp_0068  6414456.539134524 1857359.2240511137 7  2.025816085761434713060713877497143e-06 
 pp_0069  6417678.306121607 1858726.7830008261 7  2.387370186041232990520940399070682e-06 
 pp_0070  6420900.073108691 1860094.3419505386 7  2.047320353456617993527857923830027e-06 
 pp_0071  6424121.840095774 1861461.900900251 3  1.849798560557768785109970625935016e-06 
 pp_0072  6427343.607082858 1862829.4598499634 3  2.110388560915354787782260981288118e-06 
 pp_0073  6430565.374069941 1864197.0187996759 3  2.192876484035910422047514767296406e-06 
 pp_0074  6433787.141057025 1865564.5777493883 2  2.184790183332302771103535996011225e-06 
 pp_0075  6437008.908044109 1866932.1366991007 2  1.827221487763554005930694522363833e-06 
 pp_0076  6440230.675031193 1868299.6956488134 2  1.942802484682734777643410215008934e-06 
 pp_0077  6415824.098084236 1854137.45706403 7  2.157662163109454203321381504654397e-06 
 pp_0078  6419045.865071319 1855505.0160137424 7  2.579800677167607994387651601519984e-06 
 pp_0079  6422267.6320584025 1856872.5749634549 7  2.239591449503541520203589790249943e-06 
 pp_0080  6425489.399045486 1858240.1339131673 7  2.192009136373720294877929723464938e-06 
 pp_0081  6428711.1660325695 1859607.6928628797 3  2.318380536881582385959127065588881e-06 
 pp_0082  6431932.933019653 1860975.2518125921 3  2.126839564787512430125548251735879e-06 
 pp_0083  6435154.700006736 1862342.8107623046 2  2.322343168374964206995044596615330e-06 
 pp_0084  6438376.466993821 1863710.369712017 2  2.162273244119995306740389384714263e-06 
 pp_0085  6441598.233980904 1865077.9286617297 2  2.007749264840366208056173652485299e-06 
 pp_0086  6420413.424021032 1852283.249026659 7  1.911351390820059698044024523722051e-06 
 pp_0087  6423635.191008115 1853650.8079763714 7  1.988296647875067510858985986299530e-06 
 pp_0088  6426856.957995199 1855018.3669260838 7  1.915870508163318016391606091186617e-06 
 pp_0089  6430078.724982282 1856385.9258757962 3  1.979002790768368344334962594111005e-06 
 pp_0090  6433300.491969366 1857753.4848255087 3  1.811441904765262396175148039423330e-06 
 pp_0091  6436522.258956449 1859121.043775221 2  1.832895741975562749385779935662466e-06 
 pp_0092  6439744.0259435335 1860488.6027249335 2  2.241631588062313334573563000651220e-06 
 pp_0093  6442965.792930617 1861856.1616746462 2  1.903474632238349094034198655256418e-06 
 pp_0094  6425002.749957828 1850429.040989288 7  2.060371591764080648662193009923449e-06 
 pp_0095  6428224.516944911 1851796.5999390003 7  1.806366642379080162053995965709685e-06 
 pp_0096  6431446.283931995 1853164.1588887128 3  1.609804229059857082309884998561067e-06 
 pp_0097  6434668.050919078 1854531.7178384252 3  2.016580370276193344571515411733920e-06 
 pp_0098  6437889.817906162 1855899.2767881376 3  1.983723310219598606318064382136868e-06 
 pp_0099  6441111.584893246 1857266.83573785 2  2.452703071386129771651969308510211e-06 
 pp_0100  6444333.35188033 1858634.3946875627 2  2.165571942575537009163626211982745e-06 
 pp_0101  6426370.3089075405 1847207.2740022044 7  2.032189160119322230861399133927669e-06 
 pp_0102  6429592.075894624 1848574.8329519168 7  2.425872017565654916251578071539896e-06 
 pp_0103  6432813.8428817075 1849942.3919016293 3  1.773018296897145206424909608111662e-06 
 pp_0104  6436035.609868791 1851309.9508513417 3  1.968083846726897318034441713985316e-06 
 pp_0105  6439257.376855874 1852677.5098010541 3  2.262320880864476598686753361366897e-06 
 pp_0106  6442479.143842959 1854045.0687507666 2  2.032965197239795999934819717425150e-06 
 pp_0107  6445700.910830042 1855412.6277004792 2  2.338995579276575868604096802849668e-06 
 pp_0108  6427737.867857253 1843985.5070151207 7  1.873423112862658920733786339918314e-06 
 pp_0109  6430959.634844337 1845353.0659648331 7  1.790728340907572041610122323684884e-06 
 pp_0110  6434181.40183142 1846720.6249145456 1  2.028259397308681796415598744265374e-06 
 pp_0111  6437403.168818504 1848088.183864258 3  2.160056825342272730566470229085496e-06 
 pp_0112  6440624.935805587 1849455.7428139704 3  2.137065044893073508891576800516887e-06 
 pp_0113  6443846.7027926715 1850823.3017636829 2  1.701421425149790820732548408955598e-06 
 pp_0114  6447068.469779755 1852190.8607133955 2  2.189401216951779074315750581170015e-06 
 pp_0115  6450290.2367668385 1853558.419663108 2  2.054641993883875026233104196804469e-06 
 pp_0116  6429105.426806965 1840763.7400280372 7  2.134828759968952021464994386890091e-06 
 pp_0117  6432327.193794048 1842131.2989777497 1  2.088370524451471102277523919643620e-06 
 pp_0118  6435548.960781132 1843498.857927462 1  2.306151710595819912230078005399569e-06 
 pp_0119  6438770.727768215 1844866.4168771745 1  2.259047714594015697465393538445610e-06 
 pp_0120  6441992.494755299 1846233.975826887 1  1.972355042008766078229144852462795e-06 
 pp_0121  6445214.261742383 1847601.5347765994 2  2.317604528130691216199210646919937e-06 
 pp_0122  6448436.028729467 1848969.093726312 2  1.988062825196984082681047473206704e-06 
 pp_0123  6451657.79571655 1850336.6526760245 2  2.442231055761669166365461156043004e-06 
 pp_0124  6454879.562703634 1851704.211625737 2  1.828108172489899202548934570300432e-06 
 pp_0125  6433694.752743761 1838909.5319906662 1  2.085266985780668080418913390428060e-06 
 pp_0126  6436916.519730845 1840277.0909403786 1  1.953465097024779879896286272078498e-06 
 pp_0127  6440138.286717928 1841644.649890091 1  2.080219344891222951738187288417414e-06 
 pp_0128  6443360.0537050115 1843012.2088398035 1  2.009653738763268277173548725933472e-06 
 pp_0129  6446581.820692096 1844379.767789516 1  2.404867154896625998280459621248006e-06 
 pp_0130  6449803.587679179 1845747.3267392286 2  1.847463019307140598957686812575663e-06 
 pp_0131  6453025.354666263 1847114.885688941 2  2.111388791668677366127797670469768e-06 
 pp_0132  6456247.121653346 1848482.4446386534 2  2.474646314770341383421992445534876e-06 
 pp_0133  6435062.311693474 1835687.7650035827 1  2.033560183932595115196368881771427e-06 
 pp_0134  6438284.078680557 1837055.3239532951 1  2.150614604015401425406205440649110e-06 
 pp_0135  6441505.845667641 1838422.8829030076 1  2.300358412480531475363156046487489e-06 
 pp_0136  6444727.612654724 1839790.44185272 1  1.900606494504615971678101495057067e-06 
 pp_0137  6447949.379641809 1841158.0008024324 1  2.063110579302788588482902090714965e-06 
 pp_0138  6451171.146628892 1842525.559752145 2  1.904281291007962666152111136375069e-06 
 pp_0139  6454392.9136159755 1843893.1187018575 2  2.253986622846079933214953616715803e-06 
 pp_0140  6457614.680603059 1845260.67765157 2  2.080939624758266022128399413970712e-06 
 pp_0141  6436429.870643186 1832465.998016499 1  2.100213188248052971230381627543160e-06 
 pp_0142  6439651.63763027 1833833.5569662114 1  2.062843360984936819758428852567000e-06 
 pp_0143  6442873.404617353 1835201.1159159238 1  1.960710895154240414708143175337440e-06 
 pp_0144  6446095.171604437 1836568.6748656363 1  2.059088451761944718831865916430779e-06 
 pp_0145  6449316.938591521 1837936.2338153487 1  1.949987778848804827121514102183930e-06 
 pp_0146  6452538.705578605 1839303.7927650614 1  2.120365423400844466321740061642842e-06 
 pp_0147  6455760.472565688 1840671.3517147738 1  1.942134419096919657087745372803234e-06 
 pp_0148  6434575.662605815 1827876.672079703 1  1.754623086273214496185303759578922e-06 
 pp_0149  6437797.429592898 1829244.2310294155 1  2.026224201254465837008719719669614e-06 
 pp_0150  6441019.196579982 1830611.789979128 1  1.941875843057270574514754438166797e-06 
 pp_0151  6444240.963567065 1831979.3489288404 1  2.441073917677558543880408578607977e-06 
 pp_0152  6447462.730554149 1833346.9078785528 1  2.073985093102458791868621806875339e-06 
 pp_0153  6450684.497541233 1834714.4668282652 1  2.290345427325704125945827344112971e-06 
 pp_0154  6453906.264528316 1836082.025777978 1  1.919534445398257012496473147833420e-06 
 pp_0155  6457128.0315154 1837449.5847276903 1  2.182217003591150219327880060982139e-06 
 pp_0156  6460349.798502483 1838817.1436774028 1  2.315351976757060430828216723853075e-06 
 pp_0157  6432721.454568444 1823287.3461429072 1  2.190190274620655650882755649533351e-06 
 pp_0158  6435943.221555527 1824654.9050926196 1  1.947170474659658681793527809644750e-06 
 pp_0159  6439164.988542611 1826022.464042332 1  2.107428272084919285172437478093066e-06 
 pp_0160  6442386.755529694 1827390.0229920445 1  2.187077008405339801337284241777859e-06 
 pp_0161  6445608.522516778 1828757.581941757 1  1.892717774143416014284431285463750e-06 
 pp_0162  6448830.289503861 1830125.1408914693 1  1.928365381934324485437882990002123e-06 
 pp_0163  6452052.056490946 1831492.6998411817 1  1.911924276917311942675624381049460e-06 
 pp_0164  6455273.823478029 1832860.2587908944 1  1.961738944046156118890819955447036e-06 
 pp_0165  6458495.590465113 1834227.8177406068 1  1.805567618211258886962871685055720e-06 
 pp_0166  6461717.357452196 1835595.3766903193 1  2.046082623803060026755271105791678e-06 
 pp_0167  6434089.0135181565 1820065.5791558234 1  2.178294142364713007267718047899052e-06 
 pp_0168  6437310.78050524 1821433.1381055359 1  2.148493097696238743744660826262560e-06 
 pp_0169  6440532.547492323 1822800.6970552483 1  2.162442314896864116561007659877980e-06 
 pp_0170  6443754.314479407 1824168.2560049607 1  2.075634521367189047635383458700886e-06 
 pp_0171  6446976.08146649 1825535.8149546732 1  2.218043345152499585507151202978804e-06 
 pp_0172  6450197.848453574 1826903.3739043856 1  1.916462506657821808980302416558494e-06 
 pp_0173  6453419.615440658 1828270.932854098 1  2.101132508320509498906357437331138e-06 
 pp_0174  6456641.382427742 1829638.4918038107 1  2.365999009295508184990688635429557e-06 
 pp_0175  6459863.149414825 1831006.0507535231 1  2.026766689262076642319507918665877e-06 
 pp_0176  6463084.916401909 1832373.6097032356 1  2.050742239619495890448489308632851e-06 
 pp_0177  6435456.572467869 1816843.81216874 1  2.027743548727029214130907278090810e-06 
 pp_0178  6438678.339454953 1818211.3711184524 1  1.984279776061845381807460797496390e-06 
 pp_0179  6441900.106442036 1819578.9300681648 1  2.049800464104290759990165474158097e-06 
 pp_0180  6445121.87342912 1820946.4890178773 1  2.316771669764765327284182158673609e-06 
 pp_0181  6448343.640416203 1822314.0479675897 1  1.877906488459922245090626992392036e-06 
 pp_0182  6451565.407403287 1823681.6069173021 1  1.784105723107529458610937163343113e-06 
 pp_0183  6454787.174390371 1825049.1658670146 1  2.023240847486453991994339793314417e-06 
 pp_0184  6458008.941377454 1826416.7248167272 1  2.381046930271631115118464994129255e-06 
 pp_0185  6461230.708364538 1827784.2837664397 1  2.259738759018363074180472255259033e-06 
 pp_0186  6464452.475351621 1829151.842716152 1  2.045210488508499558604931956029560e-06 
 pp_0187  6436824.131417582 1813622.0451816565 1  2.086403444566243901820519132672693e-06 
 pp_0188  6440045.898404665 1814989.604131369 1  1.902427662524521723234329981244706e-06 
 pp_0189  6443267.665391749 1816357.1630810814 1  2.186479858207971724390773077262295e-06 
 pp_0190  6446489.432378832 1817724.7220307938 1  2.013673963015397769401541167022529e-06 
 pp_0191  6449711.199365916 1819092.2809805062 1  1.931370229979501858497093966238189e-06 
 pp_0192  6452932.966352999 1820459.8399302186 1  1.669278680391158973432899625954917e-06 
 pp_0193  6456154.733340084 1821827.398879931 1  2.377783563700254533659688913060926e-06 
 pp_0194  6459376.500327167 1823194.9578296437 1  2.276801683374863982764913644674110e-06 
 pp_0195  6462598.267314251 1824562.5167793562 1  1.935054925629590885633292754453016e-06 
 pp_0196  6465820.034301334 1825930.0757290686 1  2.077194669994460967234282261495437e-06 
 pp_0197  6438191.690367294 1810400.278194573 1  2.047703035150578738249338428545343e-06 
 pp_0198  6441413.457354377 1811767.8371442854 1  2.446562867207384670855101899133999e-06 
 pp_0199  6444635.2243414605 1813135.3960939979 1  2.045897634103302725158994232468324e-06 
 pp_0200  6447856.991328544 1814502.9550437103 1  1.942090567134744082686617638877635e-06 
 pp_0201  6451078.758315627 1815870.5139934227 1  2.281225413658837932953530117097252e-06 
 pp_0202  6454300.525302711 1817238.0729431352 1  1.917938541626936341428794757790754e-06 
 pp_0203  6457522.292289795 1818605.6318928476 1  2.500797829877878829317287834310690e-06 
 pp_0204  6460744.059276879 1819973.1908425603 1  1.934272087463695397529595335073260e-06 
 pp_0205  6463965.826263962 1821340.7497922727 1  1.883487630939035196357776019704389e-06 
 pp_0206  6467187.593251046 1822708.3087419851 1  1.975706697735548201497494599787608e-06 
 pp_0207  6439559.249317006 1807178.5112074893 1  1.961301022420361985204150662154277e-06 
 pp_0208  6442781.01630409 1808546.0701572017 1  1.872321080528539532738499691355560e-06 
 pp_0209  6446002.783291173 1809913.6291069142 1  1.727313139780644918493124340130862e-06 
 pp_0210  6449224.550278257 1811281.1880566266 1  2.485756083924420019038966159219406e-06 
 pp_0211  6452446.31726534 1812648.747006339 1  2.065913212402229747768032941390715e-06 
 pp_0212  6455668.084252424 1814016.3059560515 1  1.939905871039188471063267199534508e-06 
 pp_0213  6458889.851239508 1815383.8649057639 1  2.204009200947861536057240453012618e-06 
 pp_0214  6462111.6182265915 1816751.4238554765 1  2.160849391139814902124604775734973e-06 
 pp_0215  6465333.385213675 1818118.982805189 1  2.079640397599303620082512519817719e-06 
 pp_0216  6468555.152200758 1819486.5417549014 1  1.923986289740575566771605547922164e-06 
 pp_0217  6440926.808266719 1803956.7442204058 1  1.953448882453325554747715006587150e-06 
 pp_0218  6444148.575253802 1805324.3031701182 1  2.027532522838497913491781488026788e-06 
 pp_0219  6447370.342240886 1806691.8621198307 1  2.371504065288135941068532741571318e-06 
 pp_0220  6450592.109227969 1808059.421069543 1  1.989397454309257064924455760124289e-06 
 pp_0221  6453813.876215053 1809426.9800192555 1  2.198428750475516558923706408879006e-06 
 pp_0222  6457035.643202136 1810794.538968968 1  2.211025938061183256468696795016271e-06 
 pp_0223  6460257.410189221 1812162.0979186804 1  2.278721618998266609053184733602038e-06 
 pp_0224  6463479.177176304 1813529.656868393 1  2.074641140625403130649763092097082e-06 
 pp_0225  6466700.944163388 1814897.2158181055 1  1.816390412686060304669989282078113e-06 
 pp_0226  6469922.711150471 1816264.774767818 1  2.115343707204498888298617800818313e-06 
 pp_0227  6442294.367216432 1800734.9772333223 1  2.017304259197683973062762211037047e-06 
 pp_0228  6445516.134203515 1802102.5361830348 1  1.920528204534530625858862115662440e-06 
 pp_0229  6448737.9011905985 1803470.0951327472 1  2.092398242681952417581494815812526e-06 
 pp_0230  6451959.668177682 1804837.6540824596 1  2.273442713669935247826217952771266e-06 
 pp_0231  6455181.435164765 1806205.213032172 1  2.374195585630829524547260114819558e-06 
 pp_0232  6458403.202151849 1807572.7719818845 1  2.218205270967778820328250924398539e-06 
 pp_0233  6461624.969138933 1808940.330931597 1  1.838368682858745877813739719175423e-06 
 pp_0234  6464846.736126017 1810307.8898813096 1  1.811081102211471267139685295544105e-06 
 pp_0235  6468068.5031131 1811675.448831022 1  2.185539972468025751077633916930054e-06 
 pp_0236  6471290.270100184 1813043.0077807344 1  2.129788475483720758398920383513975e-06 
 pp_0237  6443661.926166143 1797513.2102462389 1  1.958408071084843388170873904052804e-06 
 pp_0238  6446883.693153227 1798880.7691959513 1  2.239995503241458639487587028993332e-06 
 pp_0239  6450105.46014031 1800248.3281456637 1  2.114832934313519392988860515214533e-06 
 pp_0240  6453327.227127394 1801615.8870953762 1  2.427977713946642568539589779330612e-06 
 pp_0241  6456548.994114477 1802983.4460450886 1  1.775153019690107709189965529139599e-06 
 pp_0242  6459770.761101561 1804351.004994801 1  1.946098226167111566465564229111429e-06 
 pp_0243  6462992.528088645 1805718.5639445134 1  1.950893842867197977694257438052716e-06 
 pp_0244  6466214.295075729 1807086.122894226 1  1.911783326508961694870352560071680e-06 
 pp_0245  6469436.062062812 1808453.6818439385 1  1.954839632730111578378133160849295e-06 
 pp_0246  6472657.8290498955 1809821.240793651 1  2.272594652789567410268271874240753e-06 
