 pp_0000  6398138.220051237 1922675.4736548383 1  0.20871386669161906546321461064508185 
 pp_0001  6393062.245026783 1916718.5887683297 1  0.361564669018726025928600620318320580 
 pp_0002  6396284.012013867 1918086.1477180421 1  0.208194478317613423934417937744001392 
 pp_0003  6399505.77900095 1919453.7066677546 1  0.246977139835424880365266631088161375 
 pp_0004  6394429.803976495 1913496.8217812462 1  0.233141827508564491999720758030889556 
 pp_0005  6397651.570963578 1914864.3807309587 1  0.282610821285258551061048137853504159 
 pp_0006  6400873.337950662 1916231.939680671 1  0.304620018586216234623975651629734784 
 pp_0007  6404095.104937745 1917599.4986303835 1  0.245346207676187505475340344673895743 
 pp_0008  6395797.3629262075 1910275.0547941627 1  0.234315402827645014038893123142770492 
 pp_0009  6399019.129913291 1911642.6137438752 1  0.259810129665407729682158333162078634 
 pp_0010  6402240.896900374 1913010.1726935876 1  0.364385707436289951743901838199235499 
 pp_0011  6405462.663887458 1914377.7316433 1  0.275160808488242869529472045542206615 
 pp_0012  6397164.92187592 1907053.2878070793 1  0.396848346936694740261231117983697914 
 pp_0013  6400386.688863004 1908420.8467567917 1  0.479395803584135693498069485940504819 
 pp_0014  6403608.455850087 1909788.4057065041 1  0.398978137862500803478837951843161136 
 pp_0015  6406830.222837171 1911155.9646562166 1  0.218080119002393019167485022080654744 
 pp_0016  6398532.480825633 1903831.5208199956 1  0.464655772281853118865768692558049224 
 pp_0017  6401754.247812716 1905199.079769708 1  0.190025764328360546873142311596893705 
 pp_0018  6404976.0147998 1906566.6387194204 1  0.250833792580840264641039993875892833 
 pp_0019  6408197.781786883 1907934.1976691328 1  0.305776610744154686560847267173812725 
 pp_0020  6403121.806762429 1901977.3127826245 1  0.285406714941411565611417699983576313 
 pp_0021  6406343.573749512 1903344.871732337 1  0.357370133282657098661161398922558874 
 pp_0022  6409565.340736596 1904712.4306820494 1  0.247345979130302512372097112347546499 
 pp_0023  6412787.107723679 1906079.9896317618 1  0.260142303336580171801983851764816791 
 pp_0024  6404489.365712141 1898755.545795541 1  0.327236459367881260540400489844614640 
 pp_0025  6407711.132699224 1900123.1047452535 1  0.254315719310776011674590790789807215 
 pp_0026  6410932.899686308 1901490.663694966 1  0.359540197187711407789123541078879498 
 pp_0027  6414154.666673391 1902858.2226446783 1  0.227719691454876471681245675426907837 
 pp_0028  6405856.924661853 1895533.7788084575 1  2.532396552098583608625403940095566213 
 pp_0029  6409078.691648937 1896901.33775817 1  0.279698345395074432495619021210586652 
 pp_0030  6412300.45863602 1898268.8967078824 1  0.245681327098782237294827268669905607 
 pp_0031  6415522.225623104 1899636.4556575948 1  0.391480427232966665673785655599203892 
 pp_0032  6404002.716624483 1890944.4528716614 1  3.013504454618737948834450435242615640 
 pp_0033  6407224.483611566 1892312.0118213738 1  1.379020402719443039174507248390000314 
 pp_0034  6410446.2505986495 1893679.5707710863 1  0.317302532629681999232218458928400651 
 pp_0035  6413668.017585733 1895047.1297207987 1  0.350222794089482425405890353431459516 
 pp_0036  6408592.042561279 1889090.2448342904 1  2.331512576961176641532347275642678142 
 pp_0037  6411813.809548362 1890457.8037840028 1  0.282756720520182469602588071211357601 
 pp_0038  6415035.576535446 1891825.3627337152 1  0.205505325785620779344142761146940757 
 pp_0039  6413181.368498074 1887236.0367969193 1  0.387200280312772815438648876806837507 
 pp_0040  6416403.135485157 1888603.5957466317 1  0.340792722556550575774281242047436535 
 pp_0041  6411327.160460703 1882646.7108601234 1  2.752516953889919459896873377147130668 
 pp_0042  6414548.927447787 1884014.2698098356 1  3.702967269911586090103128299233503640 
 pp_0043  6417770.69443487 1885381.8287595483 1  0.337141968644955714040634120465256274 
 pp_0044  6412694.719410416 1879424.9438730397 1  2.674007874056948619312379378243349493 
 pp_0045  6415916.486397499 1880792.502822752 1  2.438943010314520876136157312430441380 
 pp_0046  6419138.253384583 1882160.0617724645 1  0.338502280826364743138157109569874592 
 pp_0047  6414062.278360128 1876203.1768859562 1  2.4234650071705634566399112372891977429 
 pp_0048  6417284.045347212 1877570.7358356686 1  1.8349650697040802427295602683443576097 
 pp_0049  6420505.812334295 1878938.294785381 1  3.4451390384578504111345864657778292894 
 pp_0050  6415429.837309841 1872981.4098988727 1  1.4442220284724629486561298108426854014 
 pp_0051  6418651.604296925 1874348.9688485852 1  1.9021696220752608574855457845842465758 
 pp_0052  6421873.371284008 1875716.5277982976 1  1.7063595227201451276499710729694925249 
 pp_0053  6416797.396259553 1869759.642911789 1  3.2891773739064142922927658219123259187 
 pp_0054  6420019.163246636 1871127.2018615014 1  2.6930152346498053006484951765742152929 
 pp_0055  6423240.93023372 1872494.7608112139 1  1.4405189184381737010909318996709771454 
 pp_0056  6426462.697220803 1873862.3197609263 1  1.6254316874171468310095178821939043701 
 pp_0057  6418164.955209265 1866537.8759247055 1  3.4295062111616263500479817594168707728 
 pp_0058  6421386.722196349 1867905.434874418 1  2.4607382793473839832643079716945067048 
 pp_0059  6424608.489183432 1869272.9938241304 1  1.9228947781699441410552253728383220732 
 pp_0060  6427830.256170516 1870640.5527738428 1  1.6831239698707938234889525119797326624 
 pp_0061  6416310.747171895 1861948.5499879096 1  1.1785293741497049335720248564030043781 
 pp_0062  6419532.514158978 1863316.108937622 1  1.8924620236050784249925982294371351600 
 pp_0063  6422754.281146062 1864683.6678873345 1  1.4627490121651522958501345783588476479 
 pp_0064  6425976.048133145 1866051.226837047 1  1.9629015851226363498227556192432530224 
 pp_0065  6429197.815120229 1867418.7857867593 1  2.4212166689074270387038723129080608487 
 pp_0066  6432419.582107312 1868786.3447364718 1  2.6360971787794973408836085582152009010 
 pp_0067  6435641.349094396 1870153.9036861842 1  1.4873034181530102593171704938868060708 
 pp_0068  6414456.539134524 1857359.2240511137 1  1.8827027582322204413145527723827399313 
 pp_0069  6417678.306121607 1858726.7830008261 1  1.5469798491225628112033518846146762371 
 pp_0070  6420900.073108691 1860094.3419505386 1  2.8479917428503789267324464162811636925 
 pp_0071  6424121.840095774 1861461.900900251 1  1.3925040949350746544155299488920718431 
 pp_0072  6427343.607082858 1862829.4598499634 1  1.4779894728934013237164890597341582179 
 pp_0073  6430565.374069941 1864197.0187996759 1  1.6632895514664711722474521593539975584 
 pp_0074  6433787.141057025 1865564.5777493883 1  3.7506686207476609418165480747120454907 
 pp_0075  6437008.908044109 1866932.1366991007 1  2.1873283552270001983686142921214923263 
 pp_0076  6440230.675031193 1868299.6956488134 1  2.7656601896717827315796967013739049435 
 pp_0077  6415824.098084236 1854137.45706403 1  1.5754553274386400296691590483533218503 
 pp_0078  6419045.865071319 1855505.0160137424 1  1.0231266817954072223528783069923520088 
 pp_0079  6422267.6320584025 1856872.5749634549 1  1.1187855947161435832271081380895338953 
 pp_0080  6425489.399045486 1858240.1339131673 1  2.6998000827670041168460102198878303170 
 pp_0081  6428711.1660325695 1859607.6928628797 1  1.6195553404634022154340300403418950737 
 pp_0082  6431932.933019653 1860975.2518125921 1  2.5363036804231824383748516993364319205 
 pp_0083  6435154.700006736 1862342.8107623046 1  2.4467384685035735714109250693581998348 
 pp_0084  6438376.466993821 1863710.369712017 1  1.7857620629928057098823046544566750526 
 pp_0085  6441598.233980904 1865077.9286617297 1  1.1054639092113833775954390148399397731 
 pp_0086  6420413.424021032 1852283.249026659 1  1.9144134138586903493006730059278197587 
 pp_0087  6423635.191008115 1853650.8079763714 1  2.3926871086883747530293931049527600408 
 pp_0088  6426856.957995199 1855018.3669260838 1  1.8076626249973815063754045695532113314 
 pp_0089  6430078.724982282 1856385.9258757962 1  1.3160249595739830219542909617302939296 
 pp_0090  6433300.491969366 1857753.4848255087 1  1.3916339667049260064857207908062264323 
 pp_0091  6436522.258956449 1859121.043775221 1  1.6898678584017867709832216860377229750 
 pp_0092  6439744.0259435335 1860488.6027249335 1  1.3512699106052961095514319822541438043 
 pp_0093  6442965.792930617 1861856.1616746462 1  1.9859657659708724875002872067852877080 
 pp_0094  6425002.749957828 1850429.040989288 1  1.5165793173789647863003438033047132194 
 pp_0095  6428224.516944911 1851796.5999390003 1  1.7788458812646001927504357809084467590 
 pp_0096  6431446.283931995 1853164.1588887128 1  1.9315292363618055127005845861276611686 
 pp_0097  6434668.050919078 1854531.7178384252 1  2.4534663761289512429186743247555568814 
 pp_0098  6437889.817906162 1855899.2767881376 1  2.5535837329929504946335327986162155867 
 pp_0099  6441111.584893246 1857266.83573785 1  1.3024689699765339412351750070229172707 
 pp_0100  6444333.35188033 1858634.3946875627 1  1.8731977748520216575656149871065281332 
 pp_0101  6426370.3089075405 1847207.2740022044 1  1.7327688477889022777844729716889560223 
 pp_0102  6429592.075894624 1848574.8329519168 1  2.8024168237463769060013873968273401260 
 pp_0103  6432813.8428817075 1849942.3919016293 1  2.5447407402630668471488206705544143915 
 pp_0104  6436035.609868791 1851309.9508513417 1  2.0080880846117263871519753593020141125 
 pp_0105  6439257.376855874 1852677.5098010541 1  1.9092248780649001549392096421797759831 
 pp_0106  6442479.143842959 1854045.0687507666 1  1.8020612530295121445078621036373078823 
 pp_0107  6445700.910830042 1855412.6277004792 1  2.2094590676605263546150581532856449485 
 pp_0108  6427737.867857253 1843985.5070151207 1  1.5663639567494815896253612663713283837 
 pp_0109  6430959.634844337 1845353.0659648331 1  2.3392217738206282362511956307571381330 
 pp_0110  6434181.40183142 1846720.6249145456 1  0.2226397238074546702790712515707127750 
 pp_0111  6437403.168818504 1848088.183864258 1  2.4802008796775343313356643193401396275 
 pp_0112  6440624.935805587 1849455.7428139704 1  1.6573853405544587413800172726041637361 
 pp_0113  6443846.7027926715 1850823.3017636829 1  1.5913119494057035296918911626562476158 
 pp_0114  6447068.469779755 1852190.8607133955 1  1.4621938079687191169853122119093313813 
 pp_0115  6450290.2367668385 1853558.419663108 1  1.3532613882323956122633035192848183215 
 pp_0116  6429105.426806965 1840763.7400280372 1  2.4580361052810313360339478094829246402 
 pp_0117  6432327.193794048 1842131.2989777497 1  0.2230249938691313826844009327032836154 
 pp_0118  6435548.960781132 1843498.857927462 1  0.3842947927306807343050820691132685170 
 pp_0119  6438770.727768215 1844866.4168771745 1  0.2381745587499624616789617448375793174 
 pp_0120  6441992.494755299 1846233.975826887 1  0.4209714930367396412691505247494205832 
 pp_0121  6445214.261742383 1847601.5347765994 1  2.4037527804770459916028357838513329625 
 pp_0122  6448436.028729467 1848969.093726312 1  2.0822893275311971095220542338211089373 
 pp_0123  6451657.79571655 1850336.6526760245 1  2.7814925713836124998579180100932717323 
 pp_0124  6454879.562703634 1851704.211625737 1  1.8324019032064087220135206734994426370 
 pp_0125  6433694.752743761 1838909.5319906662 1  0.1899887071494847368136049681197619066 
 pp_0126  6436916.519730845 1840277.0909403786 1  0.2181777529085607847392225266958121210 
 pp_0127  6440138.286717928 1841644.649890091 1  0.2584995127792584779236051417683484033 
 pp_0128  6443360.0537050115 1843012.2088398035 1  0.2169576194268760804817475218442268670 
 pp_0129  6446581.820692096 1844379.767789516 1  0.2123052813368177527131308579555479810 
 pp_0130  6449803.587679179 1845747.3267392286 1  2.5280135524251750034352426155237480998 
 pp_0131  6453025.354666263 1847114.885688941 1  2.3125174564994517290017483901465311646 
 pp_0132  6456247.121653346 1848482.4446386534 1  1.6709625478049121571899604532518424094 
 pp_0133  6435062.311693474 1835687.7650035827 1  0.2841080304606127260313996885088272393 
 pp_0134  6438284.078680557 1837055.3239532951 1  0.2789071172004832233071169866889249533 
 pp_0135  6441505.845667641 1838422.8829030076 1  0.1920650831432823835154266589597682469 
 pp_0136  6444727.612654724 1839790.44185272 1  0.2409300119952433594239238345835474320 
 pp_0137  6447949.379641809 1841158.0008024324 1  0.2870102520227998388335777235624846071 
 pp_0138  6451171.146628892 1842525.559752145 1  2.6436220319453731519843131536617875099 
 pp_0139  6454392.9136159755 1843893.1187018575 1  2.8275347591801001101430301787331700325 
 pp_0140  6457614.680603059 1845260.67765157 1  2.3020261639551367061073960940120741725 
 pp_0141  6436429.870643186 1832465.998016499 1  0.1855745076619103040016511840804014355 
 pp_0142  6439651.63763027 1833833.5569662114 1  0.2397806348749960680954984582058386877 
 pp_0143  6442873.404617353 1835201.1159159238 1  0.2180368726429195436189445445052115247 
 pp_0144  6446095.171604437 1836568.6748656363 1  0.2154797295821480607180831157165812328 
 pp_0145  6449316.938591521 1837936.2338153487 1  0.2058325049903928227745808499093982391 
 pp_0146  6452538.705578605 1839303.7927650614 1  0.2504794568604042925841213218518532813 
 pp_0147  6455760.472565688 1840671.3517147738 1  0.3485586189916221599993662039196351543 
 pp_0148  6434575.662605815 1827876.672079703 1  0.3030584615694905670224557070469018072 
 pp_0149  6437797.429592898 1829244.2310294155 1  0.4349466293508061909278694656677544117 
 pp_0150  6441019.196579982 1830611.789979128 1  0.2492338847804192736301587274283519946 
 pp_0151  6444240.963567065 1831979.3489288404 1  0.2039258026325769523889874790256726556 
 pp_0152  6447462.730554149 1833346.9078785528 1  0.1397886494380901623024726632138481364 
 pp_0153  6450684.497541233 1834714.4668282652 1  0.1865701920829531679224544404860353097 
 pp_0154  6453906.264528316 1836082.025777978 1  0.2416870439547975646377153680077753961 
 pp_0155  6457128.0315154 1837449.5847276903 1  0.2517894961373902673607005908706923947 
 pp_0156  6460349.798502483 1838817.1436774028 1  0.1967404392065529861177708426112076268 
 pp_0157  6432721.454568444 1823287.3461429072 1  0.1660540072918684773028985546261537820 
 pp_0158  6435943.221555527 1824654.9050926196 1  0.1388578907531054229540501410156139173 
 pp_0159  6439164.988542611 1826022.464042332 1  0.2602723406227999136675066438328940421 
 pp_0160  6442386.755529694 1827390.0229920445 1  0.2972323878979856726090247320826165378 
 pp_0161  6445608.522516778 1828757.581941757 1  0.2368541409083514404088077753840480000 
 pp_0162  6448830.289503861 1830125.1408914693 1  0.2839177115632032788461458494566613808 
 pp_0163  6452052.056490946 1831492.6998411817 1  0.2430974776764572575782352714668377303 
 pp_0164  6455273.823478029 1832860.2587908944 1  0.3571954255476973427718689890753012151 
 pp_0165  6458495.590465113 1834227.8177406068 1  0.3203192421231149666915882789908209816 
 pp_0166  6461717.357452196 1835595.3766903193 1  0.1576684425975551917531447543296962976 
 pp_0167  6434089.0135181565 1820065.5791558234 1  0.2646483806363308932674272000440396369 
 pp_0168  6437310.78050524 1821433.1381055359 1  0.2592735630207202990327175484708277509 
 pp_0169  6440532.547492323 1822800.6970552483 1  0.2843742600598068159811759869626257569 
 pp_0170  6443754.314479407 1824168.2560049607 1  0.2922177052350586889950534441595664248 
 pp_0171  6446976.08146649 1825535.8149546732 1  0.2557001792129847128620667717768810689 
 pp_0172  6450197.848453574 1826903.3739043856 1  0.2398982335259227660628766898298636079 
 pp_0173  6453419.615440658 1828270.932854098 1  0.2023701733277336323180151111955638044 
 pp_0174  6456641.382427742 1829638.4918038107 1  0.2414916444487153757147979149522143416 
 pp_0175  6459863.149414825 1831006.0507535231 1  0.2382428132001052079047553888813126832 
 pp_0176  6463084.916401909 1832373.6097032356 1  0.4113784191618756191921590925630880520 
 pp_0177  6435456.572467869 1816843.81216874 1  0.1891794178473312215693624693813035265 
 pp_0178  6438678.339454953 1818211.3711184524 1  0.4812829110221624739907042567210737616 
 pp_0179  6441900.106442036 1819578.9300681648 1  0.2260612338732169157573537177086109295 
 pp_0180  6445121.87342912 1820946.4890178773 1  0.2419756926629265947337188435994903557 
 pp_0181  6448343.640416203 1822314.0479675897 1  0.2710583227187004506930634306627325714 
 pp_0182  6451565.407403287 1823681.6069173021 1  0.1762892941662837775762540104551590048 
 pp_0183  6454787.174390371 1825049.1658670146 1  0.2467866565881819129746332919239648618 
 pp_0184  6458008.941377454 1826416.7248167272 1  0.1828505616077688022969027770159300417 
 pp_0185  6461230.708364538 1827784.2837664397 1  0.3363641881094577845701110163645353168 
 pp_0186  6464452.475351621 1829151.842716152 1  0.2851864725337229788948434361373074353 
 pp_0187  6436824.131417582 1813622.0451816565 1  0.2709129772847081452091799746995093301 
 pp_0188  6440045.898404665 1814989.604131369 1  0.2205096817989267710125034227530704811 
 pp_0189  6443267.665391749 1816357.1630810814 1  0.2086546522521590119048084943642606959 
 pp_0190  6446489.432378832 1817724.7220307938 1  0.1944862126675002411690940107291680761 
 pp_0191  6449711.199365916 1819092.2809805062 1  0.1972640277846715861631565758216311224 
 pp_0192  6452932.966352999 1820459.8399302186 1  0.5287888755830369991173256494221277535 
 pp_0193  6456154.733340084 1821827.398879931 1  0.2600888880088422228098465893708635122 
 pp_0194  6459376.500327167 1823194.9578296437 1  0.2266010000689757664105172807467170060 
 pp_0195  6462598.267314251 1824562.5167793562 1  0.2867454321710946607559833410050487146 
 pp_0196  6465820.034301334 1825930.0757290686 1  0.2300290096036030906834213283218559809 
 pp_0197  6438191.690367294 1810400.278194573 1  0.4471477116952061736654400192492175847 
 pp_0198  6441413.457354377 1811767.8371442854 1  0.2399651533987776086398469033156288788 
 pp_0199  6444635.2243414605 1813135.3960939979 1  0.2520675138689826288995732284092810005 
 pp_0200  6447856.991328544 1814502.9550437103 1  0.2423217579674236121789476783305872232 
 pp_0201  6451078.758315627 1815870.5139934227 1  0.2056232915272495354042092685631359927 
 pp_0202  6454300.525302711 1817238.0729431352 1  0.2035484741177857048732846578786848113 
 pp_0203  6457522.292289795 1818605.6318928476 1  0.1615306669226820590612447858802624978 
 pp_0204  6460744.059276879 1819973.1908425603 1  0.2072673383909212907472152664922759868 
 pp_0205  6463965.826263962 1821340.7497922727 1  0.1608802244723906982315497771196532995 
 pp_0206  6467187.593251046 1822708.3087419851 1  0.2180483295965277290573425261754891835 
 pp_0207  6439559.249317006 1807178.5112074893 1  0.1571497379472319710913552626152522862 
 pp_0208  6442781.01630409 1808546.0701572017 1  0.2117273701796055784818406664271606132 
 pp_0209  6446002.783291173 1809913.6291069142 1  0.2493298928941736214426327933324500918 
 pp_0210  6449224.550278257 1811281.1880566266 1  0.2989358376330665256759289150068070740 
 pp_0211  6452446.31726534 1812648.747006339 1  0.2454637420796405289369346292005502619 
 pp_0212  6455668.084252424 1814016.3059560515 1  0.1861367559108186020555564255118952133 
 pp_0213  6458889.851239508 1815383.8649057639 1  0.2478709562200970550893686095150769688 
 pp_0214  6462111.6182265915 1816751.4238554765 1  0.4341964710418538819780565063410904258 
 pp_0215  6465333.385213675 1818118.982805189 1  0.2411572530950426007656517413124674931 
 pp_0216  6468555.152200758 1819486.5417549014 1  0.2935456289239830041104539759544422850 
 pp_0217  6440926.808266719 1803956.7442204058 1  0.2786770240465167303156590605794917792 
 pp_0218  6444148.575253802 1805324.3031701182 1  0.2343887898344849396448097422762657516 
 pp_0219  6447370.342240886 1806691.8621198307 1  0.2611290037859522183971705544536234811 
 pp_0220  6450592.109227969 1808059.421069543 1  0.3292485055042292385607538562908302993 
 pp_0221  6453813.876215053 1809426.9800192555 1  0.2948005493286159905963472738221753389 
 pp_0222  6457035.643202136 1810794.538968968 1  0.1983590565339624078866620493499794975 
 pp_0223  6460257.410189221 1812162.0979186804 1  0.1928620077830175694177938794382498600 
 pp_0224  6463479.177176304 1813529.656868393 1  0.3299667755630644738751300337753491476 
 pp_0225  6466700.944163388 1814897.2158181055 1  0.2528266588711847728809800628368975595 
 pp_0226  6469922.711150471 1816264.774767818 1  0.1410005899441595378362990231835283339 
 pp_0227  6442294.367216432 1800734.9772333223 1  0.2891887494756421594921391715615754947 
 pp_0228  6445516.134203515 1802102.5361830348 1  0.3404908972659700938656612834165571257 
 pp_0229  6448737.9011905985 1803470.0951327472 1  0.2653455133878376837053281178668839857 
 pp_0230  6451959.668177682 1804837.6540824596 1  0.2307644918750542673002712490415433422 
 pp_0231  6455181.435164765 1806205.213032172 1  0.2967241753455990838084233018889790401 
 pp_0232  6458403.202151849 1807572.7719818845 1  0.4377445686808743019469147839117795229 
 pp_0233  6461624.969138933 1808940.330931597 1  0.1949231872417873934200116536885616370 
 pp_0234  6464846.736126017 1810307.8898813096 1  0.3313337116442745533539948610268766060 
 pp_0235  6468068.5031131 1811675.448831022 1  0.1969191798482391453362083666434045881 
 pp_0236  6471290.270100184 1813043.0077807344 1  0.1539711721904591656961969192707329057 
 pp_0237  6443661.926166143 1797513.2102462389 1  0.1355998296513992451561847474295063876 
 pp_0238  6446883.693153227 1798880.7691959513 1  0.2599879261921049788952586823143064976 
 pp_0239  6450105.46014031 1800248.3281456637 1  0.4431439899032815210588864829333033413 
 pp_0240  6453327.227127394 1801615.8870953762 1  0.2883880763101487332278338726609945297 
 pp_0241  6456548.994114477 1802983.4460450886 1  0.1751101969948158643131108647139626555 
 pp_0242  6459770.761101561 1804351.004994801 1  0.2687435060016443166830413247225806117 
 pp_0243  6462992.528088645 1805718.5639445134 1  0.2842576521872884898201050418720114976 
 pp_0244  6466214.295075729 1807086.122894226 1  0.2973831888233958720135774456139188260 
 pp_0245  6469436.062062812 1808453.6818439385 1  0.2064528184653355857847145671257749200 
 pp_0246  6472657.8290498955 1809821.240793651 1  0.2043821116616610089611327794045791961 
