 "GAGE No.  810:  K,I,J Coord. =     1,  100,   38;  STREAM SEGMENT =    20;  REACH =     1 "
     "DATA: Time           Stage            Flow     Conductance        HeadDiff       Hyd.Grad."
     3.1000000E+01   1.1575653E+02   5.5886138E+05   8.9451760E+02   2.2438008E+00   1.1219004E+00
     6.2000000E+01   1.2067347E+02   9.0950076E+07   8.9451760E+02   7.1607458E+00   3.5803729E+00
     9.0000000E+01   1.1668555E+02   7.6895991E+06   8.9451760E+02   3.1728211E+00   1.5864106E+00
     1.2100000E+02   1.1567660E+02   2.8789298E+05   8.9451760E+02   2.1638745E+00   1.0819372E+00
     1.5100000E+02   1.1560353E+02   1.0698782E+05   8.9451760E+02   2.0907990E+00   1.0453995E+00
     1.8200000E+02   1.1559391E+02   8.9030709E+04   8.9451760E+02   2.0811864E+00   1.0405932E+00
     2.1200000E+02   1.1558399E+02   7.1534350E+04   8.9451760E+02   2.0712625E+00   1.0356313E+00
     2.4300000E+02   1.1562733E+02   1.5944131E+05   8.9451760E+02   2.1146059E+00   1.0573029E+00
     2.7400000E+02   1.1562249E+02   1.4825389E+05   8.9451760E+02   2.1097674E+00   1.0548837E+00
     3.0400000E+02   1.1560664E+02   1.1412243E+05   8.9451760E+02   2.0939150E+00   1.0469575E+00
     3.3500000E+02   1.1563050E+02   1.6579104E+05   8.9451760E+02   2.1177700E+00   1.0588850E+00
     3.6500000E+02   1.1855746E+02   3.7750848E+07   8.9451760E+02   5.0447320E+00   2.5223660E+00
     3.9600000E+02   1.1911319E+02   4.9916349E+07   8.9451760E+02   3.9572862E+00   1.9786431E+00
     4.2700000E+02   1.1690260E+02   1.0206508E+07   8.9451760E+02   1.1692536E+00   5.8462681E-01
     4.5500000E+02   1.1560464E+02   1.0945399E+05   8.9451760E+02   1.5764930E+00   7.8824650E-01
     4.8600000E+02   1.1644535E+02   5.2456925E+06   8.9451760E+02   1.7467337E+00   8.7336684E-01
     5.1600000E+02   1.1560557E+02   1.1119838E+05   8.9451760E+02   1.8402309E+00   9.2011545E-01
     5.4700000E+02   1.1558278E+02   6.9433470E+04   8.9451760E+02   2.0700498E+00   1.0350249E+00
     5.7700000E+02   1.1558205E+02   6.8355343E+04   8.9451760E+02   2.0693203E+00   1.0346601E+00
     6.0800000E+02   1.1562441E+02   1.5274371E+05   8.9451760E+02   2.1116840E+00   1.0558420E+00
     6.3900000E+02   1.1562226E+02   1.4776868E+05   8.9451760E+02   2.1095308E+00   1.0547654E+00
     6.6900000E+02   1.1560137E+02   1.0361453E+05   8.9451760E+02   2.0886399E+00   1.0443200E+00
     7.0000000E+02   1.1555963E+02   3.4976001E+04   8.9451760E+02   2.0469038E+00   1.0234519E+00
     7.3000000E+02   1.1587088E+02   1.0630785E+06   8.9451760E+02   2.3581513E+00   1.1790756E+00
     7.6100000E+02   1.1793355E+02   2.5758943E+07   8.9451760E+02   4.4208219E+00   2.2104109E+00
     7.9200000E+02   1.1650850E+02   5.8597842E+06   8.9451760E+02   2.9957738E+00   1.4978869E+00
     8.2100000E+02   1.1664766E+02   7.2815398E+06   8.9451760E+02   2.3925614E+00   1.1962807E+00
     8.5200000E+02   1.1558916E+02   8.0072395E+04   8.9451760E+02   2.0764369E+00   1.0382184E+00
     8.8200000E+02   1.1564411E+02   1.9889869E+05   8.9451760E+02   2.1313833E+00   1.0656916E+00
     9.1300000E+02   1.1557667E+02   5.9613460E+04   8.9451760E+02   2.0639427E+00   1.0319713E+00
     9.4300000E+02   1.1557168E+02   5.2044853E+04   8.9451760E+02   2.0589524E+00   1.0294762E+00
     9.7400000E+02   1.1562262E+02   1.4867922E+05   8.9451760E+02   2.1098887E+00   1.0549444E+00
     1.0050000E+03   1.1561830E+02   1.3895971E+05   8.9451760E+02   2.1055711E+00   1.0527856E+00
     1.0350000E+03   1.1558688E+02   7.6800456E+04   8.9451760E+02   2.0741554E+00   1.0370777E+00
     1.0660000E+03   1.1572634E+02   4.5006754E+05   8.9451760E+02   2.2136180E+00   1.1068090E+00
     1.0960000E+03   1.1781607E+02   2.3703944E+07   8.9451760E+02   4.3033406E+00   2.1516703E+00
     1.1270000E+03   1.1725995E+02   1.4952146E+07   8.9451760E+02   3.7472230E+00   1.8736115E+00
     1.1580000E+03   1.1990653E+02   6.9569721E+07   8.9451760E+02   3.4434169E+00   1.7217085E+00
     1.1860000E+03   1.1841423E+02   3.4843501E+07   8.9451760E+02   1.3529647E+00   6.7648235E-01
     1.2170000E+03   1.1572507E+02   4.4482187E+05   8.9451760E+02   1.3493789E+00   6.7468947E-01
     1.2470000E+03   1.1558398E+02   7.1129304E+04   8.9451760E+02   2.0712549E+00   1.0356274E+00
     1.2780000E+03   1.1557595E+02   5.8512132E+04   8.9451760E+02   2.0632274E+00   1.0316137E+00
     1.3080000E+03   1.1557269E+02   5.3613705E+04   8.9451760E+02   2.0599641E+00   1.0299821E+00
     1.3390000E+03   1.1562060E+02   1.4417222E+05   8.9451760E+02   2.1078686E+00   1.0539343E+00
     1.3700000E+03   1.1561555E+02   1.3296302E+05   8.9451760E+02   2.1028216E+00   1.0514108E+00
     1.4000000E+03   1.1558865E+02   7.9947843E+04   8.9451760E+02   2.0759210E+00   1.0379605E+00
     1.4310000E+03   1.1565809E+02   2.3590143E+05   8.9451760E+02   2.1453602E+00   1.0726801E+00
     1.4610000E+03   1.1962505E+02   6.2278771E+07   8.9451760E+02   6.1123273E+00   3.0561636E+00
     1.4920000E+03   1.1757873E+02   1.9774120E+07   8.9451760E+02   4.0660066E+00   2.0330033E+00
     1.5230000E+03   1.1823092E+02   3.1233279E+07   8.9451760E+02   2.9866780E+00   1.4933390E+00
     1.5510000E+03   1.1678277E+02   8.7795891E+06   8.9451760E+02   1.7820433E+00   8.9102163E-01
     1.5820000E+03   1.1783572E+02   2.4036639E+07   8.9451760E+02   1.1485498E+00   5.7427490E-01
     1.6120000E+03   1.1582502E+02   8.4620642E+05   8.9451760E+02   1.2639439E+00   6.3197197E-01
     1.6430000E+03   1.1557718E+02   6.0416660E+04   8.9451760E+02   2.0644519E+00   1.0322260E+00
     1.6730000E+03   1.1557092E+02   5.0959514E+04   8.9451760E+02   2.0581950E+00   1.0290975E+00
     1.7040000E+03   1.1560350E+02   1.0806245E+05   8.9451760E+02   2.0907709E+00   1.0453854E+00
     1.7350000E+03   1.1561679E+02   1.3568587E+05   8.9451760E+02   2.1040669E+00   1.0520334E+00
     1.7650000E+03   1.1559887E+02   9.8812191E+04   8.9451760E+02   2.0861460E+00   1.0430730E+00
     1.7960000E+03   1.1556137E+02   3.7276348E+04   8.9451760E+02   2.0486392E+00   1.0243196E+00
     1.8260000E+03   1.1562114E+02   1.4424568E+05   8.9451760E+02   2.1084091E+00   1.0542045E+00
     1.8570000E+03   1.1732696E+02   1.5919918E+07   8.9451760E+02   3.8142354E+00   1.9071177E+00
     1.8880000E+03   1.1639084E+02   4.7548710E+06   8.9451760E+02   2.8781149E+00   1.4390575E+00
     1.9160000E+03   1.1922394E+02   5.2508737E+07   8.9451760E+02   3.9750167E+00   1.9875083E+00
     1.9470000E+03   1.1783087E+02   2.3958345E+07   8.9451760E+02   1.8116844E+00   9.0584218E-01
     1.9770000E+03   1.1564162E+02   1.9266718E+05   8.9451760E+02   2.0798588E+00   1.0399294E+00
     2.0080000E+03   1.1557079E+02   5.0697438E+04   8.9451760E+02   2.0580638E+00   1.0290319E+00
     2.0380000E+03   1.1556500E+02   4.2524915E+04   8.9451760E+02   2.0522706E+00   1.0261353E+00
     2.0690000E+03   1.1561531E+02   1.3258724E+05   8.9451760E+02   2.1025874E+00   1.0512937E+00
     2.1000000E+03   1.1561342E+02   1.2843051E+05   8.9451760E+02   2.1006939E+00   1.0503470E+00
     2.1300000E+03   1.1559602E+02   9.3414240E+04   8.9451760E+02   2.0832955E+00   1.0416478E+00
     2.1610000E+03   1.1583258E+02   8.8124056E+05   8.9451760E+02   2.3198489E+00   1.1599244E+00
     2.1910000E+03   1.1563381E+02   1.7373434E+05   8.9451760E+02   2.1210791E+00   1.0605395E+00
     2.2220000E+03   1.1568684E+02   3.1868227E+05   8.9451760E+02   2.1741118E+00   1.0870559E+00
     2.2530000E+03   1.1557523E+02   5.7024152E+04   8.9451760E+02   2.0625013E+00   1.0312507E+00
     2.2820000E+03   1.1621432E+02   3.2672783E+06   8.9451760E+02   2.7015927E+00   1.3507964E+00
     2.3130000E+03   1.1555606E+02   3.0568958E+04   8.9451760E+02   2.0433281E+00   1.0216641E+00
     2.3430000E+03   1.1565450E+02   2.2597121E+05   8.9451760E+02   2.1417689E+00   1.0708845E+00
     2.3740000E+03   1.1555580E+02   3.0621821E+04   8.9451760E+02   2.0430729E+00   1.0215365E+00
     2.4040000E+03   1.1555705E+02   3.2212040E+04   8.9451760E+02   2.0443228E+00   1.0221614E+00
     2.4350000E+03   1.1561403E+02   1.2988003E+05   8.9451760E+02   2.1012989E+00   1.0506495E+00
     2.4660000E+03   1.1559665E+02   9.4702023E+04   8.9451760E+02   2.0839203E+00   1.0419601E+00
     2.4960000E+03   1.1558210E+02   6.8760826E+04   8.9451760E+02   2.0693749E+00   1.0346875E+00
     2.5270000E+03   1.1553819E+02   1.2066470E+04   8.9451760E+02   2.0254667E+00   1.0127334E+00
     2.5570000E+03   1.1565520E+02   2.2827287E+05   8.9451760E+02   2.1424707E+00   1.0712353E+00
     2.5880000E+03   1.1562139E+02   1.4505648E+05   8.9451760E+02   2.1086666E+00   1.0543333E+00
     2.6190000E+03   1.1624531E+02   3.5099473E+06   8.9451760E+02   2.7325807E+00   1.3662903E+00
     2.6470000E+03   1.1592046E+02   1.3187598E+06   8.9451760E+02   2.4077314E+00   1.2038657E+00
     2.6780000E+03   1.1559746E+02   9.5421840E+04   8.9451760E+02   2.0847367E+00   1.0423683E+00
     2.7080000E+03   1.1553565E+02   9.9789783E+03   8.9451760E+02   2.0229232E+00   1.0114616E+00
     2.7390000E+03   1.1553034E+02   6.2933717E+03   8.9451760E+02   2.0176127E+00   1.0088063E+00
     2.7690000E+03   1.1555162E+02   2.5818245E+04   8.9451760E+02   2.0388899E+00   1.0194449E+00
     2.8000000E+03   1.1561105E+02   1.2360609E+05   8.9451760E+02   2.0983263E+00   1.0491632E+00
     2.8310000E+03   1.1560818E+02   1.1752642E+05   8.9451760E+02   2.0954534E+00   1.0477267E+00
     2.8610000E+03   1.1556374E+02   4.1092162E+04   8.9451760E+02   2.0510144E+00   1.0255072E+00
     2.8920000E+03   1.1552844E+02   4.9023029E+03   8.9451760E+02   2.0157094E+00   1.0078547E+00
     2.9220000E+03   1.1777920E+02   2.3077725E+07   8.9451760E+02   4.2664716E+00   2.1332358E+00
     2.9530000E+03   1.1805175E+02   2.7882780E+07   8.9451760E+02   4.5390260E+00   2.2695130E+00
     2.9840000E+03   1.1967278E+02   6.3495890E+07   8.9451760E+02   6.1600490E+00   3.0800245E+00
     3.0120000E+03   1.1812170E+02   2.9176262E+07   8.9451760E+02   4.6089720E+00   2.3044860E+00
     3.0430000E+03   1.1670312E+02   7.8906406E+06   8.9451760E+02   3.1903969E+00   1.5951985E+00
     3.0730000E+03   1.1624278E+02   3.4887663E+06   8.9451760E+02   2.7300493E+00   1.3650247E+00
     3.1040000E+03   1.1555773E+02   3.2984281E+04   8.9451760E+02   2.0450043E+00   1.0225022E+00
     3.1340000E+03   1.1555585E+02   3.0748868E+04   8.9451760E+02   2.0431211E+00   1.0215605E+00
     3.1650000E+03   1.1561226E+02   1.2613524E+05   8.9451760E+02   2.0995330E+00   1.0497665E+00
     3.1960000E+03   1.1560895E+02   1.1911243E+05   8.9451760E+02   2.0962259E+00   1.0481130E+00
     3.2260000E+03   1.1557185E+02   5.2677035E+04   8.9451760E+02   2.0591230E+00   1.0295615E+00
     3.2570000E+03   1.1554677E+02   2.0145513E+04   8.9451760E+02   2.0340448E+00   1.0170224E+00
     3.2870000E+03   1.1570016E+02   3.6130971E+05   8.9451760E+02   2.1874372E+00   1.0937186E+00
     3.3180000E+03   1.1560203E+02   1.0417576E+05   8.9451760E+02   2.0893039E+00   1.0446519E+00
     3.3490000E+03   1.1889555E+02   4.5002461E+07   8.9451760E+02   5.3828244E+00   2.6914122E+00
     3.3770000E+03   1.1841759E+02   3.4893504E+07   8.9451760E+02   4.9048608E+00   2.4524304E+00
     3.4080000E+03   1.1568266E+02   3.0584085E+05   8.9451760E+02   2.1699355E+00   1.0849677E+00
     3.4380000E+03   1.1562649E+02   1.5630338E+05   8.9451760E+02   2.1137596E+00   1.0568798E+00
     3.4690000E+03   1.1553285E+02   7.9012237E+03   8.9451760E+02   2.0201263E+00   1.0100631E+00
     3.4990000E+03   1.1554027E+02   1.3913355E+04   8.9451760E+02   2.0275452E+00   1.0137726E+00
     3.5300000E+03   1.1560633E+02   1.1267914E+05   8.9451760E+02   2.0936001E+00   1.0468001E+00
     3.5610000E+03   1.1560550E+02   1.1100901E+05   8.9451760E+02   2.0927763E+00   1.0463882E+00
     3.5910000E+03   1.1558676E+02   7.5897022E+04   8.9451760E+02   2.0740335E+00   1.0370168E+00
     3.6220000E+03   1.1583927E+02   9.1134220E+05   8.9451760E+02   2.3265386E+00   1.1632693E+00
     3.6520000E+03   1.1701360E+02   1.1604113E+07   8.9451760E+02   3.5008763E+00   1.7504382E+00
     3.6830000E+03   1.1813156E+02   2.9355033E+07   8.9451760E+02   4.6188354E+00   2.3094177E+00
     3.7140000E+03   1.1840860E+02   3.4724904E+07   8.9451760E+02   4.8958686E+00   2.4479343E+00
     3.7430000E+03   1.1907297E+02   4.8995864E+07   8.9451760E+02   4.4225703E+00   2.2112851E+00
     3.7740000E+03   1.1556845E+02   4.6935856E+04   8.9451760E+02   2.0557241E+00   1.0278621E+00
     3.8040000E+03   1.1563705E+02   1.8138287E+05   8.9451760E+02   2.1243225E+00   1.0621612E+00
     3.8350000E+03   1.1553908E+02   1.2879162E+04   8.9451760E+02   2.0263562E+00   1.0131781E+00
     3.8650000E+03   1.1553555E+02   9.9307099E+03   8.9451760E+02   2.0228186E+00   1.0114093E+00
     3.8960000E+03   1.1560377E+02   1.0756457E+05   8.9451760E+02   2.0910477E+00   1.0455239E+00
     3.9270000E+03   1.1560316E+02   1.0633744E+05   8.9451760E+02   2.0904324E+00   1.0452162E+00
     3.9570000E+03   1.1558375E+02   7.0763403E+04   8.9451760E+02   2.0710230E+00   1.0355115E+00
     3.9880000E+03   1.1551998E+02   7.1226547E+02   8.9451760E+02   2.0072554E+00   1.0036277E+00
     4.0180000E+03   1.1556726E+02   4.5285006E+04   8.9451760E+02   2.0545367E+00   1.0272683E+00
     4.0490000E+03   1.1781185E+02   2.3608427E+07   8.9451760E+02   4.2991270E+00   2.1495635E+00
     4.0800000E+03   1.1836809E+02   3.3906074E+07   8.9451760E+02   4.8553675E+00   2.4276837E+00
     4.1080000E+03   1.1643286E+02   5.1296725E+06   8.9451760E+02   2.9201324E+00   1.4600662E+00
     4.1390000E+03   1.1602940E+02   1.9670357E+06   8.9451760E+02   2.5166703E+00   1.2583352E+00
     4.1690000E+03   1.1553872E+02   1.2543703E+04   8.9451760E+02   2.0259922E+00   1.0129961E+00
     4.2000000E+03   1.1553473E+02   9.3147638E+03   8.9451760E+02   2.0220007E+00   1.0110004E+00
     4.2300000E+03   1.1553890E+02   1.2712806E+04   8.9451760E+02   2.0261772E+00   1.0130886E+00
     4.2610000E+03   1.1560304E+02   1.0610433E+05   8.9451760E+02   2.0903090E+00   1.0451545E+00
     4.2920000E+03   1.1560438E+02   1.0876002E+05   8.9451760E+02   2.0916524E+00   1.0458262E+00
     4.3220000E+03   1.1557699E+02   5.9762177E+04   8.9451760E+02   2.0642646E+00   1.0321323E+00
     4.3530000E+03   1.1572474E+02   4.4300655E+05   8.9451760E+02   2.2120102E+00   1.1060051E+00
     4.3830000E+03   1.1850554E+02   3.6666915E+07   8.9451760E+02   4.9928130E+00   2.4964065E+00
     4.4140000E+03   1.1909285E+02   4.9447482E+07   8.9451760E+02   5.5801231E+00   2.7900615E+00
     4.4450000E+03   1.1854688E+02   3.7552705E+07   8.9451760E+02   5.0341518E+00   2.5170759E+00
     4.4730000E+03   1.1776318E+02   2.2812717E+07   8.9451760E+02   3.4638207E+00   1.7319104E+00
     4.5040000E+03   1.1766296E+02   2.1148836E+07   8.9451760E+02   2.3160984E+00   1.1580492E+00
     4.5340000E+03   1.1708588E+02   1.2550736E+07   8.9451760E+02   1.4010931E+00   7.0054654E-01
     4.5650000E+03   1.1556216E+02   3.8322221E+04   8.9451760E+02   2.0494367E+00   1.0247183E+00
     4.5950000E+03   1.1554174E+02   1.5241553E+04   8.9451760E+02   2.0290083E+00   1.0145041E+00
     4.6260000E+03   1.1560440E+02   1.0881151E+05   8.9451760E+02   2.0916743E+00   1.0458371E+00
     4.6570000E+03   1.1560573E+02   1.1145720E+05   8.9451760E+02   2.0929994E+00   1.0464997E+00
     4.6870000E+03   1.1556394E+02   4.0652561E+04   8.9451760E+02   2.0512120E+00   1.0256060E+00
     4.7180000E+03   1.1579081E+02   6.9708517E+05   8.9451760E+02   2.2780866E+00   1.1390433E+00
     4.7480000E+03   1.1833629E+02   3.3288572E+07   8.9451760E+02   4.8235657E+00   2.4117828E+00
     4.7790000E+03   1.1752088E+02   1.8854792E+07   8.9451760E+02   4.0081492E+00   2.0040746E+00
     4.8100000E+03   1.1892893E+02   4.5731586E+07   8.9451760E+02   2.9473851E+00   1.4736925E+00
     4.8380000E+03   1.1946268E+02   5.8274529E+07   8.9451760E+02   1.8972389E+00   9.4861947E-01
     4.8690000E+03   1.1945548E+02   5.8071096E+07   8.9451760E+02   1.0639809E+00   5.3199045E-01
     4.8990000E+03   1.1660342E+02   6.8168737E+06   8.9451760E+02  -7.4967524E-02  -3.7483762E-02
     4.9300000E+03   1.1556054E+02   3.6195167E+04   8.9451760E+02   2.0478164E+00   1.0239082E+00
     4.9600000E+03   1.1555034E+02   2.3974199E+04   8.9451760E+02   2.0376170E+00   1.0188085E+00
     4.9910000E+03   1.1560671E+02   1.1345280E+05   8.9451760E+02   2.0939825E+00   1.0469913E+00
     5.0220000E+03   1.1559890E+02   9.8056049E+04   8.9451760E+02   2.0861768E+00   1.0430884E+00
     5.0520000E+03   1.1557833E+02   6.1883122E+04   8.9451760E+02   2.0656066E+00   1.0328033E+00
     5.0830000E+03   1.1553248E+02   7.6058725E+03   8.9451760E+02   2.0197551E+00   1.0098776E+00
     5.1130000E+03   1.1908204E+02   4.9181336E+07   8.9451760E+02   5.5693110E+00   2.7846555E+00
     5.1440000E+03   1.1938532E+02   5.6357621E+07   8.9451760E+02   4.0450064E+00   2.0225032E+00
     5.1750000E+03   1.1561378E+02   1.2812267E+05   8.9451760E+02   2.1010500E+00   1.0505250E+00
     5.2040000E+03   1.1631992E+02   4.1280765E+06   8.9451760E+02   2.8071952E+00   1.4035976E+00
     5.2350000E+03   1.1561042E+02   1.2100902E+05   8.9451760E+02   2.0976952E+00   1.0488476E+00
     5.2650000E+03   1.1557640E+02   5.8887073E+04   8.9451760E+02   2.0636762E+00   1.0318381E+00
     5.2960000E+03   1.1554265E+02   1.6117612E+04   8.9451760E+02   2.0299187E+00   1.0149593E+00
     5.3260000E+03   1.1553144E+02   6.8906645E+03   8.9451760E+02   2.0187159E+00   1.0093580E+00
     5.3570000E+03   1.1560585E+02   1.1171626E+05   8.9451760E+02   2.0931223E+00   1.0465612E+00
     5.3880000E+03   1.1560147E+02   1.0301852E+05   8.9451760E+02   2.0887429E+00   1.0443715E+00
     5.4180000E+03   1.1558539E+02   7.3545800E+04   8.9451760E+02   2.0726649E+00   1.0363324E+00
     5.4490000E+03   1.1563961E+02   1.8778999E+05   8.9451760E+02   2.1268877E+00   1.0634439E+00
     5.4790000E+03   1.1888404E+02   4.4724727E+07   8.9451760E+02   5.3713144E+00   2.6856572E+00
     5.5100000E+03   1.1617489E+02   2.9637726E+06   8.9451760E+02   2.6621636E+00   1.3310818E+00
     5.5410000E+03   1.1573269E+02   4.7167613E+05   8.9451760E+02   2.2199587E+00   1.1099793E+00
     5.5690000E+03   1.1681356E+02   9.1425217E+06   8.9451760E+02   3.3008361E+00   1.6504180E+00
     5.6000000E+03   1.1662616E+02   7.0522210E+06   8.9451760E+02   3.1134308E+00   1.5567154E+00
     5.6300000E+03   1.1554481E+02   1.8189064E+04   8.9451760E+02   2.0320870E+00   1.0160435E+00
     5.6610000E+03   1.1554365E+02   1.7076090E+04   8.9451760E+02   2.0309223E+00   1.0154611E+00
     5.6910000E+03   1.1553564E+02   1.0011156E+04   8.9451760E+02   2.0229160E+00   1.0114580E+00
     5.7220000E+03   1.1560292E+02   1.0587165E+05   8.9451760E+02   2.0901902E+00   1.0450951E+00
     5.7530000E+03   1.1560151E+02   1.0310779E+05   8.9451760E+02   2.0887870E+00   1.0443935E+00
     5.7830000E+03   1.1556060E+02   3.6239878E+04   8.9451760E+02   2.0478759E+00   1.0239380E+00
     5.8140000E+03   1.1556767E+02   4.5808123E+04   8.9451760E+02   2.0549463E+00   1.0274731E+00
     5.8440000E+03   1.1703174E+02   1.1837434E+07   8.9451760E+02   3.5190109E+00   1.7595054E+00
     5.8750000E+03   1.1693065E+02   1.0553539E+07   8.9451760E+02   3.4179206E+00   1.7089603E+00
     5.9060000E+03   1.1830332E+02   3.2635329E+07   8.9451760E+02   4.7905893E+00   2.3952947E+00
     5.9340000E+03   1.2105035E+02   1.0225471E+08   8.9451760E+02   4.2741628E+00   2.1370814E+00
     5.9650000E+03   1.1739507E+02   1.6936514E+07   8.9451760E+02   1.7239980E+00   8.6199902E-01
     5.9950000E+03   1.1555493E+02   2.9183209E+04   8.9451760E+02   2.0421982E+00   1.0210991E+00
     6.0260000E+03   1.1553390E+02   8.6540047E+03   8.9451760E+02   2.0211761E+00   1.0105880E+00
     6.0560000E+03   1.1552887E+02   5.1908046E+03   8.9451760E+02   2.0161387E+00   1.0080694E+00
     6.0870000E+03   1.1559489E+02   9.0507153E+04   8.9451760E+02   2.0821670E+00   1.0410835E+00
     6.1180000E+03   1.1559479E+02   9.0303612E+04   8.9451760E+02   2.0820629E+00   1.0410314E+00
     6.1480000E+03   1.1553991E+02   1.3561489E+04   8.9451760E+02   2.0271845E+00   1.0135923E+00
     6.1790000E+03   1.1551278E+02   0.0000000E+00   8.9451760E+02   2.0000568E+00   1.0000284E+00
     6.2090000E+03   1.1552992E+02   5.8422206E+03   8.9451760E+02   2.0171917E+00   1.0085959E+00
     6.2400000E+03   1.1614763E+02   2.7634136E+06   8.9451760E+02   2.6349016E+00   1.3174508E+00
     6.2710000E+03   1.1738235E+02   1.6745762E+07   8.9451760E+02   3.8696236E+00   1.9348118E+00
     6.2990000E+03   1.1754738E+02   1.9279572E+07   8.9451760E+02   4.0346540E+00   2.0173270E+00
     6.3300000E+03   1.1677147E+02   8.6486222E+06   8.9451760E+02   3.2587456E+00   1.6293728E+00
     6.3600000E+03   1.1553654E+02   1.0694126E+04   8.9451760E+02   2.0238095E+00   1.0119047E+00
     6.3910000E+03   1.1553243E+02   7.5793475E+03   8.9451760E+02   2.0197053E+00   1.0098527E+00
     6.4210000E+03   1.1551443E+02   0.0000000E+00   8.9451760E+02   2.0017001E+00   1.0008500E+00
     6.4520000E+03   1.1558946E+02   8.0664914E+04   8.9451760E+02   2.0767355E+00   1.0383678E+00
     6.4830000E+03   1.1559166E+02   8.4590403E+04   8.9451760E+02   2.0789371E+00   1.0394685E+00
     6.5130000E+03   1.1556991E+02   4.9028528E+04   8.9451760E+02   2.0571827E+00   1.0285913E+00
     6.5440000E+03   1.1555556E+02   2.9944692E+04   8.9451760E+02   2.0428355E+00   1.0214178E+00
     6.5740000E+03   1.1659443E+02   6.7241103E+06   8.9451760E+02   3.0817066E+00   1.5408533E+00
     6.6050000E+03   1.1867873E+02   4.0285386E+07   8.9451760E+02   5.1660023E+00   2.5830011E+00
     6.6360000E+03   1.1817760E+02   3.0225967E+07   8.9451760E+02   4.6648757E+00   2.3324379E+00
     6.6650000E+03   1.1555610E+02   3.0587836E+04   8.9451760E+02   2.0433683E+00   1.0216842E+00
     6.6960000E+03   1.1552763E+02   4.4160570E+03   8.9451760E+02   2.0149018E+00   1.0074509E+00
     6.7260000E+03   1.1563137E+02   1.6762433E+05   8.9451760E+02   2.1186477E+00   1.0593238E+00
     6.7570000E+03   1.1551278E+02   0.0000000E+00   8.9451760E+02   2.0000535E+00   1.0000268E+00
     6.7870000E+03   1.1551279E+02   0.0000000E+00   8.9451760E+02   2.0000679E+00   1.0000340E+00
     6.8180000E+03   1.1559395E+02   8.8774987E+04   8.9451760E+02   2.0812273E+00   1.0406136E+00
     6.8490000E+03   1.1559113E+02   8.3623070E+04   8.9451760E+02   2.0783992E+00   1.0391996E+00
     6.8790000E+03   1.1556809E+02   4.6412175E+04   8.9451760E+02   2.0553652E+00   1.0276826E+00
     6.9100000E+03   1.1551279E+02   0.0000000E+00   8.9451760E+02   2.0000584E+00   1.0000292E+00
     6.9400000E+03   1.1734469E+02   1.6174197E+07   8.9451760E+02   3.8319618E+00   1.9159809E+00
     6.9710000E+03   1.1701642E+02   1.1646329E+07   8.9451760E+02   3.5036946E+00   1.7518473E+00
     7.0020000E+03   1.1586614E+02   1.0402715E+06   8.9451760E+02   2.3534088E+00   1.1767044E+00
     7.0300000E+03   1.1565888E+02   2.3782477E+05   8.9451760E+02   2.1461563E+00   1.0730782E+00
     7.0610000E+03   1.1823354E+02   3.1288920E+07   8.9451760E+02   4.7208161E+00   2.3604081E+00
     7.0910000E+03   1.1552699E+02   4.0384411E+03   8.9451760E+02   2.0142641E+00   1.0071321E+00
     7.1220000E+03   1.1551831E+02   1.6032405E+02   8.9451760E+02   2.0055815E+00   1.0027908E+00
     7.1520000E+03   1.1551280E+02   0.0000000E+00   8.9451760E+02   2.0000707E+00   1.0000353E+00
     7.1830000E+03   1.1558987E+02   8.1386767E+04   8.9451760E+02   2.0771414E+00   1.0385707E+00
     7.2140000E+03   1.1558874E+02   7.9377101E+04   8.9451760E+02   2.0760109E+00   1.0380054E+00
     7.2440000E+03   1.1552643E+02   3.7215247E+03   8.9451760E+02   2.0137011E+00   1.0068505E+00
     7.2750000E+03   1.1574003E+02   4.9712675E+05   8.9451760E+02   2.2273004E+00   1.1136502E+00
     7.3050000E+03   1.1570798E+02   3.8593586E+05   8.9451760E+02   2.1952519E+00   1.0976260E+00
     7.3360000E+03   1.1551276E+02   0.0000000E+00   8.9451760E+02   2.0000308E+00   1.0000154E+00
     7.3670000E+03   1.1788662E+02   2.4933471E+07   8.9451760E+02   4.3738980E+00   2.1869490E+00
     7.3950000E+03   1.1674202E+02   8.3232623E+06   8.9451760E+02   3.2292881E+00   1.6146440E+00
     7.4260000E+03   1.1551437E+02   0.0000000E+00   8.9451760E+02   2.0016404E+00   1.0008202E+00
     7.4560000E+03   1.1551278E+02   0.0000000E+00   8.9451760E+02   2.0000513E+00   1.0000257E+00
     7.4870000E+03   1.1602192E+02   1.9097227E+06   8.9451760E+02   2.5091958E+00   1.2545979E+00
     7.5170000E+03   1.1551280E+02   0.0000000E+00   8.9451760E+02   2.0000727E+00   1.0000364E+00
     7.5480000E+03   1.1558865E+02   7.9234879E+04   8.9451760E+02   2.0759234E+00   1.0379617E+00
     7.5790000E+03   1.1558843E+02   7.8834099E+04   8.9451760E+02   2.0757014E+00   1.0378507E+00
     7.6090000E+03   1.1556157E+02   3.7487783E+04   8.9451760E+02   2.0488382E+00   1.0244191E+00
     7.6400000E+03   1.1551278E+02   0.0000000E+00   8.9451760E+02   2.0000556E+00   1.0000278E+00
     7.6700000E+03   1.1556664E+02   4.4371126E+04   8.9451760E+02   2.0539170E+00   1.0269585E+00
     7.7010000E+03   1.1564668E+02   2.0561424E+05   8.9451760E+02   2.1339517E+00   1.0669758E+00
     7.7320000E+03   1.1562805E+02   1.5983298E+05   8.9451760E+02   2.1153231E+00   1.0576615E+00
     7.7600000E+03   1.1709358E+02   1.2659070E+07   8.9451760E+02   3.5808488E+00   1.7904244E+00
     7.7910000E+03   1.1915675E+02   5.0908770E+07   8.9451760E+02   5.6440220E+00   2.8220110E+00
     7.8210000E+03   1.1551347E+02   0.0000000E+00   8.9451760E+02   2.0007435E+00   1.0003718E+00
     7.8520000E+03   1.1551279E+02   0.0000000E+00   8.9451760E+02   2.0000637E+00   1.0000319E+00
     7.8820000E+03   1.1551279E+02   0.0000000E+00   8.9451760E+02   2.0000643E+00   1.0000321E+00
     7.9130000E+03   1.1558563E+02   7.3995155E+04   8.9451760E+02   2.0729027E+00   1.0364513E+00
     7.9440000E+03   1.1558201E+02   6.7883837E+04   8.9451760E+02   2.0692782E+00   1.0346391E+00
     7.9740000E+03   1.1556266E+02   3.8927405E+04   8.9451760E+02   2.0499291E+00   1.0249645E+00
     8.0050000E+03   1.1563161E+02   1.6819470E+05   8.9451760E+02   2.1188822E+00   1.0594411E+00
     8.0350000E+03   1.1567327E+02   2.7810842E+05   8.9451760E+02   2.1605465E+00   1.0802733E+00
     8.0660000E+03   1.1659231E+02   6.6965669E+06   8.9451760E+02   3.0795830E+00   1.5397915E+00
     8.0970000E+03   1.1637708E+02   4.6262198E+06   8.9451760E+02   2.8643535E+00   1.4321767E+00
     8.1260000E+03   1.1868693E+02   4.0464858E+07   8.9451760E+02   5.1742057E+00   2.5871028E+00
     8.1570000E+03   1.1645995E+02   5.3968986E+06   8.9451760E+02   2.9472202E+00   1.4736101E+00
     8.1870000E+03   1.1555164E+02   2.5385952E+04   8.9451760E+02   2.0389169E+00   1.0194584E+00
     8.2180000E+03   1.1551280E+02   0.0000000E+00   8.9451760E+02   2.0000687E+00   1.0000343E+00
     8.2480000E+03   1.1551279E+02   0.0000000E+00   8.9451760E+02   2.0000587E+00   1.0000294E+00
     8.2790000E+03   1.1558544E+02   7.3673051E+04   8.9451760E+02   2.0727141E+00   1.0363570E+00
     8.3100000E+03   1.1558717E+02   7.6644364E+04   8.9451760E+02   2.0744462E+00   1.0372231E+00
     8.3400000E+03   1.1556207E+02   3.8150392E+04   8.9451760E+02   2.0493422E+00   1.0246711E+00
     8.3710000E+03   1.1577150E+02   6.1861269E+05   8.9451760E+02   2.2587684E+00   1.1293842E+00
     8.4010000E+03   1.1557539E+02   5.7306521E+04   8.9451760E+02   2.0626587E+00   1.0313294E+00
     8.4320000E+03   1.1897881E+02   4.6855185E+07   8.9451760E+02   5.4660790E+00   2.7330395E+00
     8.4630000E+03   1.1954616E+02   6.0312138E+07   8.9451760E+02   6.0334303E+00   3.0167151E+00
     8.4910000E+03   1.1831156E+02   3.2808564E+07   8.9451760E+02   4.7988290E+00   2.3994145E+00
     8.5220000E+03   1.1565091E+02   2.1640339E+05   8.9451760E+02   2.1381835E+00   1.0690917E+00
     8.5520000E+03   1.1559896E+02   9.8144876E+04   8.9451760E+02   2.0862354E+00   1.0431177E+00
     8.5830000E+03   1.1558967E+02   8.1037291E+04   8.9451760E+02   2.0769476E+00   1.0384738E+00
     8.6130000E+03   1.1551281E+02   0.0000000E+00   8.9451760E+02   2.0000793E+00   1.0000397E+00
     8.6440000E+03   1.1557206E+02   5.2269860E+04   8.9451760E+02   2.0593325E+00   1.0296663E+00
     8.6750000E+03   1.1557414E+02   5.5402539E+04   8.9451760E+02   2.0614148E+00   1.0307074E+00
     8.7050000E+03   1.1554956E+02   2.3098185E+04   8.9451760E+02   2.0368280E+00   1.0184140E+00
     8.7360000E+03   1.1551283E+02   0.0000000E+00   8.9451760E+02   2.0000989E+00   1.0000495E+00
     8.7660000E+03   1.1613784E+02   2.6935145E+06   8.9451760E+02   2.6251120E+00   1.3125560E+00
     8.7970000E+03   1.1718740E+02   1.3925951E+07   8.9451760E+02   3.6746717E+00   1.8373359E+00
     8.8280000E+03   1.1684149E+02   9.4756882E+06   8.9451760E+02   3.3287657E+00   1.6643828E+00
     8.8560000E+03   1.1764102E+02   2.0782986E+07   8.9451760E+02   4.1282889E+00   2.0641444E+00
     8.8870000E+03   1.1551280E+02   0.0000000E+00   8.9451760E+02   2.0000711E+00   1.0000356E+00
     8.9170000E+03   1.1561421E+02   1.2901738E+05   8.9451760E+02   2.1014880E+00   1.0507440E+00
     8.9480000E+03   1.1551280E+02   0.0000000E+00   8.9451760E+02   2.0000697E+00   1.0000348E+00
     8.9780000E+03   1.1551281E+02   0.0000000E+00   8.9451760E+02   2.0000857E+00   1.0000428E+00
     9.0090000E+03   1.1556960E+02   4.8652885E+04   8.9451760E+02   2.0568740E+00   1.0284370E+00
     9.0400000E+03   1.1557272E+02   5.3254172E+04   8.9451760E+02   2.0599965E+00   1.0299983E+00
     9.0700000E+03   1.1554824E+02   2.1693651E+04   8.9451760E+02   2.0355179E+00   1.0177590E+00
     9.1010000E+03   1.1551280E+02   0.0000000E+00   8.9451760E+02   2.0000734E+00   1.0000367E+00
     9.1310000E+03   1.1787792E+02   2.4772605E+07   8.9451760E+02   4.3651961E+00   2.1825981E+00
     9.1620000E+03   1.1714208E+02   1.3312271E+07   8.9451760E+02   3.6293529E+00   1.8146765E+00
     9.1930000E+03   1.2133711E+02   1.1126605E+08   8.9451760E+02   7.8243878E+00   3.9121939E+00
     9.2210000E+03   1.1560496E+02   1.0990885E+05   8.9451760E+02   2.0922291E+00   1.0461145E+00
     9.2520000E+03   1.1924223E+02   5.2929352E+07   8.9451760E+02   5.7294997E+00   2.8647499E+00
     9.2820000E+03   1.1585272E+02   9.7348215E+05   8.9451760E+02   2.3399914E+00   1.1699957E+00
     9.3130000E+03   1.1560898E+02   1.1810231E+05   8.9451760E+02   2.0962573E+00   1.0481287E+00
     9.3430000E+03   1.1551281E+02   0.0000000E+00   8.9451760E+02   2.0000788E+00   1.0000394E+00
     9.3740000E+03   1.1557322E+02   5.4012913E+04   8.9451760E+02   2.0604930E+00   1.0302465E+00
     9.4050000E+03   1.1557405E+02   5.5258709E+04   8.9451760E+02   2.0613205E+00   1.0306603E+00
     9.4350000E+03   1.1554953E+02   2.3073459E+04   8.9451760E+02   2.0368050E+00   1.0184025E+00
     9.4660000E+03   1.1551279E+02   0.0000000E+00   8.9451760E+02   2.0000675E+00   1.0000338E+00
     9.4960000E+03   1.1553316E+02   8.1198744E+03   8.9451760E+02   2.0204348E+00   1.0102174E+00
     9.5270000E+03   1.1893003E+02   4.5757860E+07   8.9451760E+02   5.4173058E+00   2.7086529E+00
     9.5580000E+03   1.1867741E+02   4.0261194E+07   8.9451760E+02   5.1646782E+00   2.5823391E+00
     9.5870000E+03   1.1881319E+02   4.3175490E+07   8.9451760E+02   5.3004669E+00   2.6502334E+00
     9.6180000E+03   1.1564287E+02   1.9574048E+05   8.9451760E+02   2.1301393E+00   1.0650697E+00
     9.6480000E+03   1.1615975E+02   2.8521685E+06   8.9451760E+02   2.6470219E+00   1.3235110E+00
     9.6790000E+03   1.1576220E+02   5.8133043E+05   8.9451760E+02   2.2494705E+00   1.1247353E+00
     9.7090000E+03   1.1551281E+02   0.0000000E+00   8.9451760E+02   2.0000868E+00   1.0000434E+00
     9.7400000E+03   1.1557389E+02   5.5031873E+04   8.9451760E+02   2.0611644E+00   1.0305822E+00
     9.7710000E+03   1.1557344E+02   5.4330120E+04   8.9451760E+02   2.0607094E+00   1.0303547E+00
     9.8010000E+03   1.1554497E+02   1.8332981E+04   8.9451760E+02   2.0322446E+00   1.0161223E+00
     9.8320000E+03   1.1553922E+02   1.3045999E+04   8.9451760E+02   2.0264963E+00   1.0132481E+00
     9.8620000E+03   1.1664016E+02   7.1991614E+06   8.9451760E+02   3.1274347E+00   1.5637173E+00
     9.8930000E+03   1.1978482E+02   6.6387383E+07   8.9451760E+02   6.2720921E+00   3.1360460E+00
     9.9240000E+03   1.1927389E+02   5.3683978E+07   8.9451760E+02   5.7611630E+00   2.8805815E+00
     9.9520000E+03   1.1554746E+02   2.0876873E+04   8.9451760E+02   2.0347368E+00   1.0173684E+00
     9.9830000E+03   1.1551279E+02   0.0000000E+00   8.9451760E+02   2.0000590E+00   1.0000295E+00
     1.0013000E+04   1.1551277E+02   0.0000000E+00   8.9451760E+02   2.0000473E+00   1.0000237E+00
     1.0044000E+04   1.1551278E+02   0.0000000E+00   8.9451760E+02   2.0000549E+00   1.0000274E+00
     1.0074000E+04   1.1551281E+02   0.0000000E+00   8.9451760E+02   2.0000801E+00   1.0000401E+00
     1.0105000E+04   1.1556936E+02   4.8310245E+04   8.9451760E+02   2.0566368E+00   1.0283184E+00
     1.0136000E+04   1.1555530E+02   2.9684149E+04   8.9451760E+02   2.0425712E+00   1.0212856E+00
     1.0166000E+04   1.1554216E+02   1.5625710E+04   8.9451760E+02   2.0294356E+00   1.0147178E+00
     1.0197000E+04   1.1555587E+02   3.0335105E+04   8.9451760E+02   2.0431402E+00   1.0215701E+00
     1.0227000E+04   1.1811142E+02   2.8980931E+07   8.9451760E+02   4.5986911E+00   2.2993455E+00
     1.0258000E+04   1.1679361E+02   8.9126505E+06   8.9451760E+02   3.2808811E+00   1.6404405E+00
     1.0289000E+04   1.1944460E+02   5.7804319E+07   8.9451760E+02   5.9318767E+00   2.9659383E+00
     1.0317000E+04   1.2080268E+02   9.4791728E+07   8.9451760E+02   7.2899578E+00   3.6449789E+00
     1.0348000E+04   1.1571302E+02   4.0247090E+05   8.9451760E+02   2.2002883E+00   1.1001441E+00
     1.0378000E+04   1.1582823E+02   8.5989405E+05   8.9451760E+02   2.3155071E+00   1.1577535E+00
     1.0409000E+04   1.1583743E+02   9.0257820E+05   8.9451760E+02   2.3247001E+00   1.1623501E+00
     1.0439000E+04   1.1551281E+02   0.0000000E+00   8.9451760E+02   2.0000829E+00   1.0000415E+00
     1.0470000E+04   1.1557120E+02   5.0989820E+04   8.9451760E+02   2.0584697E+00   1.0292348E+00
     1.0501000E+04   1.1557336E+02   5.4216497E+04   8.9451760E+02   2.0606339E+00   1.0303169E+00
     1.0531000E+04   1.1554542E+02   1.8784554E+04   8.9451760E+02   2.0326964E+00   1.0163482E+00
     1.0562000E+04   1.1551283E+02   0.0000000E+00   8.9451760E+02   2.0000995E+00   1.0000498E+00
     1.0592000E+04   1.1768420E+02   2.1482872E+07   8.9451760E+02   4.1714760E+00   2.0857380E+00
     1.0623000E+04   1.1593836E+02   1.4173053E+06   8.9451760E+02   2.4256323E+00   1.2128161E+00
     1.0654000E+04   1.1719440E+02   1.4033712E+07   8.9451760E+02   3.6816725E+00   1.8408363E+00
     1.0682000E+04   1.1920346E+02   5.2028200E+07   8.9451760E+02   5.6907335E+00   2.8453668E+00
     1.0713000E+04   1.1627726E+02   3.7656076E+06   8.9451760E+02   2.7645363E+00   1.3822682E+00
     1.0743000E+04   1.1568849E+02   3.2429489E+05   8.9451760E+02   2.1757645E+00   1.0878822E+00
     1.0774000E+04   1.1551278E+02   0.0000000E+00   8.9451760E+02   2.0000565E+00   1.0000282E+00
     1.0804000E+04   1.1551281E+02   0.0000000E+00   8.9451760E+02   2.0000806E+00   1.0000403E+00
     1.0835000E+04   1.1551279E+02   0.0000000E+00   8.9451760E+02   2.0000677E+00   1.0000338E+00
     1.0866000E+04   1.1551279E+02   0.0000000E+00   8.9451760E+02   2.0000631E+00   1.0000316E+00
     1.0896000E+04   1.1551279E+02   0.0000000E+00   8.9451760E+02   2.0000634E+00   1.0000317E+00
     1.0927000E+04   1.1551280E+02   0.0000000E+00   8.9451760E+02   2.0000741E+00   1.0000370E+00
     1.0957000E+04   1.1668667E+02   7.7000434E+06   8.9451760E+02   3.1739428E+00   1.5869714E+00
     1.0988000E+04   1.1562214E+02   1.4667932E+05   8.9451760E+02   2.1094085E+00   1.0547042E+00
     1.1019000E+04   1.1791298E+02   2.5392596E+07   8.9451760E+02   4.4002538E+00   2.2001269E+00
     1.1048000E+04   1.1922987E+02   5.2649103E+07   8.9451760E+02   5.7171434E+00   2.8585717E+00
     1.1079000E+04   1.1563448E+02   1.7527798E+05   8.9451760E+02   2.1217549E+00   1.0608774E+00
     1.1109000E+04   1.1567657E+02   2.8822900E+05   8.9451760E+02   2.1638465E+00   1.0819233E+00
     1.1140000E+04   1.1551278E+02   0.0000000E+00   8.9451760E+02   2.0000570E+00   1.0000285E+00
     1.1170000E+04   1.1551281E+02   0.0000000E+00   8.9451760E+02   2.0000865E+00   1.0000432E+00
     1.1201000E+04   1.1551280E+02   0.0000000E+00   8.9451760E+02   2.0000746E+00   1.0000373E+00
     1.1232000E+04   1.1551280E+02   0.0000000E+00   8.9451760E+02   2.0000717E+00   1.0000359E+00
     1.1262000E+04   1.1551280E+02   0.0000000E+00   8.9451760E+02   2.0000775E+00   1.0000388E+00
     1.1293000E+04   1.1573782E+02   4.9023836E+05   8.9451760E+02   2.2250901E+00   1.1125450E+00
     1.1323000E+04   1.1566798E+02   2.6363175E+05   8.9451760E+02   2.1552550E+00   1.0776275E+00
     1.1354000E+04   1.1564802E+02   2.0962909E+05   8.9451760E+02   2.1352914E+00   1.0676457E+00
     1.1385000E+04   1.1764776E+02   2.0882017E+07   8.9451760E+02   4.1350351E+00   2.0675176E+00
     1.1413000E+04   1.1803621E+02   2.7590632E+07   8.9451760E+02   4.5234844E+00   2.2617422E+00
     1.1444000E+04   1.1556097E+02   3.6740895E+04   8.9451760E+02   2.0482416E+00   1.0241208E+00
     1.1474000E+04   1.1551280E+02   0.0000000E+00   8.9451760E+02   2.0000739E+00   1.0000369E+00
     1.1505000E+04   1.1551281E+02   0.0000000E+00   8.9451760E+02   2.0000809E+00   1.0000404E+00
     1.1535000E+04   1.1551282E+02   0.0000000E+00   8.9451760E+02   2.0000907E+00   1.0000454E+00
     1.1566000E+04   1.1551280E+02   0.0000000E+00   8.9451760E+02   2.0000751E+00   1.0000376E+00
     1.1597000E+04   1.1551280E+02   0.0000000E+00   8.9451760E+02   2.0000719E+00   1.0000359E+00
     1.1627000E+04   1.1551280E+02   0.0000000E+00   8.9451760E+02   2.0000724E+00   1.0000362E+00
     1.1658000E+04   1.1551280E+02   0.0000000E+00   8.9451760E+02   2.0000708E+00   1.0000354E+00
     1.1688000E+04   1.1813962E+02   2.9509501E+07   8.9451760E+02   4.6268976E+00   2.3134488E+00
     1.1719000E+04   1.1924175E+02   5.2932340E+07   8.9451760E+02   5.7290211E+00   2.8645106E+00
     1.1750000E+04   1.1750623E+02   1.8635142E+07   8.9451760E+02   3.9935050E+00   1.9967525E+00
     1.1778000E+04   1.1587358E+02   1.0783241E+06   8.9451760E+02   2.3608485E+00   1.1804243E+00
     1.1809000E+04   1.1564212E+02   1.9401908E+05   8.9451760E+02   2.1293920E+00   1.0646960E+00
     1.1839000E+04   1.1551278E+02   0.0000000E+00   8.9451760E+02   2.0000533E+00   1.0000267E+00
     1.1870000E+04   1.1551282E+02   0.0000000E+00   8.9451760E+02   2.0000929E+00   1.0000465E+00
     1.1900000E+04   1.1551282E+02   0.0000000E+00   8.9451760E+02   2.0000955E+00   1.0000478E+00
     1.1931000E+04   1.1551280E+02   0.0000000E+00   8.9451760E+02   2.0000760E+00   1.0000380E+00
     1.1962000E+04   1.1551280E+02   0.0000000E+00   8.9451760E+02   2.0000713E+00   1.0000356E+00
     1.1992000E+04   1.1551281E+02   0.0000000E+00   8.9451760E+02   2.0000829E+00   1.0000415E+00
     1.2023000E+04   1.1551279E+02   0.0000000E+00   8.9451760E+02   2.0000590E+00   1.0000295E+00
     1.2053000E+04   1.1638556E+02   4.7038149E+06   8.9451760E+02   2.8728369E+00   1.4364185E+00
     1.2084000E+04   1.2036022E+02   8.1909362E+07   8.9451760E+02   6.8474958E+00   3.4237479E+00
     1.2115000E+04   1.1726565E+02   1.5030229E+07   8.9451760E+02   3.7529253E+00   1.8764626E+00
     1.2143000E+04   1.1616852E+02   2.9204611E+06   8.9451760E+02   2.6557969E+00   1.3278985E+00
     1.2174000E+04   1.1563872E+02   1.8550593E+05   8.9451760E+02   2.1259934E+00   1.0629967E+00
     1.2204000E+04   1.1708501E+02   1.2541796E+07   8.9451760E+02   3.5722801E+00   1.7861400E+00
     1.2235000E+04   1.1551282E+02   0.0000000E+00   8.9451760E+02   2.0000908E+00   1.0000454E+00
     1.2265000E+04   1.1551282E+02   0.0000000E+00   8.9451760E+02   2.0000951E+00   1.0000476E+00
     1.2296000E+04   1.1551280E+02   0.0000000E+00   8.9451760E+02   2.0000762E+00   1.0000381E+00
     1.2327000E+04   1.1551280E+02   0.0000000E+00   8.9451760E+02   2.0000711E+00   1.0000356E+00
     1.2357000E+04   1.1551281E+02   0.0000000E+00   8.9451760E+02   2.0000825E+00   1.0000412E+00
     1.2388000E+04   1.1551278E+02   0.0000000E+00   8.9451760E+02   2.0000569E+00   1.0000284E+00
     1.2418000E+04   1.1642586E+02   5.0686266E+06   8.9451760E+02   2.9131377E+00   1.4565689E+00
     1.2449000E+04   1.1946953E+02   5.8391082E+07   8.9451760E+02   5.9568035E+00   2.9784017E+00
     1.2480000E+04   1.1716733E+02   1.3655309E+07   8.9451760E+02   3.6546055E+00   1.8273028E+00
     1.2509000E+04   1.1873285E+02   4.1430847E+07   8.9451760E+02   5.2201264E+00   2.6100632E+00
     1.2540000E+04   1.1551279E+02   0.0000000E+00   8.9451760E+02   2.0000679E+00   1.0000340E+00
     1.2570000E+04   1.1551278E+02   0.0000000E+00   8.9451760E+02   2.0000506E+00   1.0000253E+00
     1.2601000E+04   1.1551280E+02   0.0000000E+00   8.9451760E+02   2.0000763E+00   1.0000382E+00
     1.2631000E+04   1.1551282E+02   0.0000000E+00   8.9451760E+02   2.0000943E+00   1.0000472E+00
     1.2662000E+04   1.1551280E+02   0.0000000E+00   8.9451760E+02   2.0000755E+00   1.0000377E+00
     1.2693000E+04   1.1551280E+02   0.0000000E+00   8.9451760E+02   2.0000725E+00   1.0000362E+00
     1.2723000E+04   1.1551281E+02   0.0000000E+00   8.9451760E+02   2.0000804E+00   1.0000402E+00
     1.2754000E+04   1.1581546E+02   8.0508008E+05   8.9451760E+02   2.3027376E+00   1.1513688E+00
     1.2784000E+04   1.1579936E+02   7.3427463E+05   8.9451760E+02   2.2866328E+00   1.1433164E+00
     1.2815000E+04   1.1880764E+02   4.3067830E+07   8.9451760E+02   5.2949141E+00   2.6474571E+00
     1.2846000E+04   1.1768279E+02   2.1471800E+07   8.9451760E+02   4.1700625E+00   2.0850312E+00
     1.2874000E+04   1.1697301E+02   1.1098011E+07   8.9451760E+02   3.4602836E+00   1.7301418E+00
     1.2905000E+04   1.1689150E+02   1.0074606E+07   8.9451760E+02   3.3787775E+00   1.6893888E+00
     1.2935000E+04   1.1562816E+02   1.6034365E+05   8.9451760E+02   2.1154341E+00   1.0577171E+00
     1.2966000E+04   1.1599376E+02   1.7381411E+06   8.9451760E+02   2.4810311E+00   1.2405156E+00
     1.2996000E+04   1.1551280E+02   0.0000000E+00   8.9451760E+02   2.0000736E+00   1.0000368E+00
     1.3027000E+04   1.1551280E+02   0.0000000E+00   8.9451760E+02   2.0000764E+00   1.0000382E+00
     1.3058000E+04   1.1551280E+02   0.0000000E+00   8.9451760E+02   2.0000717E+00   1.0000359E+00
     1.3088000E+04   1.1551281E+02   0.0000000E+00   8.9451760E+02   2.0000810E+00   1.0000405E+00
     1.3119000E+04   1.1551283E+02   0.0000000E+00   8.9451760E+02   2.0000999E+00   1.0000499E+00
     1.3149000E+04   1.1593251E+02   1.3857348E+06   8.9451760E+02   2.4197810E+00   1.2098905E+00
     1.3180000E+04   1.2030300E+02   8.0346506E+07   8.9451760E+02   6.7902736E+00   3.3951368E+00
     1.3211000E+04   1.1771436E+02   2.1988074E+07   8.9451760E+02   4.2016312E+00   2.1008156E+00
     1.3239000E+04   1.1724567E+02   1.4756540E+07   8.9451760E+02   3.7329470E+00   1.8664735E+00
     1.3270000E+04   1.1818792E+02   3.0417487E+07   8.9451760E+02   4.6751927E+00   2.3375963E+00
     1.3300000E+04   1.1738729E+02   1.6813512E+07   8.9451760E+02   3.8745653E+00   1.9372827E+00
     1.3331000E+04   1.1551279E+02   0.0000000E+00   8.9451760E+02   2.0000604E+00   1.0000302E+00
     1.3361000E+04   1.1551282E+02   0.0000000E+00   8.9451760E+02   2.0000957E+00   1.0000479E+00
     1.3392000E+04   1.1551280E+02   0.0000000E+00   8.9451760E+02   2.0000770E+00   1.0000385E+00
     1.3423000E+04   1.1551280E+02   0.0000000E+00   8.9451760E+02   2.0000712E+00   1.0000356E+00
     1.3453000E+04   1.1551281E+02   0.0000000E+00   8.9451760E+02   2.0000822E+00   1.0000411E+00
     1.3484000E+04   1.1551280E+02   0.0000000E+00   8.9451760E+02   2.0000739E+00   1.0000370E+00
     1.3514000E+04   1.1634684E+02   4.3595180E+06   8.9451760E+02   2.8341122E+00   1.4170561E+00
     1.3545000E+04   1.1769308E+02   2.1626065E+07   8.9451760E+02   4.1803498E+00   2.0901749E+00
     1.3576000E+04   1.1557297E+02   5.3725970E+04   8.9451760E+02   2.0602388E+00   1.0301194E+00
     1.3604000E+04   1.1845690E+02   3.5687116E+07   8.9451760E+02   4.9441751E+00   2.4720876E+00
     1.3635000E+04   1.1551281E+02   0.0000000E+00   8.9451760E+02   2.0000849E+00   1.0000424E+00
     1.3665000E+04   1.1564519E+02   2.0192491E+05   8.9451760E+02   2.1324651E+00   1.0662325E+00
     1.3696000E+04   1.1551280E+02   0.0000000E+00   8.9451760E+02   2.0000690E+00   1.0000345E+00
     1.3726000E+04   1.1551282E+02   0.0000000E+00   8.9451760E+02   2.0000952E+00   1.0000476E+00
     1.3757000E+04   1.1551280E+02   0.0000000E+00   8.9451760E+02   2.0000753E+00   1.0000377E+00
     1.3788000E+04   1.1551280E+02   0.0000000E+00   8.9451760E+02   2.0000720E+00   1.0000360E+00
     1.3818000E+04   1.1551280E+02   0.0000000E+00   8.9451760E+02   2.0000769E+00   1.0000384E+00
     1.3849000E+04   1.1570043E+02   3.6155970E+05   8.9451760E+02   2.1876990E+00   1.0938495E+00
     1.3879000E+04   1.1559475E+02   9.0533107E+04   8.9451760E+02   2.0820240E+00   1.0410120E+00
     1.3910000E+04   1.1746758E+02   1.8027629E+07   8.9451760E+02   3.9548503E+00   1.9774252E+00
     1.3941000E+04   1.1941997E+02   5.7207373E+07   8.9451760E+02   5.9072380E+00   2.9536190E+00
     1.3970000E+04   1.1695891E+02   1.0917788E+07   8.9451760E+02   3.4461845E+00   1.7230923E+00
     1.4001000E+04   1.1551281E+02   0.0000000E+00   8.9451760E+02   2.0000814E+00   1.0000407E+00
     1.4031000E+04   1.1551279E+02   0.0000000E+00   8.9451760E+02   2.0000580E+00   1.0000290E+00
     1.4062000E+04   1.1551280E+02   0.0000000E+00   8.9451760E+02   2.0000746E+00   1.0000373E+00
     1.4092000E+04   1.1551282E+02   0.0000000E+00   8.9451760E+02   2.0000953E+00   1.0000476E+00
     1.4123000E+04   1.1551280E+02   0.0000000E+00   8.9451760E+02   2.0000756E+00   1.0000378E+00
     1.4154000E+04   1.1551280E+02   0.0000000E+00   8.9451760E+02   2.0000723E+00   1.0000361E+00
     1.4184000E+04   1.1551281E+02   0.0000000E+00   8.9451760E+02   2.0000826E+00   1.0000413E+00
     1.4215000E+04   1.1551279E+02   0.0000000E+00   8.9451760E+02   2.0000651E+00   1.0000325E+00
     1.4245000E+04   1.1596918E+02   1.5938770E+06   8.9451760E+02   2.4564545E+00   1.2282273E+00
     1.4276000E+04   1.1672980E+02   8.1757742E+06   8.9451760E+02   3.2170689E+00   1.6085344E+00
     1.4307000E+04   1.1561918E+02   1.4013067E+05   8.9451760E+02   2.1064519E+00   1.0532259E+00
     1.4335000E+04   1.1886759E+02   4.4380621E+07   8.9451760E+02   5.3548656E+00   2.6774328E+00
     1.4366000E+04   1.1564913E+02   2.1189506E+05   8.9451760E+02   2.1364044E+00   1.0682022E+00
     1.4396000E+04   1.1551282E+02   0.0000000E+00   8.9451760E+02   2.0000945E+00   1.0000472E+00
     1.4427000E+04   1.1563693E+02   1.8113403E+05   8.9451760E+02   2.1241988E+00   1.0620994E+00
     1.4457000E+04   1.1551282E+02   0.0000000E+00   8.9451760E+02   2.0000916E+00   1.0000458E+00
     1.4488000E+04   1.1551280E+02   0.0000000E+00   8.9451760E+02   2.0000749E+00   1.0000375E+00
     1.4519000E+04   1.1551280E+02   0.0000000E+00   8.9451760E+02   2.0000719E+00   1.0000360E+00
     1.4549000E+04   1.1551280E+02   0.0000000E+00   8.9451760E+02   2.0000780E+00   1.0000390E+00
     1.4580000E+04   1.1580002E+02   7.3722274E+05   8.9451760E+02   2.2872898E+00   1.1436449E+00
     1.4610000E+04   1.1563216E+02   1.6981968E+05   8.9451760E+02   2.1194359E+00   1.0597179E+00
     1.4641000E+04   1.1660145E+02   6.7943339E+06   8.9451760E+02   3.0887255E+00   1.5443627E+00
     1.4672000E+04   1.1902402E+02   4.7881126E+07   8.9451760E+02   5.5112907E+00   2.7556454E+00
     1.4700000E+04   1.1745432E+02   1.7834084E+07   8.9451760E+02   3.9415973E+00   1.9707987E+00
     1.4731000E+04   1.1582986E+02   8.6702215E+05   8.9451760E+02   2.3171315E+00   1.1585658E+00
     1.4761000E+04   1.1718077E+02   1.3845336E+07   8.9451760E+02   3.6680438E+00   1.8340219E+00
     1.4792000E+04   1.1558563E+02   7.4087927E+04   8.9451760E+02   2.0729072E+00   1.0364536E+00
     1.4822000E+04   1.1551282E+02   0.0000000E+00   8.9451760E+02   2.0000944E+00   1.0000472E+00
     1.4853000E+04   1.1551280E+02   0.0000000E+00   8.9451760E+02   2.0000745E+00   1.0000372E+00
     1.4884000E+04   1.1551280E+02   0.0000000E+00   8.9451760E+02   2.0000707E+00   1.0000353E+00
     1.4914000E+04   1.1551281E+02   0.0000000E+00   8.9451760E+02   2.0000826E+00   1.0000413E+00
     1.4945000E+04   1.1608714E+02   2.3364808E+06   8.9451760E+02   2.5744090E+00   1.2872045E+00
     1.4975000E+04   1.1639806E+02   4.8119002E+06   8.9451760E+02   2.8853359E+00   1.4426679E+00
     1.5006000E+04   1.1863949E+02   3.9468478E+07   8.9451760E+02   5.1267679E+00   2.5633839E+00
     1.5037000E+04   1.1607764E+02   2.2778905E+06   8.9451760E+02   2.5649080E+00   1.2824540E+00
     1.5065000E+04   1.1757349E+02   1.9693305E+07   8.9451760E+02   4.0607641E+00   2.0303820E+00
     1.5096000E+04   1.1840855E+02   3.4717285E+07   8.9451760E+02   4.8958201E+00   2.4479101E+00
     1.5126000E+04   1.1551282E+02   0.0000000E+00   8.9451760E+02   2.0000977E+00   1.0000488E+00
     1.5157000E+04   1.1558769E+02   7.7636610E+04   8.9451760E+02   2.0749656E+00   1.0374828E+00
     1.5187000E+04   1.1551283E+02   0.0000000E+00   8.9451760E+02   2.0000983E+00   1.0000491E+00
     1.5218000E+04   1.1551280E+02   0.0000000E+00   8.9451760E+02   2.0000750E+00   1.0000375E+00
     1.5249000E+04   1.1551280E+02   0.0000000E+00   8.9451760E+02   2.0000710E+00   1.0000355E+00
     1.5279000E+04   1.1551281E+02   0.0000000E+00   8.9451760E+02   2.0000799E+00   1.0000399E+00
     1.5310000E+04   1.1558601E+02   7.4870294E+04   8.9451760E+02   2.0732833E+00   1.0366417E+00
     1.5340000E+04   1.1574976E+02   5.3492946E+05   8.9451760E+02   2.2370340E+00   1.1185170E+00
     1.5371000E+04   1.1551280E+02   0.0000000E+00   8.9451760E+02   2.0000713E+00   1.0000356E+00
     1.5402000E+04   1.1757117E+02   1.9657045E+07   8.9451760E+02   4.0584408E+00   2.0292204E+00
     1.5431000E+04   1.1569516E+02   3.4510857E+05   8.9451760E+02   2.1824340E+00   1.0912170E+00
     1.5462000E+04   1.1774065E+02   2.2427484E+07   8.9451760E+02   4.2279183E+00   2.1139591E+00
     1.5492000E+04   1.1573301E+02   4.7311244E+05   8.9451760E+02   2.2202792E+00   1.1101396E+00
     1.5523000E+04   1.1551280E+02   0.0000000E+00   8.9451760E+02   2.0000726E+00   1.0000363E+00
     1.5553000E+04   1.1551279E+02   0.0000000E+00   8.9451760E+02   2.0000624E+00   1.0000312E+00
     1.5584000E+04   1.1551279E+02   0.0000000E+00   8.9451760E+02   2.0000645E+00   1.0000322E+00
     1.5615000E+04   1.1551278E+02   0.0000000E+00   8.9451760E+02   2.0000567E+00   1.0000283E+00
     1.5645000E+04   1.1551283E+02   0.0000000E+00   8.9451760E+02   2.0000994E+00   1.0000497E+00
     1.5676000E+04   1.1551281E+02   0.0000000E+00   8.9451760E+02   2.0000870E+00   1.0000435E+00
     1.5706000E+04   1.1772879E+02   2.2229368E+07   8.9451760E+02   4.2160585E+00   2.1080292E+00
     1.5737000E+04   1.1881583E+02   4.3233968E+07   8.9451760E+02   5.3030983E+00   2.6515492E+00
     1.5768000E+04   1.1563527E+02   1.7744284E+05   8.9451760E+02   2.1225462E+00   1.0612731E+00
     1.5796000E+04   1.1551281E+02   0.0000000E+00   8.9451760E+02   2.0000867E+00   1.0000434E+00
     1.5827000E+04   1.1551279E+02   0.0000000E+00   8.9451760E+02   2.0000630E+00   1.0000315E+00
     1.5857000E+04   1.1551279E+02   0.0000000E+00   8.9451760E+02   2.0000593E+00   1.0000297E+00
     1.5888000E+04   1.1551280E+02   0.0000000E+00   8.9451760E+02   2.0000720E+00   1.0000360E+00
     1.5918000E+04   1.1551281E+02   0.0000000E+00   8.9451760E+02   2.0000789E+00   1.0000394E+00
     1.5949000E+04   1.1551279E+02   0.0000000E+00   8.9451760E+02   2.0000652E+00   1.0000326E+00
     1.5980000E+04   1.1551278E+02   0.0000000E+00   8.9451760E+02   2.0000569E+00   1.0000285E+00
     1.6010000E+04   1.1551282E+02   0.0000000E+00   8.9451760E+02   2.0000912E+00   1.0000456E+00
     1.6041000E+04   1.1551279E+02   0.0000000E+00   8.9451760E+02   2.0000657E+00   1.0000328E+00
     1.6071000E+04   1.1563721E+02   1.8229332E+05   8.9451760E+02   2.1244813E+00   1.0622407E+00
     1.6102000E+04   1.1556321E+02   3.9944056E+04   8.9451760E+02   2.0504842E+00   1.0252421E+00
     1.6133000E+04   1.1551281E+02   0.0000000E+00   8.9451760E+02   2.0000799E+00   1.0000400E+00
     1.6161000E+04   1.1887537E+02   4.4544001E+07   8.9451760E+02   5.3626455E+00   2.6813228E+00
     1.6192000E+04   1.1565632E+02   2.3114070E+05   8.9451760E+02   2.1435920E+00   1.0717960E+00
     1.6222000E+04   1.1564716E+02   2.0726860E+05   8.9451760E+02   2.1344347E+00   1.0672174E+00
     1.6253000E+04   1.1551280E+02   0.0000000E+00   8.9451760E+02   2.0000744E+00   1.0000372E+00
     1.6283000E+04   1.1551281E+02   0.0000000E+00   8.9451760E+02   2.0000806E+00   1.0000403E+00
     1.6314000E+04   1.1551280E+02   0.0000000E+00   8.9451760E+02   2.0000686E+00   1.0000343E+00
     1.6345000E+04   1.1551279E+02   0.0000000E+00   8.9451760E+02   2.0000610E+00   1.0000305E+00
     1.6375000E+04   1.1551282E+02   0.0000000E+00   8.9451760E+02   2.0000927E+00   1.0000463E+00
     1.6406000E+04   1.1551279E+02   0.0000000E+00   8.9451760E+02   2.0000600E+00   1.0000300E+00
     1.6436000E+04   1.1606367E+02   2.1818359E+06   8.9451760E+02   2.5509469E+00   1.2754735E+00
     1.6467000E+04   1.1949827E+02   5.9139840E+07   8.9451760E+02   5.9855443E+00   2.9927721E+00
     1.6498000E+04   1.1551276E+02   0.0000000E+00   8.9451760E+02   2.0000353E+00   1.0000176E+00
     1.6526000E+04   1.1679395E+02   8.9136826E+06   8.9451760E+02   3.2812213E+00   1.6406106E+00
     1.6557000E+04   1.1551280E+02   0.0000000E+00   8.9451760E+02   2.0000737E+00   1.0000368E+00
     1.6587000E+04   1.1556333E+02   3.9973426E+04   8.9451760E+02   2.0505987E+00   1.0252993E+00
     1.6618000E+04   1.1551280E+02   0.0000000E+00   8.9451760E+02   2.0000726E+00   1.0000363E+00
     1.6648000E+04   1.1551281E+02   0.0000000E+00   8.9451760E+02   2.0000786E+00   1.0000393E+00
     1.6679000E+04   1.1551279E+02   0.0000000E+00   8.9451760E+02   2.0000678E+00   1.0000339E+00
     1.6710000E+04   1.1551279E+02   0.0000000E+00   8.9451760E+02   2.0000617E+00   1.0000308E+00
     1.6740000E+04   1.1551282E+02   0.0000000E+00   8.9451760E+02   2.0000959E+00   1.0000480E+00
     1.6771000E+04   1.1551279E+02   0.0000000E+00   8.9451760E+02   2.0000680E+00   1.0000340E+00
     1.6801000E+04   1.1563447E+02   1.7539222E+05   8.9451760E+02   2.1217411E+00   1.0608705E+00
     1.6832000E+04   1.1765321E+02   2.0976102E+07   8.9451760E+02   4.1404795E+00   2.0702398E+00
     1.6863000E+04   1.1861252E+02   3.8904053E+07   8.9451760E+02   5.0997973E+00   2.5498986E+00
     1.6892000E+04   1.1561962E+02   1.4101046E+05   8.9451760E+02   2.1068972E+00   1.0534486E+00
     1.6923000E+04   1.1806348E+02   2.8107412E+07   8.9451760E+02   4.5507526E+00   2.2753763E+00
     1.6953000E+04   1.1551282E+02   0.0000000E+00   8.9451760E+02   2.0000888E+00   1.0000444E+00
     1.6984000E+04   1.1551280E+02   0.0000000E+00   8.9451760E+02   2.0000702E+00   1.0000351E+00
     1.7014000E+04   1.1551281E+02   0.0000000E+00   8.9451760E+02   2.0000811E+00   1.0000405E+00
     1.7045000E+04   1.1551279E+02   0.0000000E+00   8.9451760E+02   2.0000679E+00   1.0000339E+00
     1.7076000E+04   1.1551279E+02   0.0000000E+00   8.9451760E+02   2.0000607E+00   1.0000304E+00
     1.7106000E+04   1.1551283E+02   0.0000000E+00   8.9451760E+02   2.0000990E+00   1.0000495E+00
     1.7137000E+04   1.1617042E+02   2.9292719E+06   8.9451760E+02   2.6576932E+00   1.3288466E+00
     1.7167000E+04   1.1618398E+02   3.0315693E+06   8.9451760E+02   2.6712504E+00   1.3356252E+00
     1.7198000E+04   1.1775359E+02   2.2648381E+07   8.9451760E+02   4.2408672E+00   2.1204336E+00
     1.7229000E+04   1.2012110E+02   7.5331686E+07   8.9451760E+02   6.6083715E+00   3.3041858E+00
     1.7257000E+04   1.1952265E+02   5.9738469E+07   8.9451760E+02   6.0099183E+00   3.0049591E+00
     1.7288000E+04   1.1570581E+02   3.7959311E+05   8.9451760E+02   2.1930815E+00   1.0965407E+00
     1.7318000E+04   1.1614447E+02   2.7409998E+06   8.9451760E+02   2.6317397E+00   1.3158699E+00
     1.7349000E+04   1.1551280E+02   0.0000000E+00   8.9451760E+02   2.0000748E+00   1.0000374E+00
     1.7379000E+04   1.1551280E+02   0.0000000E+00   8.9451760E+02   2.0000765E+00   1.0000383E+00
     1.7410000E+04   1.1551280E+02   0.0000000E+00   8.9451760E+02   2.0000685E+00   1.0000343E+00
     1.7441000E+04   1.1551279E+02   0.0000000E+00   8.9451760E+02   2.0000616E+00   1.0000308E+00
     1.7471000E+04   1.1551283E+02   0.0000000E+00   8.9451760E+02   2.0000998E+00   1.0000499E+00
     1.7502000E+04   1.1551279E+02   0.0000000E+00   8.9451760E+02   2.0000625E+00   1.0000312E+00
     1.7532000E+04   1.1678420E+02   8.8003556E+06   8.9451760E+02   3.2714700E+00   1.6357350E+00
     1.7563000E+04   1.1551278E+02   0.0000000E+00   8.9451760E+02   2.0000572E+00   1.0000286E+00
     1.7594000E+04   1.1755561E+02   1.9413083E+07   8.9451760E+02   4.0428808E+00   2.0214404E+00
     1.7622000E+04   1.1551277E+02   0.0000000E+00   8.9451760E+02   2.0000438E+00   1.0000219E+00
     1.7653000E+04   1.1738088E+02   1.6726766E+07   8.9451760E+02   3.8681517E+00   1.9340758E+00
     1.7683000E+04   1.1612901E+02   2.6345925E+06   8.9451760E+02   2.6162822E+00   1.3081411E+00
     1.7714000E+04   1.1551280E+02   0.0000000E+00   8.9451760E+02   2.0000727E+00   1.0000363E+00
     1.7744000E+04   1.1551281E+02   0.0000000E+00   8.9451760E+02   2.0000805E+00   1.0000403E+00
     1.7775000E+04   1.1551280E+02   0.0000000E+00   8.9451760E+02   2.0000683E+00   1.0000342E+00
     1.7806000E+04   1.1551279E+02   0.0000000E+00   8.9451760E+02   2.0000607E+00   1.0000303E+00
     1.7836000E+04   1.1551282E+02   0.0000000E+00   8.9451760E+02   2.0000974E+00   1.0000487E+00
