 "GAGE No.  809:  K,I,J Coord. =     1,   20,   30;  STREAM SEGMENT =    15;  REACH =    18 "
     "DATA: Time           Stage            Flow     Conductance        HeadDiff       Hyd.Grad."
     3.1000000E+01   4.1548112E+02   6.5311243E+04   9.3875499E+01   2.0819484E+00   1.0409742E+00
     6.2000000E+01   4.1857839E+02   2.9037765E+07   9.3875499E+01   3.5177659E+00   1.7588829E+00
     9.0000000E+01   4.1613007E+02   2.5053781E+06   9.3875499E+01   6.5793837E-01   3.2896918E-01
     1.2100000E+02   4.1548893E+02   7.6032294E+04   9.3875499E+01   1.5427531E+00   7.7137656E-01
     1.5100000E+02   4.1542186E+02   7.6778839E+03   9.3875499E+01   2.0226830E+00   1.0113415E+00
     1.8200000E+02   4.1544363E+02   2.3563708E+04   9.3875499E+01   2.0444526E+00   1.0222263E+00
     2.1200000E+02   4.1544369E+02   2.3623166E+04   9.3875499E+01   2.0445198E+00   1.0222599E+00
     2.4300000E+02   4.1550468E+02   9.9520052E+04   9.3875499E+01   2.1055099E+00   1.0527549E+00
     2.7400000E+02   4.1550137E+02   9.4365911E+04   9.3875499E+01   2.1021965E+00   1.0510982E+00
     3.0400000E+02   4.1548529E+02   7.0948508E+04   9.3875499E+01   2.0861219E+00   1.0430609E+00
     3.3500000E+02   4.1549428E+02   8.3713781E+04   9.3875499E+01   2.0951098E+00   1.0475549E+00
     3.6500000E+02   4.1720554E+02   1.1318021E+07   9.3875499E+01   3.8063626E+00   1.9031813E+00
     3.9600000E+02   4.1757224E+02   1.5401044E+07   9.3875499E+01   4.1730646E+00   2.0865323E+00
     4.2700000E+02   4.1630436E+02   3.5781502E+06   9.3875499E+01   2.9051868E+00   1.4525934E+00
     4.5500000E+02   4.1541433E+02   3.9203862E+03   9.3875499E+01   2.0151550E+00   1.0075775E+00
     4.8600000E+02   4.1600179E+02   1.8161948E+06   9.3875499E+01   2.6026163E+00   1.3013082E+00
     5.1600000E+02   4.1543826E+02   1.9018460E+04   9.3875499E+01   2.0390892E+00   1.0195446E+00
     5.4700000E+02   4.1543533E+02   1.6704406E+04   9.3875499E+01   2.0361618E+00   1.0180809E+00
     5.7700000E+02   4.1544958E+02   2.9055792E+04   9.3875499E+01   2.0504068E+00   1.0252034E+00
     6.0800000E+02   4.1550468E+02   9.9522856E+04   9.3875499E+01   2.1055117E+00   1.0527558E+00
     6.3900000E+02   4.1550356E+02   9.7765707E+04   9.3875499E+01   2.1043900E+00   1.0521950E+00
     6.6900000E+02   4.1548232E+02   6.6910911E+04   9.3875499E+01   2.0831468E+00   1.0415734E+00
     7.0000000E+02   4.1543167E+02   1.3977258E+04   9.3875499E+01   2.0324942E+00   1.0162471E+00
     7.3000000E+02   4.1560696E+02   3.0792900E+05   9.3875499E+01   2.2077856E+00   1.1038928E+00
     7.6100000E+02   4.1683416E+02   7.7121638E+06   9.3875499E+01   3.4349888E+00   1.7174944E+00
     7.9200000E+02   4.1596455E+02   1.6330305E+06   9.3875499E+01   2.5653795E+00   1.2826898E+00
     8.2100000E+02   4.1606346E+02   2.1364019E+06   9.3875499E+01   2.6642829E+00   1.3321415E+00
     8.5200000E+02   4.1543011E+02   1.2880551E+04   9.3875499E+01   2.0309395E+00   1.0154698E+00
     8.8200000E+02   4.1548530E+02   7.0952450E+04   9.3875499E+01   2.0861247E+00   1.0430624E+00
     9.1300000E+02   4.1544173E+02   2.1910434E+04   9.3875499E+01   2.0425541E+00   1.0212770E+00
     9.4300000E+02   4.1544802E+02   2.7570119E+04   9.3875499E+01   2.0488442E+00   1.0244221E+00
     9.7400000E+02   4.1550515E+02   1.0025629E+05   9.3875499E+01   2.1059775E+00   1.0529888E+00
     1.0050000E+03   4.1550190E+02   9.5180091E+04   9.3875499E+01   2.1027246E+00   1.0513623E+00
     1.0350000E+03   4.1546987E+02   5.1060013E+04   9.3875499E+01   2.0706963E+00   1.0353482E+00
     1.0660000E+03   4.1554787E+02   1.7629801E+05   9.3875499E+01   2.1486943E+00   1.0743471E+00
     1.0960000E+03   4.1678111E+02   7.2428638E+06   9.3875499E+01   3.3819393E+00   1.6909697E+00
     1.1270000E+03   4.1645992E+02   4.6606996E+06   9.3875499E+01   3.0607514E+00   1.5303757E+00
     1.1580000E+03   4.1806651E+02   2.1671721E+07   9.3875499E+01   4.6673408E+00   2.3336704E+00
     1.1860000E+03   4.1713996E+02   1.0641586E+07   9.3875499E+01   3.7407904E+00   1.8703952E+00
     1.2170000E+03   4.1552963E+02   1.4175202E+05   9.3875499E+01   2.1304559E+00   1.0652279E+00
     1.2470000E+03   4.1542549E+02   9.8386148E+03   9.3875499E+01   2.0263217E+00   1.0131609E+00
     1.2780000E+03   4.1544359E+02   2.3531365E+04   9.3875499E+01   2.0444159E+00   1.0222080E+00
     1.3080000E+03   4.1545212E+02   3.1533286E+04   9.3875499E+01   2.0529433E+00   1.0264717E+00
     1.3390000E+03   4.1550469E+02   9.9523691E+04   9.3875499E+01   2.1055122E+00   1.0527561E+00
     1.3700000E+03   4.1550065E+02   9.3268436E+04   9.3875499E+01   2.1014817E+00   1.0507408E+00
     1.4000000E+03   4.1547347E+02   5.5472810E+04   9.3875499E+01   2.0743013E+00   1.0371506E+00
     1.4310000E+03   4.1552493E+02   1.3333709E+05   9.3875499E+01   2.1257525E+00   1.0628763E+00
     1.4610000E+03   4.1793424E+02   1.9910322E+07   9.3875499E+01   4.5350671E+00   2.2675336E+00
     1.4920000E+03   4.1665115E+02   6.1435785E+06   9.3875499E+01   3.2519751E+00   1.6259875E+00
     1.5230000E+03   4.1711924E+02   1.0431306E+07   9.3875499E+01   3.7200690E+00   1.8600345E+00
     1.5510000E+03   4.1619389E+02   2.8803622E+06   9.3875499E+01   2.7947150E+00   1.3973575E+00
     1.5820000E+03   4.1687109E+02   8.0457437E+06   9.3875499E+01   3.4719141E+00   1.7359570E+00
     1.6120000E+03   4.1557322E+02   2.2919191E+05   9.3875499E+01   2.1740464E+00   1.0870232E+00
     1.6430000E+03   4.1544231E+02   2.2416189E+04   9.3875499E+01   2.0431408E+00   1.0215704E+00
     1.6730000E+03   4.1545044E+02   2.9888195E+04   9.3875499E+01   2.0512684E+00   1.0256342E+00
     1.7040000E+03   4.1548810E+02   7.4839814E+04   9.3875499E+01   2.0889256E+00   1.0444628E+00
     1.7350000E+03   4.1550243E+02   9.6003531E+04   9.3875499E+01   2.1032569E+00   1.0516285E+00
     1.7650000E+03   4.1548511E+02   7.0696711E+04   9.3875499E+01   2.0859383E+00   1.0429692E+00
     1.7960000E+03   4.1544432E+02   2.4177488E+04   9.3875499E+01   2.0451437E+00   1.0225719E+00
     1.8260000E+03   4.1547784E+02   6.1011269E+04   9.3875499E+01   2.0786672E+00   1.0393336E+00
     1.8570000E+03   4.1651955E+02   5.1054337E+06   9.3875499E+01   3.1203727E+00   1.5601863E+00
     1.8880000E+03   4.1584277E+02   1.0899602E+06   9.3875499E+01   2.4435986E+00   1.2217993E+00
     1.9160000E+03   4.1765507E+02   1.6391891E+07   9.3875499E+01   4.2559006E+00   2.1279503E+00
     1.9470000E+03   4.1682097E+02   7.5943941E+06   9.3875499E+01   3.4218004E+00   1.7109002E+00
     1.9770000E+03   4.1547629E+02   5.9023969E+04   9.3875499E+01   2.0771196E+00   1.0385598E+00
     2.0080000E+03   4.1544323E+02   2.3218115E+04   9.3875499E+01   2.0440602E+00   1.0220301E+00
     2.0380000E+03   4.1544919E+02   2.8677492E+04   9.3875499E+01   2.0500120E+00   1.0250060E+00
     2.0690000E+03   4.1550207E+02   9.5444036E+04   9.3875499E+01   2.1028954E+00   1.0514477E+00
     2.1000000E+03   4.1550107E+02   9.3910637E+04   9.3875499E+01   2.1019004E+00   1.0509502E+00
     2.1300000E+03   4.1548435E+02   6.9660784E+04   9.3875499E+01   2.0851806E+00   1.0425903E+00
     2.1610000E+03   4.1562223E+02   3.4656431E+05   9.3875499E+01   2.2230566E+00   1.1115283E+00
     2.1910000E+03   4.1548816E+02   7.4923443E+04   9.3875499E+01   2.0889852E+00   1.0444926E+00
     2.2220000E+03   4.1552811E+02   1.3900812E+05   9.3875499E+01   2.1289348E+00   1.0644674E+00
     2.2530000E+03   4.1543595E+02   1.7181532E+04   9.3875499E+01   2.0367781E+00   1.0183890E+00
     2.2820000E+03   4.1580475E+02   9.3875064E+05   9.3875499E+01   2.4055777E+00   1.2027888E+00
     2.3130000E+03   4.1543198E+02   1.4200482E+04   9.3875499E+01   2.0328046E+00   1.0164023E+00
     2.3430000E+03   4.1551978E+02   1.2437098E+05   9.3875499E+01   2.1206085E+00   1.0603042E+00
     2.3740000E+03   4.1544427E+02   2.4134654E+04   9.3875499E+01   2.0450957E+00   1.0225478E+00
     2.4040000E+03   4.1545066E+02   3.0104421E+04   9.3875499E+01   2.0514906E+00   1.0257453E+00
     2.4350000E+03   4.1550504E+02   1.0008780E+05   9.3875499E+01   2.1058706E+00   1.0529353E+00
     2.4660000E+03   4.1548965E+02   7.7030507E+04   9.3875499E+01   2.0904784E+00   1.0452392E+00
     2.4960000E+03   4.1547574E+02   5.8325259E+04   9.3875499E+01   2.0765706E+00   1.0382853E+00
     2.5270000E+03   4.1543313E+02   1.5044327E+04   9.3875499E+01   2.0339606E+00   1.0169803E+00
     2.5570000E+03   4.1550456E+02   9.9326578E+04   9.3875499E+01   2.1053868E+00   1.0526934E+00
     2.5880000E+03   4.1547287E+02   5.4728285E+04   9.3875499E+01   2.0737013E+00   1.0368507E+00
     2.6190000E+03   4.1583403E+02   1.0543925E+06   9.3875499E+01   2.4348557E+00   1.2174279E+00
     2.6470000E+03   4.1563072E+02   3.6881758E+05   9.3875499E+01   2.2315430E+00   1.1157715E+00
     2.6780000E+03   4.1547075E+02   5.2127054E+04   9.3875499E+01   2.0715791E+00   1.0357895E+00
     2.7080000E+03   4.1542425E+02   9.0728350E+03   9.3875499E+01   2.0250727E+00   1.0125363E+00
     2.7390000E+03   4.1542932E+02   1.2333887E+04   9.3875499E+01   2.0301448E+00   1.0150724E+00
     2.7690000E+03   4.1545093E+02   3.0367728E+04   9.3875499E+01   2.0517603E+00   1.0258802E+00
     2.8000000E+03   4.1550509E+02   1.0015384E+05   9.3875499E+01   2.1059125E+00   1.0529563E+00
     2.8310000E+03   4.1550286E+02   9.6676834E+04   9.3875499E+01   2.1036908E+00   1.0518454E+00
     2.8610000E+03   4.1546165E+02   4.1557540E+04   9.3875499E+01   2.0624797E+00   1.0312398E+00
     2.8920000E+03   4.1543421E+02   1.5850077E+04   9.3875499E+01   2.0350405E+00   1.0175203E+00
     2.9220000E+03   4.1676279E+02   7.0835080E+06   9.3875499E+01   3.3636152E+00   1.6818076E+00
     2.9530000E+03   4.1694898E+02   8.7677925E+06   9.3875499E+01   3.5498043E+00   1.7749022E+00
     2.9840000E+03   4.1794877E+02   2.0100840E+07   9.3875499E+01   4.5495939E+00   2.2747970E+00
     3.0120000E+03   4.1699941E+02   9.2484169E+06   9.3875499E+01   3.6002327E+00   1.8001163E+00
     3.0430000E+03   4.1608930E+02   2.2767425E+06   9.3875499E+01   2.6901312E+00   1.3450656E+00
     3.0730000E+03   4.1584053E+02   1.0808098E+06   9.3875499E+01   2.4413604E+00   1.2206802E+00
     3.1040000E+03   4.1544313E+02   2.3130845E+04   9.3875499E+01   2.0439608E+00   1.0219804E+00
     3.1340000E+03   4.1545067E+02   3.0110314E+04   9.3875499E+01   2.0514966E+00   1.0257483E+00
     3.1650000E+03   4.1550507E+02   1.0013393E+05   9.3875499E+01   2.1058999E+00   1.0529499E+00
     3.1960000E+03   4.1550278E+02   9.6551983E+04   9.3875499E+01   2.1036104E+00   1.0518052E+00
     3.2260000E+03   4.1546772E+02   4.8503054E+04   9.3875499E+01   2.0685504E+00   1.0342752E+00
     3.2570000E+03   4.1543889E+02   1.9527655E+04   9.3875499E+01   2.0397138E+00   1.0198569E+00
     3.2870000E+03   4.1553444E+02   1.5057182E+05   9.3875499E+01   2.1352671E+00   1.0676336E+00
     3.3180000E+03   4.1546572E+02   4.6159731E+04   9.3875499E+01   2.0665436E+00   1.0332718E+00
     3.3490000E+03   4.1739174E+02   1.3328549E+07   9.3875499E+01   3.9925642E+00   1.9962821E+00
     3.3770000E+03   4.1717663E+02   1.1017801E+07   9.3875499E+01   3.7774591E+00   1.8887295E+00
     3.4080000E+03   4.1553770E+02   1.5667601E+05   9.3875499E+01   2.1385312E+00   1.0692656E+00
     3.4380000E+03   4.1548750E+02   7.4002832E+04   9.3875499E+01   2.0883276E+00   1.0441638E+00
     3.4690000E+03   4.1542788E+02   1.1368378E+04   9.3875499E+01   2.0287060E+00   1.0143530E+00
     3.4990000E+03   4.1544624E+02   2.5916134E+04   9.3875499E+01   2.0470644E+00   1.0235322E+00
     3.5300000E+03   4.1549809E+02   8.9371208E+04   9.3875499E+01   2.0989158E+00   1.0494579E+00
     3.5610000E+03   4.1549741E+02   8.8344449E+04   9.3875499E+01   2.0982324E+00   1.0491162E+00
     3.5910000E+03   4.1548084E+02   6.4936248E+04   9.3875499E+01   2.0816658E+00   1.0408329E+00
     3.6220000E+03   4.1565951E+02   4.4839075E+05   9.3875499E+01   2.2603386E+00   1.1301693E+00
     3.6520000E+03   4.1631565E+02   3.6528185E+06   9.3875499E+01   2.9164735E+00   1.4582367E+00
     3.6830000E+03   4.1700566E+02   9.3087747E+06   9.3875499E+01   3.6064907E+00   1.8032453E+00
     3.7140000E+03   4.1714705E+02   1.0713924E+07   9.3875499E+01   3.7478808E+00   1.8739404E+00
     3.7430000E+03   4.1752022E+02   1.4791566E+07   9.3875499E+01   4.1210508E+00   2.0605254E+00
     3.7740000E+03   4.1543766E+02   1.8529480E+04   9.3875499E+01   2.0384830E+00   1.0192415E+00
     3.8040000E+03   4.1549264E+02   8.1311452E+04   9.3875499E+01   2.0934627E+00   1.0467313E+00
     3.8350000E+03   4.1543741E+02   1.8336068E+04   9.3875499E+01   2.0382415E+00   1.0191208E+00
     3.8650000E+03   4.1544099E+02   2.1279419E+04   9.3875499E+01   2.0418145E+00   1.0209072E+00
     3.8960000E+03   4.1549655E+02   8.7073025E+04   9.3875499E+01   2.0973817E+00   1.0486908E+00
     3.9270000E+03   4.1549605E+02   8.6326948E+04   9.3875499E+01   2.0968802E+00   1.0484401E+00
     3.9570000E+03   4.1547946E+02   6.3118020E+04   9.3875499E+01   2.0802860E+00   1.0401430E+00
     3.9880000E+03   4.1543069E+02   1.3286171E+04   9.3875499E+01   2.0315205E+00   1.0157602E+00
     4.0180000E+03   4.1545138E+02   3.0800967E+04   9.3875499E+01   2.0522021E+00   1.0261011E+00
     4.0490000E+03   4.1685726E+02   7.9201654E+06   9.3875499E+01   3.4580865E+00   1.7290433E+00
     4.0800000E+03   4.1716526E+02   1.0900586E+07   9.3875499E+01   3.7660889E+00   1.8830444E+00
     4.1080000E+03   4.1599910E+02   1.8027072E+06   9.3875499E+01   2.5999272E+00   1.2999636E+00
     4.1390000E+03   4.1565218E+02   4.2753463E+05   9.3875499E+01   2.2530040E+00   1.1265020E+00
     4.1690000E+03   4.1542417E+02   9.0266711E+03   9.3875499E+01   2.0249960E+00   1.0124980E+00
     4.2000000E+03   4.1543637E+02   1.7511457E+04   9.3875499E+01   2.0372002E+00   1.0186001E+00
     4.2300000E+03   4.1544847E+02   2.7993077E+04   9.3875499E+01   2.0492924E+00   1.0246462E+00
     4.2610000E+03   4.1549714E+02   8.7947367E+04   9.3875499E+01   2.0979672E+00   1.0489836E+00
     4.2920000E+03   4.1549810E+02   8.9385497E+04   9.3875499E+01   2.0989253E+00   1.0494626E+00
     4.3220000E+03   4.1547499E+02   5.7375178E+04   9.3875499E+01   2.0758198E+00   1.0379099E+00
     4.3530000E+03   4.1557736E+02   2.3834638E+05   9.3875499E+01   2.1781847E+00   1.0890924E+00
     4.3830000E+03   4.1722716E+02   1.1544761E+07   9.3875499E+01   3.8279891E+00   1.9139946E+00
     4.4140000E+03   4.1755910E+02   1.5246181E+07   9.3875499E+01   4.1599276E+00   2.0799638E+00
     4.4450000E+03   4.1716972E+02   1.0946446E+07   9.3875499E+01   3.7705432E+00   1.8852716E+00
     4.4730000E+03   4.1673108E+02   6.8110791E+06   9.3875499E+01   3.3319023E+00   1.6659511E+00
     4.5040000E+03   4.1665832E+02   6.2023651E+06   9.3875499E+01   3.2591493E+00   1.6295747E+00
     4.5340000E+03   4.1633501E+02   3.7823689E+06   9.3875499E+01   2.9358395E+00   1.4679197E+00
     4.5650000E+03   4.1544668E+02   2.6322433E+04   9.3875499E+01   2.0475057E+00   1.0237529E+00
     4.5950000E+03   4.1544289E+02   2.2921751E+04   9.3875499E+01   2.0437219E+00   1.0218610E+00
     4.6260000E+03   4.1549627E+02   8.6649160E+04   9.3875499E+01   2.0970970E+00   1.0485485E+00
     4.6570000E+03   4.1549753E+02   8.8527557E+04   9.3875499E+01   2.0983545E+00   1.0491772E+00
     4.6870000E+03   4.1546451E+02   4.4770850E+04   9.3875499E+01   2.0653350E+00   1.0326675E+00
     4.7180000E+03   4.1563147E+02   3.7081214E+05   9.3875499E+01   2.2322935E+00   1.1161468E+00
     4.7480000E+03   4.1708074E+02   1.0045053E+07   9.3875499E+01   3.6815664E+00   1.8407832E+00
     4.7790000E+03   4.1661934E+02   5.8856315E+06   9.3875499E+01   3.2201654E+00   1.6100827E+00
     4.8100000E+03   4.1747139E+02   1.4228324E+07   9.3875499E+01   4.0722150E+00   2.0361075E+00
     4.8380000E+03   4.1771480E+02   1.7121540E+07   9.3875499E+01   4.3156249E+00   2.1578125E+00
     4.8690000E+03   4.1781247E+02   1.8342040E+07   9.3875499E+01   4.4132988E+00   2.2066494E+00
     4.8990000E+03   4.1606524E+02   2.1459506E+06   9.3875499E+01   2.6660628E+00   1.3330314E+00
     4.9300000E+03   4.1543173E+02   1.4022967E+04   9.3875499E+01   2.0325579E+00   1.0162790E+00
     4.9600000E+03   4.1544527E+02   2.5033325E+04   9.3875499E+01   2.0460958E+00   1.0230479E+00
     4.9910000E+03   4.1549701E+02   8.7746551E+04   9.3875499E+01   2.0978329E+00   1.0489165E+00
     5.0220000E+03   4.1549108E+02   7.9070378E+04   9.3875499E+01   2.0919085E+00   1.0459542E+00
     5.0520000E+03   4.1547369E+02   5.5745248E+04   9.3875499E+01   2.0745200E+00   1.0372600E+00
     5.0830000E+03   4.1543935E+02   1.9906160E+04   9.3875499E+01   2.0401739E+00   1.0200869E+00
     5.1130000E+03   4.1757545E+02   1.5439063E+07   9.3875499E+01   4.1762817E+00   2.0881409E+00
     5.1440000E+03   4.1770810E+02   1.7039065E+07   9.3875499E+01   4.3089258E+00   2.1544629E+00
     5.1750000E+03   4.1546152E+02   4.1412227E+04   9.3875499E+01   2.0623485E+00   1.0311742E+00
     5.2040000E+03   4.1586650E+02   1.1888383E+06   9.3875499E+01   2.4673232E+00   1.2336616E+00
     5.2350000E+03   4.1548652E+02   7.2638621E+04   9.3875499E+01   2.0873470E+00   1.0436735E+00
     5.2650000E+03   4.1544908E+02   2.8580625E+04   9.3875499E+01   2.0499106E+00   1.0249553E+00
     5.2960000E+03   4.1544300E+02   2.3015586E+04   9.3875499E+01   2.0438292E+00   1.0219146E+00
     5.3260000E+03   4.1544015E+02   2.0575152E+04   9.3875499E+01   2.0409786E+00   1.0204893E+00
     5.3570000E+03   4.1549903E+02   9.0785577E+04   9.3875499E+01   2.0998521E+00   1.0499260E+00
     5.3880000E+03   4.1549573E+02   8.5848762E+04   9.3875499E+01   2.0965578E+00   1.0482789E+00
     5.4180000E+03   4.1548160E+02   6.5953948E+04   9.3875499E+01   2.0824313E+00   1.0412156E+00
     5.4490000E+03   4.1550962E+02   1.0739440E+05   9.3875499E+01   2.1104423E+00   1.0552212E+00
     5.4790000E+03   4.1744889E+02   1.3971752E+07   9.3875499E+01   4.0497133E+00   2.0248566E+00
     5.5100000E+03   4.1579636E+02   9.0660617E+05   9.3875499E+01   2.3971871E+00   1.1985935E+00
     5.5410000E+03   4.1552877E+02   1.4020211E+05   9.3875499E+01   2.1295982E+00   1.0647991E+00
     5.5690000E+03   4.1616981E+02   2.7363918E+06   9.3875499E+01   2.7706376E+00   1.3853188E+00
     5.6000000E+03   4.1609497E+02   2.3079857E+06   9.3875499E+01   2.6957980E+00   1.3478990E+00
     5.6300000E+03   4.1542568E+02   9.9533416E+03   9.3875499E+01   2.0265055E+00   1.0132527E+00
     5.6610000E+03   4.1544411E+02   2.3988958E+04   9.3875499E+01   2.0449322E+00   1.0224661E+00
     5.6910000E+03   4.1544637E+02   2.6040962E+04   9.3875499E+01   2.0472003E+00   1.0236001E+00
     5.7220000E+03   4.1549714E+02   8.7949001E+04   9.3875499E+01   2.0979683E+00   1.0489841E+00
     5.7530000E+03   4.1549632E+02   8.6726608E+04   9.3875499E+01   2.0971490E+00   1.0485745E+00
     5.7830000E+03   4.1546325E+02   4.3338149E+04   9.3875499E+01   2.0640724E+00   1.0320362E+00
     5.8140000E+03   4.1545903E+02   3.8695097E+04   9.3875499E+01   2.0598608E+00   1.0299304E+00
     5.8440000E+03   4.1629865E+02   3.5406305E+06   9.3875499E+01   2.8994798E+00   1.4497399E+00
     5.8750000E+03   4.1623275E+02   3.1189089E+06   9.3875499E+01   2.8335751E+00   1.4167876E+00
     5.9060000E+03   4.1709916E+02   1.0229162E+07   9.3875499E+01   3.6999913E+00   1.8499957E+00
     5.9340000E+03   4.1875131E+02   3.1717513E+07   9.3875499E+01   5.3521378E+00   2.6760689E+00
     5.9650000E+03   4.1649006E+02   4.8834992E+06   9.3875499E+01   3.0908916E+00   1.5454458E+00
     5.9950000E+03   4.1540887E+02   1.8638113E+03   9.3875499E+01   2.0097014E+00   1.0048507E+00
     6.0260000E+03   4.1542441E+02   9.1739462E+03   9.3875499E+01   2.0252399E+00   1.0126200E+00
     6.0560000E+03   4.1544641E+02   2.6071712E+04   9.3875499E+01   2.0472337E+00   1.0236168E+00
     6.0870000E+03   4.1549806E+02   8.9333657E+04   9.3875499E+01   2.0988908E+00   1.0494454E+00
     6.1180000E+03   4.1549623E+02   8.6595033E+04   9.3875499E+01   2.0970606E+00   1.0485303E+00
     6.1480000E+03   4.1545452E+02   3.3958997E+04   9.3875499E+01   2.0553506E+00   1.0276753E+00
     6.1790000E+03   4.1542934E+02   1.2347498E+04   9.3875499E+01   2.0301648E+00   1.0150824E+00
     6.2090000E+03   4.1542735E+02   1.1021027E+04   9.3875499E+01   2.0281765E+00   1.0140882E+00
     6.2400000E+03   4.1577358E+02   8.2162025E+05   9.3875499E+01   2.3744093E+00   1.1872047E+00
     6.2710000E+03   4.1650741E+02   5.0135945E+06   9.3875499E+01   3.1082365E+00   1.5541182E+00
     6.2990000E+03   4.1660523E+02   5.7726322E+06   9.3875499E+01   3.2060552E+00   1.6030276E+00
     6.3300000E+03   4.1621568E+02   3.0131936E+06   9.3875499E+01   2.8165060E+00   1.4082530E+00
     6.3600000E+03   4.1541629E+02   4.8003123E+03   9.3875499E+01   2.0171128E+00   1.0085564E+00
     6.3910000E+03   4.1543942E+02   1.9964792E+04   9.3875499E+01   2.0402448E+00   1.0201224E+00
     6.4210000E+03   4.1544535E+02   2.5105366E+04   9.3875499E+01   2.0461754E+00   1.0230877E+00
     6.4520000E+03   4.1549614E+02   8.6460376E+04   9.3875499E+01   2.0969700E+00   1.0484850E+00
     6.4830000E+03   4.1549559E+02   8.5643580E+04   9.3875499E+01   2.0964193E+00   1.0482096E+00
     6.5130000E+03   4.1547620E+02   5.8901364E+04   9.3875499E+01   2.0770235E+00   1.0385117E+00
     6.5440000E+03   4.1544573E+02   2.5454247E+04   9.3875499E+01   2.0465593E+00   1.0232796E+00
     6.5740000E+03   4.1599901E+02   1.8022394E+06   9.3875499E+01   2.5998338E+00   1.2999169E+00
     6.6050000E+03   4.1727385E+02   1.2040361E+07   9.3875499E+01   3.8746765E+00   1.9373382E+00
     6.6360000E+03   4.1701369E+02   9.3863774E+06   9.3875499E+01   3.6145128E+00   1.8072564E+00
     6.6650000E+03   4.1542173E+02   7.6046883E+03   9.3875499E+01   2.0225530E+00   1.0112765E+00
     6.6960000E+03   4.1542089E+02   7.1385344E+03   9.3875499E+01   2.0217131E+00   1.0108565E+00
     6.7260000E+03   4.1548607E+02   7.2020697E+04   9.3875499E+01   2.0869004E+00   1.0434502E+00
     6.7570000E+03   4.1542142E+02   7.4334537E+03   9.3875499E+01   2.0222469E+00   1.0111235E+00
     6.7870000E+03   4.1543835E+02   1.9092057E+04   9.3875499E+01   2.0391799E+00   1.0195899E+00
     6.8180000E+03   4.1550089E+02   9.3622508E+04   9.3875499E+01   2.1017127E+00   1.0508563E+00
     6.8490000E+03   4.1549657E+02   8.7091749E+04   9.3875499E+01   2.0973942E+00   1.0486971E+00
     6.8790000E+03   4.1547645E+02   5.9228443E+04   9.3875499E+01   2.0772798E+00   1.0386399E+00
     6.9100000E+03   4.1543437E+02   1.5964875E+04   9.3875499E+01   2.0351926E+00   1.0175963E+00
     6.9400000E+03   4.1652666E+02   5.1595892E+06   9.3875499E+01   3.1274881E+00   1.5637441E+00
     6.9710000E+03   4.1627035E+02   3.3569055E+06   9.3875499E+01   2.8711773E+00   1.4355887E+00
     7.0020000E+03   4.1560609E+02   3.0577922E+05   9.3875499E+01   2.2069140E+00   1.1034570E+00
     7.0300000E+03   4.1548712E+02   7.3467732E+04   9.3875499E+01   2.0879438E+00   1.0439719E+00
     7.0610000E+03   4.1706991E+02   9.9374728E+06   9.3875499E+01   3.6707376E+00   1.8353688E+00
     7.0910000E+03   4.1541287E+02   3.3119361E+03   9.3875499E+01   2.0136972E+00   1.0068486E+00
     7.1220000E+03   4.1543742E+02   1.8340008E+04   9.3875499E+01   2.0382465E+00   1.0191232E+00
     7.1520000E+03   4.1544236E+02   2.2453387E+04   9.3875499E+01   2.0431837E+00   1.0215918E+00
     7.1830000E+03   4.1549885E+02   9.0521716E+04   9.3875499E+01   2.0996778E+00   1.0498389E+00
     7.2140000E+03   4.1549564E+02   8.5711758E+04   9.3875499E+01   2.0964653E+00   1.0482327E+00
     7.2440000E+03   4.1545295E+02   3.2362155E+04   9.3875499E+01   2.0537740E+00   1.0268870E+00
     7.2750000E+03   4.1557921E+02   2.4248336E+05   9.3875499E+01   2.1800340E+00   1.0900170E+00
     7.3050000E+03   4.1553833E+02   1.5785108E+05   9.3875499E+01   2.1391536E+00   1.0695768E+00
     7.3360000E+03   4.1539926E+02   0.0000000E+00   9.3875499E+01   2.0000902E+00   1.0000451E+00
     7.3670000E+03   4.1680943E+02   7.4919313E+06   9.3875499E+01   3.4102595E+00   1.7051298E+00
     7.3950000E+03   4.1611973E+02   2.4464829E+06   9.3875499E+01   2.7205574E+00   1.3602787E+00
     7.4260000E+03   4.1541310E+02   3.4065722E+03   9.3875499E+01   2.0139307E+00   1.0069653E+00
     7.4560000E+03   4.1541479E+02   4.1202438E+03   9.3875499E+01   2.0156140E+00   1.0078070E+00
     7.4870000E+03   4.1577201E+02   8.1588966E+05   9.3875499E+01   2.3728403E+00   1.1864202E+00
     7.5170000E+03   4.1544637E+02   2.6037404E+04   9.3875499E+01   2.0471964E+00   1.0235982E+00
     7.5480000E+03   4.1549917E+02   9.1000846E+04   9.3875499E+01   2.0999941E+00   1.0499970E+00
     7.5790000E+03   4.1549680E+02   8.7440328E+04   9.3875499E+01   2.0976279E+00   1.0488140E+00
     7.6090000E+03   4.1547446E+02   5.6705790E+04   9.3875499E+01   2.0752878E+00   1.0376439E+00
     7.6400000E+03   4.1543034E+02   1.3037388E+04   9.3875499E+01   2.0311650E+00   1.0155825E+00
     7.6700000E+03   4.1544829E+02   2.7830909E+04   9.3875499E+01   2.0491209E+00   1.0245605E+00
     7.7010000E+03   4.1549869E+02   9.0272665E+04   9.3875499E+01   2.0995132E+00   1.0497566E+00
     7.7320000E+03   4.1549443E+02   8.3926677E+04   9.3875499E+01   2.0952549E+00   1.0476274E+00
     7.7600000E+03   4.1631865E+02   3.6727612E+06   9.3875499E+01   2.9194723E+00   1.4597362E+00
     7.7910000E+03   4.1764828E+02   1.6309726E+07   9.3875499E+01   4.2491092E+00   2.1245546E+00
     7.8210000E+03   4.1540981E+02   2.1723269E+03   9.3875499E+01   2.0106352E+00   1.0053176E+00
     7.8520000E+03   4.1543542E+02   1.6773560E+04   9.3875499E+01   2.0362516E+00   1.0181258E+00
     7.8820000E+03   4.1543591E+02   1.7151936E+04   9.3875499E+01   2.0367400E+00   1.0183700E+00
     7.9130000E+03   4.1549852E+02   9.0024133E+04   9.3875499E+01   2.0993487E+00   1.0496744E+00
     7.9440000E+03   4.1549379E+02   8.2990147E+04   9.3875499E+01   2.0946157E+00   1.0473078E+00
     7.9740000E+03   4.1547684E+02   5.9727714E+04   9.3875499E+01   2.0776700E+00   1.0388350E+00
     8.0050000E+03   4.1548938E+02   7.6646166E+04   9.3875499E+01   2.0902073E+00   1.0451036E+00
     8.0350000E+03   4.1552209E+02   1.2835686E+05   9.3875499E+01   2.1229130E+00   1.0614565E+00
     8.0660000E+03   4.1606768E+02   2.1591115E+06   9.3875499E+01   2.6685107E+00   1.3342553E+00
     8.0970000E+03   4.1590849E+02   1.3721663E+06   9.3875499E+01   2.5093164E+00   1.2546582E+00
     8.1260000E+03   4.1729288E+02   1.2244715E+07   9.3875499E+01   3.8937028E+00   1.9468514E+00
     8.1570000E+03   4.1589958E+02   1.3324102E+06   9.3875499E+01   2.5004105E+00   1.2502052E+00
     8.1870000E+03   4.1544610E+02   2.5791396E+04   9.3875499E+01   2.0469283E+00   1.0234642E+00
     8.2180000E+03   4.1544133E+02   2.1568283E+04   9.3875499E+01   2.0421541E+00   1.0210771E+00
     8.2480000E+03   4.1543212E+02   1.4303006E+04   9.3875499E+01   2.0329465E+00   1.0164732E+00
     8.2790000E+03   4.1549832E+02   8.9719373E+04   9.3875499E+01   2.0991468E+00   1.0495734E+00
     8.3100000E+03   4.1549724E+02   8.8089753E+04   9.3875499E+01   2.0980623E+00   1.0490312E+00
     8.3400000E+03   4.1547657E+02   5.9376757E+04   9.3875499E+01   2.0773959E+00   1.0386979E+00
     8.3710000E+03   4.1556566E+02   2.1284017E+05   9.3875499E+01   2.1664860E+00   1.0832430E+00
     8.4010000E+03   4.1545325E+02   3.2661798E+04   9.3875499E+01   2.0540721E+00   1.0270361E+00
     8.4320000E+03   4.1743451E+02   1.3808814E+07   9.3875499E+01   4.0353374E+00   2.0176687E+00
     8.4630000E+03   4.1781712E+02   1.8400905E+07   9.3875499E+01   4.4179428E+00   2.2089714E+00
     8.4910000E+03   4.1705710E+02   9.8108362E+06   9.3875499E+01   3.6579304E+00   1.8289652E+00
     8.5220000E+03   4.1551299E+02   1.1291694E+05   9.3875499E+01   2.1138157E+00   1.0569078E+00
     8.5520000E+03   4.1546679E+02   4.7409300E+04   9.3875499E+01   2.0676187E+00   1.0338093E+00
     8.5830000E+03   4.1546517E+02   4.5534534E+04   9.3875499E+01   2.0660014E+00   1.0330007E+00
     8.6130000E+03   4.1542950E+02   1.2455868E+04   9.3875499E+01   2.0303234E+00   1.0151617E+00
     8.6440000E+03   4.1549153E+02   7.9708250E+04   9.3875499E+01   2.0923526E+00   1.0461763E+00
     8.6750000E+03   4.1548985E+02   7.7315013E+04   9.3875499E+01   2.0906788E+00   1.0453394E+00
     8.7050000E+03   4.1547052E+02   5.1841522E+04   9.3875499E+01   2.0713436E+00   1.0356718E+00
     8.7360000E+03   4.1543172E+02   1.4017332E+04   9.3875499E+01   2.0325501E+00   1.0162750E+00
     8.7660000E+03   4.1574061E+02   7.0458834E+05   9.3875499E+01   2.3414329E+00   1.1707165E+00
     8.7970000E+03   4.1640543E+02   4.2685310E+06   9.3875499E+01   3.0062596E+00   1.5031298E+00
     8.8280000E+03   4.1620512E+02   2.9485230E+06   9.3875499E+01   2.8059459E+00   1.4029729E+00
     8.8560000E+03   4.1665778E+02   6.1979206E+06   9.3875499E+01   3.2586079E+00   1.6293039E+00
     8.8870000E+03   4.1541490E+02   4.1717159E+03   9.3875499E+01   2.0157307E+00   1.0078653E+00
     8.9170000E+03   4.1547966E+02   6.3380908E+04   9.3875499E+01   2.0804865E+00   1.0402432E+00
     8.9480000E+03   4.1541471E+02   4.0870763E+03   9.3875499E+01   2.0155384E+00   1.0077692E+00
     8.9780000E+03   4.1544215E+02   2.2274915E+04   9.3875499E+01   2.0429774E+00   1.0214887E+00
     9.0090000E+03   4.1549060E+02   7.8376575E+04   9.3875499E+01   2.0914237E+00   1.0457119E+00
     9.0400000E+03   4.1548947E+02   7.6770600E+04   9.3875499E+01   2.0902951E+00   1.0451476E+00
     9.0700000E+03   4.1547032E+02   5.1603270E+04   9.3875499E+01   2.0711467E+00   1.0355733E+00
     9.1010000E+03   4.1542445E+02   9.1967788E+03   9.3875499E+01   2.0252776E+00   1.0126388E+00
     9.1310000E+03   4.1680464E+02   7.4495471E+06   9.3875499E+01   3.4054671E+00   1.7027336E+00
     9.1620000E+03   4.1636321E+02   3.9742401E+06   9.3875499E+01   2.9640409E+00   1.4820205E+00
     9.1930000E+03   4.1889195E+02   3.3966188E+07   9.3875499E+01   5.4927739E+00   2.7463869E+00
     9.2210000E+03   4.1545449E+02   3.3924413E+04   9.3875499E+01   2.0553168E+00   1.0276584E+00
     9.2520000E+03   4.1767152E+02   1.6591582E+07   9.3875499E+01   4.2723499E+00   2.1361750E+00
     9.2820000E+03   4.1566954E+02   4.7754047E+05   9.3875499E+01   2.2703651E+00   1.1351825E+00
     9.3130000E+03   4.1547228E+02   5.3993585E+04   9.3875499E+01   2.0731061E+00   1.0365530E+00
     9.3430000E+03   4.1543201E+02   1.4221971E+04   9.3875499E+01   2.0328343E+00   1.0164172E+00
     9.3740000E+03   4.1549228E+02   8.0797991E+04   9.3875499E+01   2.0931081E+00   1.0465541E+00
     9.4050000E+03   4.1549001E+02   7.7537398E+04   9.3875499E+01   2.0908352E+00   1.0454176E+00
     9.4350000E+03   4.1547079E+02   5.2177495E+04   9.3875499E+01   2.0716206E+00   1.0358103E+00
     9.4660000E+03   4.1543561E+02   1.6913585E+04   9.3875499E+01   2.0364329E+00   1.0182164E+00
     9.4960000E+03   4.1543728E+02   1.8229937E+04   9.3875499E+01   2.0381086E+00   1.0190543E+00
     9.5270000E+03   4.1742310E+02   1.3680038E+07   9.3875499E+01   4.0239276E+00   2.0119638E+00
     9.5580000E+03   4.1727977E+02   1.2103799E+07   9.3875499E+01   3.8805966E+00   1.9402983E+00
     9.5870000E+03   4.1737661E+02   1.3160339E+07   9.3875499E+01   3.9774378E+00   1.9887189E+00
     9.6180000E+03   4.1550254E+02   9.6173650E+04   9.3875499E+01   2.1033667E+00   1.0516833E+00
     9.6480000E+03   4.1578369E+02   8.5891471E+05   9.3875499E+01   2.3845156E+00   1.1922578E+00
     9.6790000E+03   4.1556703E+02   2.1576066E+05   9.3875499E+01   2.1678529E+00   1.0839264E+00
     9.7090000E+03   4.1544336E+02   2.3325832E+04   9.3875499E+01   2.0441828E+00   1.0220914E+00
     9.7400000E+03   4.1549332E+02   8.2306288E+04   9.3875499E+01   2.0941471E+00   1.0470736E+00
     9.7710000E+03   4.1549020E+02   7.7815834E+04   9.3875499E+01   2.0910307E+00   1.0455154E+00
     9.8010000E+03   4.1546897E+02   4.9979054E+04   9.3875499E+01   2.0697945E+00   1.0348972E+00
     9.8320000E+03   4.1543399E+02   1.5682116E+04   9.3875499E+01   2.0348173E+00   1.0174086E+00
     9.8620000E+03   4.1605881E+02   2.1115465E+06   9.3875499E+01   2.6596351E+00   1.3298175E+00
     9.8930000E+03   4.1791980E+02   1.9721672E+07   9.3875499E+01   4.5206278E+00   2.2603139E+00
     9.9240000E+03   4.1763201E+02   1.6113574E+07   9.3875499E+01   4.2328404E+00   2.1164202E+00
     9.9520000E+03   4.1542443E+02   9.1860355E+03   9.3875499E+01   2.0252599E+00   1.0126299E+00
     9.9830000E+03   4.1540927E+02   1.9933852E+03   9.3875499E+01   2.0101006E+00   1.0050503E+00
     1.0013000E+04   4.1540535E+02   8.7832848E+02   9.3875499E+01   2.0061774E+00   1.0030887E+00
     1.0044000E+04   4.1542746E+02   1.1093599E+04   9.3875499E+01   2.0282877E+00   1.0141438E+00
     1.0074000E+04   4.1543773E+02   1.8591627E+04   9.3875499E+01   2.0385604E+00   1.0192802E+00
     1.0105000E+04   4.1549230E+02   8.0824164E+04   9.3875499E+01   2.0931262E+00   1.0465631E+00
     1.0136000E+04   4.1548044E+02   6.4404323E+04   9.3875499E+01   2.0812637E+00   1.0406319E+00
     1.0166000E+04   4.1546830E+02   4.9179464E+04   9.3875499E+01   2.0691224E+00   1.0345612E+00
     1.0197000E+04   4.1545921E+02   3.8879907E+04   9.3875499E+01   2.0600322E+00   1.0300161E+00
     1.0227000E+04   4.1694288E+02   8.7103636E+06   9.3875499E+01   3.5437056E+00   1.7718528E+00
     1.0258000E+04   4.1615285E+02   2.6367284E+06   9.3875499E+01   2.7536721E+00   1.3768361E+00
     1.0289000E+04   4.1779616E+02   1.8135934E+07   9.3875499E+01   4.3969914E+00   2.1984957E+00
     1.0317000E+04   4.1856590E+02   2.8847856E+07   9.3875499E+01   5.1667264E+00   2.5833632E+00
     1.0348000E+04   4.1557083E+02   2.2397502E+05   9.3875499E+01   2.1716584E+00   1.0858292E+00
     1.0378000E+04   4.1558443E+02   2.5431084E+05   9.3875499E+01   2.1852525E+00   1.0926263E+00
     1.0409000E+04   4.1562083E+02   3.4294531E+05   9.3875499E+01   2.2216562E+00   1.1108281E+00
     1.0439000E+04   4.1544142E+02   2.1650522E+04   9.3875499E+01   2.0422505E+00   1.0211253E+00
     1.0470000E+04   4.1549221E+02   8.0696703E+04   9.3875499E+01   2.0930381E+00   1.0465190E+00
     1.0501000E+04   4.1549076E+02   7.8605643E+04   9.3875499E+01   2.0915840E+00   1.0457920E+00
     1.0531000E+04   4.1546998E+02   5.1197178E+04   9.3875499E+01   2.0708102E+00   1.0354051E+00
     1.0562000E+04   4.1540843E+02   1.7231896E+03   9.3875499E+01   2.0092554E+00   1.0046277E+00
     1.0592000E+04   4.1668008E+02   6.3820454E+06   9.3875499E+01   3.2809104E+00   1.6404552E+00
     1.0623000E+04   4.1563762E+02   3.8732462E+05   9.3875499E+01   2.2384459E+00   1.1192229E+00
     1.0654000E+04   4.1640418E+02   4.2596512E+06   9.3875499E+01   3.0050031E+00   1.5025016E+00
     1.0682000E+04   4.1758718E+02   1.5578005E+07   9.3875499E+01   4.1880118E+00   2.0940059E+00
     1.0713000E+04   4.1590249E+02   1.3453155E+06   9.3875499E+01   2.5033129E+00   1.2516565E+00
     1.0743000E+04   4.1551415E+02   1.1484199E+05   9.3875499E+01   2.1149759E+00   1.0574880E+00
     1.0774000E+04   4.1542048E+02   6.9171431E+03   9.3875499E+01   2.0213065E+00   1.0106532E+00
     1.0804000E+04   4.1542725E+02   1.0954574E+04   9.3875499E+01   2.0280744E+00   1.0140372E+00
     1.0835000E+04   4.1546237E+02   4.2358152E+04   9.3875499E+01   2.0631991E+00   1.0315996E+00
     1.0866000E+04   4.1546021E+02   3.9968606E+04   9.3875499E+01   2.0610352E+00   1.0305176E+00
     1.0896000E+04   4.1544778E+02   2.7348861E+04   9.3875499E+01   2.0486087E+00   1.0243043E+00
     1.0927000E+04   4.1541140E+02   2.7409378E+03   9.3875499E+01   2.0122271E+00   1.0061136E+00
     1.0957000E+04   4.1611381E+02   2.4130455E+06   9.3875499E+01   2.7146322E+00   1.3573161E+00
     1.0988000E+04   4.1547414E+02   5.6309908E+04   9.3875499E+01   2.0749720E+00   1.0374860E+00
     1.1019000E+04   4.1684551E+02   7.8141108E+06   9.3875499E+01   3.4463403E+00   1.7231702E+00
     1.1048000E+04   4.1760663E+02   1.5809382E+07   9.3875499E+01   4.2074531E+00   2.1037266E+00
     1.1079000E+04   4.1548636E+02   7.2415337E+04   9.3875499E+01   2.0871858E+00   1.0435929E+00
     1.1109000E+04   4.1551102E+02   1.0967826E+05   9.3875499E+01   2.1118456E+00   1.0559228E+00
     1.1140000E+04   4.1543216E+02   1.4335469E+04   9.3875499E+01   2.0329913E+00   1.0164957E+00
     1.1170000E+04   4.1542735E+02   1.1020150E+04   9.3875499E+01   2.0281751E+00   1.0140876E+00
     1.1201000E+04   4.1546266E+02   4.2676647E+04   9.3875499E+01   2.0634838E+00   1.0317419E+00
     1.1232000E+04   4.1546106E+02   4.0906154E+04   9.3875499E+01   2.0618902E+00   1.0309451E+00
     1.1262000E+04   4.1544665E+02   2.6297577E+04   9.3875499E+01   2.0474788E+00   1.0237394E+00
     1.1293000E+04   4.1554210E+02   1.6504518E+05   9.3875499E+01   2.1429248E+00   1.0714624E+00
     1.1323000E+04   4.1549959E+02   9.1641050E+04   9.3875499E+01   2.1004155E+00   1.0502078E+00
     1.1354000E+04   4.1548638E+02   7.2445876E+04   9.3875499E+01   2.0872079E+00   1.0436039E+00
     1.1385000E+04   4.1670516E+02   6.5916767E+06   9.3875499E+01   3.3059915E+00   1.6529958E+00
     1.1413000E+04   4.1693780E+02   8.6626906E+06   9.3875499E+01   3.5386307E+00   1.7693154E+00
     1.1444000E+04   4.1546028E+02   4.0047642E+04   9.3875499E+01   2.0611076E+00   1.0305538E+00
     1.1474000E+04   4.1540614E+02   1.0721543E+03   9.3875499E+01   2.0069624E+00   1.0034812E+00
     1.1505000E+04   4.1542537E+02   9.7622573E+03   9.3875499E+01   2.0261990E+00   1.0130995E+00
     1.1535000E+04   4.1542620E+02   1.0285049E+04   9.3875499E+01   2.0270320E+00   1.0135160E+00
     1.1566000E+04   4.1546331E+02   4.3409587E+04   9.3875499E+01   2.0641357E+00   1.0320679E+00
     1.1597000E+04   4.1546101E+02   4.0848245E+04   9.3875499E+01   2.0618376E+00   1.0309188E+00
     1.1627000E+04   4.1544679E+02   2.6429423E+04   9.3875499E+01   2.0476215E+00   1.0238107E+00
     1.1658000E+04   4.1543504E+02   1.6476099E+04   9.3875499E+01   2.0358645E+00   1.0179322E+00
     1.1688000E+04   4.1697042E+02   8.9708631E+06   9.3875499E+01   3.5712426E+00   1.7856213E+00
     1.1719000E+04   4.1757543E+02   1.5438744E+07   9.3875499E+01   4.1762547E+00   2.0881274E+00
     1.1750000E+04   4.1657541E+02   5.5367245E+06   9.3875499E+01   3.1762364E+00   1.5881182E+00
     1.1778000E+04   4.1558052E+02   2.4543227E+05   9.3875499E+01   2.1813445E+00   1.0906722E+00
     1.1809000E+04   4.1549960E+02   9.1652218E+04   9.3875499E+01   2.1004229E+00   1.0502114E+00
     1.1839000E+04   4.1540364E+02   5.1151526E+02   9.3875499E+01   2.0044663E+00   1.0022331E+00
     1.1870000E+04   4.1541137E+02   2.7295774E+03   9.3875499E+01   2.0121967E+00   1.0060984E+00
     1.1900000E+04   4.1542996E+02   1.2775073E+04   9.3875499E+01   2.0307873E+00   1.0153936E+00
     1.1931000E+04   4.1546404E+02   4.4237383E+04   9.3875499E+01   2.0648668E+00   1.0324334E+00
     1.1962000E+04   4.1546053E+02   4.0318352E+04   9.3875499E+01   2.0613551E+00   1.0306775E+00
     1.1992000E+04   4.1544926E+02   2.8748545E+04   9.3875499E+01   2.0500864E+00   1.0250432E+00
     1.2023000E+04   4.1542270E+02   8.1609310E+03   9.3875499E+01   2.0235288E+00   1.0117644E+00
     1.2053000E+04   4.1586258E+02   1.1722844E+06   9.3875499E+01   2.4634080E+00   1.2317040E+00
     1.2084000E+04   4.1827830E+02   2.4614912E+07   9.3875499E+01   4.8791309E+00   2.4395655E+00
     1.2115000E+04   4.1650177E+02   4.9711579E+06   9.3875499E+01   3.1025987E+00   1.5512993E+00
     1.2143000E+04   4.1570712E+02   5.9322508E+05   9.3875499E+01   2.3079470E+00   1.1539735E+00
     1.2174000E+04   4.1549860E+02   9.0139944E+04   9.3875499E+01   2.0994254E+00   1.0497127E+00
     1.2204000E+04   4.1636066E+02   3.9567255E+06   9.3875499E+01   2.9614896E+00   1.4807448E+00
     1.2235000E+04   4.1540796E+02   1.5788515E+03   9.3875499E+01   2.0087822E+00   1.0043911E+00
     1.2265000E+04   4.1542954E+02   1.2487232E+04   9.3875499E+01   2.0303692E+00   1.0151846E+00
     1.2296000E+04   4.1546443E+02   4.4677112E+04   9.3875499E+01   2.0652529E+00   1.0326264E+00
     1.2327000E+04   4.1546051E+02   4.0294373E+04   9.3875499E+01   2.0613332E+00   1.0306666E+00
     1.2357000E+04   4.1544936E+02   2.8846196E+04   9.3875499E+01   2.0501884E+00   1.0250942E+00
     1.2388000E+04   4.1542186E+02   7.6817066E+03   9.3875499E+01   2.0226898E+00   1.0113449E+00
     1.2418000E+04   4.1589638E+02   1.3182195E+06   9.3875499E+01   2.4972059E+00   1.2486029E+00
     1.2449000E+04   4.1778348E+02   1.7976239E+07   9.3875499E+01   4.3843050E+00   2.1921525E+00
     1.2480000E+04   4.1641723E+02   4.3522679E+06   9.3875499E+01   3.0180576E+00   1.5090288E+00
     1.2509000E+04   4.1733652E+02   1.2718679E+07   9.3875499E+01   3.9373487E+00   1.9686744E+00
     1.2540000E+04   4.1539925E+02   0.0000000E+00   9.3875499E+01   2.0000734E+00   1.0000367E+00
     1.2570000E+04   4.1539925E+02   0.0000000E+00   9.3875499E+01   2.0000805E+00   1.0000402E+00
     1.2601000E+04   4.1542339E+02   8.5629810E+03   9.3875499E+01   2.0242175E+00   1.0121088E+00
     1.2631000E+04   4.1542941E+02   1.2397102E+04   9.3875499E+01   2.0302375E+00   1.0151187E+00
     1.2662000E+04   4.1546351E+02   4.3634141E+04   9.3875499E+01   2.0643346E+00   1.0321673E+00
     1.2693000E+04   4.1546152E+02   4.1405869E+04   9.3875499E+01   2.0623427E+00   1.0311714E+00
     1.2723000E+04   4.1544917E+02   2.8659083E+04   9.3875499E+01   2.0499928E+00   1.0249964E+00
     1.2754000E+04   4.1558845E+02   2.6357895E+05   9.3875499E+01   2.1892743E+00   1.0946371E+00
     1.2784000E+04   4.1557580E+02   2.3487935E+05   9.3875499E+01   2.1766250E+00   1.0883125E+00
     1.2815000E+04   4.1731186E+02   1.2449989E+07   9.3875499E+01   3.9126874E+00   1.9563437E+00
     1.2846000E+04   4.1665216E+02   6.1518468E+06   9.3875499E+01   3.2529858E+00   1.6264929E+00
     1.2874000E+04   4.1618500E+02   2.8268812E+06   9.3875499E+01   2.7858284E+00   1.3929142E+00
     1.2905000E+04   4.1620481E+02   2.9466256E+06   9.3875499E+01   2.8056346E+00   1.4028173E+00
     1.2935000E+04   4.1548333E+02   6.8266027E+04   9.3875499E+01   2.0841531E+00   1.0420766E+00
     1.2966000E+04   4.1571916E+02   6.3238864E+05   9.3875499E+01   2.3199887E+00   1.1599944E+00
     1.2996000E+04   4.1541837E+02   5.8161743E+03   9.3875499E+01   2.0192017E+00   1.0096008E+00
     1.3027000E+04   4.1546453E+02   4.4791826E+04   9.3875499E+01   2.0653533E+00   1.0326767E+00
     1.3058000E+04   4.1546090E+02   4.0723641E+04   9.3875499E+01   2.0617244E+00   1.0308622E+00
     1.3088000E+04   4.1544788E+02   2.7443293E+04   9.3875499E+01   2.0487093E+00   1.0243546E+00
     1.3119000E+04   4.1542441E+02   9.1716649E+03   9.3875499E+01   2.0252362E+00   1.0126181E+00
     1.3149000E+04   4.1567186E+02   4.8440522E+05   9.3875499E+01   2.2726904E+00   1.1363452E+00
     1.3180000E+04   4.1818637E+02   2.3318911E+07   9.3875499E+01   4.7871954E+00   2.3935977E+00
     1.3211000E+04   4.1672402E+02   6.7510558E+06   9.3875499E+01   3.3248473E+00   1.6624236E+00
     1.3239000E+04   4.1639869E+02   4.2209778E+06   9.3875499E+01   2.9995185E+00   1.4997592E+00
     1.3270000E+04   4.1704239E+02   9.6661085E+06   9.3875499E+01   3.6432123E+00   1.8216062E+00
     1.3300000E+04   4.1655135E+02   5.3492697E+06   9.3875499E+01   3.1521780E+00   1.5760890E+00
     1.3331000E+04   4.1541731E+02   5.2872182E+03   9.3875499E+01   2.0181340E+00   1.0090670E+00
     1.3361000E+04   4.1542997E+02   1.2785203E+04   9.3875499E+01   2.0308019E+00   1.0154010E+00
     1.3392000E+04   4.1546521E+02   4.5570789E+04   9.3875499E+01   2.0660329E+00   1.0330165E+00
     1.3423000E+04   4.1546028E+02   4.0049234E+04   9.3875499E+01   2.0611090E+00   1.0305545E+00
     1.3453000E+04   4.1544885E+02   2.8361408E+04   9.3875499E+01   2.0496806E+00   1.0248403E+00
     1.3484000E+04   4.1541832E+02   5.7871874E+03   9.3875499E+01   2.0191442E+00   1.0095721E+00
     1.3514000E+04   4.1585520E+02   1.1413177E+06   9.3875499E+01   2.4560240E+00   1.2280120E+00
     1.3545000E+04   4.1671790E+02   6.6991861E+06   9.3875499E+01   3.3187305E+00   1.6593652E+00
     1.3576000E+04   4.1544590E+02   2.5603884E+04   9.3875499E+01   2.0467233E+00   1.0233617E+00
     1.3604000E+04   4.1719989E+02   1.1259129E+07   9.3875499E+01   3.8007173E+00   1.9003586E+00
     1.3635000E+04   4.1540560E+02   9.3741986E+02   9.3875499E+01   2.0064235E+00   1.0032117E+00
     1.3665000E+04   4.1549744E+02   8.8403031E+04   9.3875499E+01   2.0982714E+00   1.0491357E+00
     1.3696000E+04   4.1541927E+02   6.2750881E+03   9.3875499E+01   2.0200969E+00   1.0100484E+00
     1.3726000E+04   4.1542969E+02   1.2585429E+04   9.3875499E+01   2.0305122E+00   1.0152561E+00
     1.3757000E+04   4.1546330E+02   4.3397549E+04   9.3875499E+01   2.0641251E+00   1.0320625E+00
     1.3788000E+04   4.1546118E+02   4.1039441E+04   9.3875499E+01   2.0620111E+00   1.0310056E+00
     1.3818000E+04   4.1544753E+02   2.7112842E+04   9.3875499E+01   2.0483565E+00   1.0241783E+00
     1.3849000E+04   4.1553905E+02   1.5921901E+05   9.3875499E+01   2.1398759E+00   1.0699379E+00
     1.3879000E+04   4.1545994E+02   3.9673953E+04   9.3875499E+01   2.0607648E+00   1.0303824E+00
     1.3910000E+04   4.1659816E+02   5.7163432E+06   9.3875499E+01   3.1989853E+00   1.5994926E+00
     1.3941000E+04   4.1773315E+02   1.7348291E+07   9.3875499E+01   4.3339769E+00   2.1669884E+00
     1.3970000E+04   4.1621939E+02   3.0360365E+06   9.3875499E+01   2.8202143E+00   1.4101071E+00
     1.4001000E+04   4.1540396E+02   5.7465812E+02   9.3875499E+01   2.0047893E+00   1.0023947E+00
     1.4031000E+04   4.1540580E+02   9.8682760E+02   9.3875499E+01   2.0066245E+00   1.0033123E+00
     1.4062000E+04   4.1542316E+02   8.4262834E+03   9.3875499E+01   2.0239848E+00   1.0119924E+00
     1.4092000E+04   4.1542986E+02   1.2702664E+04   9.3875499E+01   2.0306824E+00   1.0153412E+00
     1.4123000E+04   4.1546384E+02   4.4013243E+04   9.3875499E+01   2.0646694E+00   1.0323347E+00
     1.4154000E+04   4.1546151E+02   4.1401267E+04   9.3875499E+01   2.0623386E+00   1.0311693E+00
     1.4184000E+04   4.1544896E+02   2.8464614E+04   9.3875499E+01   2.0497890E+00   1.0248945E+00
     1.4215000E+04   4.1543436E+02   1.5958402E+04   9.3875499E+01   2.0351840E+00   1.0175920E+00
     1.4245000E+04   4.1566115E+02   4.5311485E+05   9.3875499E+01   2.2619808E+00   1.1309904E+00
     1.4276000E+04   4.1612718E+02   2.4888110E+06   9.3875499E+01   2.7280118E+00   1.3640059E+00
     1.4307000E+04   4.1546375E+02   4.3903518E+04   9.3875499E+01   2.0645726E+00   1.0322863E+00
     1.4335000E+04   4.1735862E+02   1.2961426E+07   9.3875499E+01   3.9594504E+00   1.9797252E+00
     1.4366000E+04   4.1550822E+02   1.0513505E+05   9.3875499E+01   2.1090423E+00   1.0545212E+00
     1.4396000E+04   4.1540161E+02   1.8585214E+02   9.3875499E+01   2.0024330E+00   1.0012165E+00
     1.4427000E+04   4.1550316E+02   9.7140759E+04   9.3875499E+01   2.1039891E+00   1.0519945E+00
     1.4457000E+04   4.1542849E+02   1.1771785E+04   9.3875499E+01   2.0293129E+00   1.0146564E+00
     1.4488000E+04   4.1546310E+02   4.3176149E+04   9.3875499E+01   2.0639286E+00   1.0319643E+00
     1.4519000E+04   4.1546098E+02   4.0815626E+04   9.3875499E+01   2.0618080E+00   1.0309040E+00
     1.4549000E+04   4.1544869E+02   2.8206230E+04   9.3875499E+01   2.0495173E+00   1.0247587E+00
     1.4580000E+04   4.1558020E+02   2.4472396E+05   9.3875499E+01   2.1810303E+00   1.0905151E+00
     1.4610000E+04   4.1549046E+02   7.8186860E+04   9.3875499E+01   2.0912909E+00   1.0456455E+00
     1.4641000E+04   4.1602900E+02   1.9549383E+06   9.3875499E+01   2.6298298E+00   1.3149149E+00
     1.4672000E+04   4.1743234E+02   1.3784291E+07   9.3875499E+01   4.0331679E+00   2.0165840E+00
     1.4700000E+04   4.1649550E+02   4.9241375E+06   9.3875499E+01   3.0963293E+00   1.5481647E+00
     1.4731000E+04   4.1559423E+02   2.7713741E+05   9.3875499E+01   2.1950573E+00   1.0975287E+00
     1.4761000E+04   4.1636629E+02   3.9954130E+06   9.3875499E+01   2.9671192E+00   1.4835596E+00
     1.4792000E+04   4.1546518E+02   4.5541661E+04   9.3875499E+01   2.0660076E+00   1.0330038E+00
     1.4822000E+04   4.1542910E+02   1.2188217E+04   9.3875499E+01   2.0299307E+00   1.0149654E+00
     1.4853000E+04   4.1546243E+02   4.2422985E+04   9.3875499E+01   2.0632571E+00   1.0316286E+00
     1.4884000E+04   4.1545957E+02   3.9276850E+04   9.3875499E+01   2.0603992E+00   1.0301996E+00
     1.4914000E+04   4.1544858E+02   2.8101500E+04   9.3875499E+01   2.0494069E+00   1.0247035E+00
     1.4945000E+04   4.1575018E+02   7.3783107E+05   9.3875499E+01   2.3510090E+00   1.1755045E+00
     1.4975000E+04   4.1588394E+02   1.2637309E+06   9.3875499E+01   2.4847708E+00   1.2423854E+00
     1.5006000E+04   4.1720500E+02   1.1312435E+07   9.3875499E+01   3.8058276E+00   1.9029138E+00
     1.5037000E+04   4.1569410E+02   5.5202202E+05   9.3875499E+01   2.2949295E+00   1.1474647E+00
     1.5065000E+04   4.1661258E+02   5.8313876E+06   9.3875499E+01   3.2134056E+00   1.6067028E+00
     1.5096000E+04   4.1710054E+02   1.0242974E+07   9.3875499E+01   3.7013682E+00   1.8506841E+00
     1.5126000E+04   4.1539926E+02   0.0000000E+00   9.3875499E+01   2.0000897E+00   1.0000449E+00
     1.5157000E+04   4.1546595E+02   4.6429554E+04   9.3875499E+01   2.0667767E+00   1.0333884E+00
     1.5187000E+04   4.1541329E+02   3.4830931E+03   9.3875499E+01   2.0141176E+00   1.0070588E+00
     1.5218000E+04   4.1546301E+02   4.3069368E+04   9.3875499E+01   2.0638337E+00   1.0319168E+00
     1.5249000E+04   4.1546028E+02   4.0046392E+04   9.3875499E+01   2.0611064E+00   1.0305532E+00
     1.5279000E+04   4.1544921E+02   2.8705312E+04   9.3875499E+01   2.0500411E+00   1.0250206E+00
     1.5310000E+04   4.1546733E+02   4.8036193E+04   9.3875499E+01   2.0681537E+00   1.0340769E+00
     1.5340000E+04   4.1555047E+02   1.8147921E+05   9.3875499E+01   2.1513010E+00   1.0756505E+00
     1.5371000E+04   4.1542439E+02   9.1621782E+03   9.3875499E+01   2.0252205E+00   1.0126103E+00
     1.5402000E+04   4.1662201E+02   5.9071297E+06   9.3875499E+01   3.2228375E+00   1.6114188E+00
     1.5431000E+04   4.1551622E+02   1.1831054E+05   9.3875499E+01   2.1170471E+00   1.0585235E+00
     1.5462000E+04   4.1670142E+02   6.5602140E+06   9.3875499E+01   3.3022478E+00   1.6511239E+00
     1.5492000E+04   4.1554188E+02   1.6463369E+05   9.3875499E+01   2.1427109E+00   1.0713554E+00
     1.5523000E+04   4.1542094E+02   7.1694118E+03   9.3875499E+01   2.0217694E+00   1.0108847E+00
     1.5553000E+04   4.1542685E+02   1.0697502E+04   9.3875499E+01   2.0276773E+00   1.0138386E+00
     1.5584000E+04   4.1545862E+02   3.8245186E+04   9.3875499E+01   2.0594422E+00   1.0297211E+00
     1.5615000E+04   4.1545592E+02   3.5400193E+04   9.3875499E+01   2.0567483E+00   1.0283741E+00
     1.5645000E+04   4.1544402E+02   2.3912416E+04   9.3875499E+01   2.0448461E+00   1.0224230E+00
     1.5676000E+04   4.1541144E+02   2.7576927E+03   9.3875499E+01   2.0122719E+00   1.0061360E+00
     1.5706000E+04   4.1668704E+02   6.4399001E+06   9.3875499E+01   3.2878649E+00   1.6439324E+00
     1.5737000E+04   4.1737934E+02   1.3190675E+07   9.3875499E+01   3.9801715E+00   1.9900858E+00
     1.5768000E+04   4.1547963E+02   6.3344104E+04   9.3875499E+01   2.0804584E+00   1.0402292E+00
     1.5796000E+04   4.1540625E+02   1.1020686E+03   9.3875499E+01   2.0070783E+00   1.0035392E+00
     1.5827000E+04   4.1539926E+02   0.0000000E+00   9.3875499E+01   2.0000851E+00   1.0000426E+00
     1.5857000E+04   4.1543427E+02   1.5888940E+04   9.3875499E+01   2.0350921E+00   1.0175460E+00
     1.5888000E+04   4.1542088E+02   7.1345835E+03   9.3875499E+01   2.0217059E+00   1.0108529E+00
     1.5918000E+04   4.1541749E+02   5.3766991E+03   9.3875499E+01   2.0183175E+00   1.0091588E+00
     1.5949000E+04   4.1545921E+02   3.8882288E+04   9.3875499E+01   2.0600344E+00   1.0300172E+00
     1.5980000E+04   4.1545576E+02   3.5232688E+04   9.3875499E+01   2.0565870E+00   1.0282935E+00
     1.6010000E+04   4.1543987E+02   2.0342793E+04   9.3875499E+01   2.0407003E+00   1.0203501E+00
     1.6041000E+04   4.1541992E+02   6.6190166E+03   9.3875499E+01   2.0207507E+00   1.0103753E+00
     1.6071000E+04   4.1548339E+02   6.8351302E+04   9.3875499E+01   2.0842162E+00   1.0421081E+00
     1.6102000E+04   4.1545068E+02   3.0121082E+04   9.3875499E+01   2.0515077E+00   1.0257538E+00
     1.6133000E+04   4.1541276E+02   3.2679417E+03   9.3875499E+01   2.0135877E+00   1.0067939E+00
     1.6161000E+04   4.1739691E+02   1.3386222E+07   9.3875499E+01   3.9977328E+00   1.9988664E+00
     1.6192000E+04   4.1549765E+02   8.8704632E+04   9.3875499E+01   2.0984725E+00   1.0492362E+00
     1.6222000E+04   4.1549530E+02   8.5207056E+04   9.3875499E+01   2.0961241E+00   1.0480621E+00
     1.6253000E+04   4.1540321E+02   4.3176220E+02   9.3875499E+01   2.0040344E+00   1.0020172E+00
     1.6283000E+04   4.1540557E+02   9.3199977E+02   9.3875499E+01   2.0064012E+00   1.0032006E+00
     1.6314000E+04   4.1541954E+02   6.4155912E+03   9.3875499E+01   2.0203657E+00   1.0101828E+00
     1.6345000E+04   4.1541687E+02   5.0774251E+03   9.3875499E+01   2.0176988E+00   1.0088494E+00
     1.6375000E+04   4.1541026E+02   2.3287287E+03   9.3875499E+01   2.0110882E+00   1.0055441E+00
     1.6406000E+04   4.1539924E+02   0.0000000E+00   9.3875499E+01   2.0000686E+00   1.0000343E+00
     1.6436000E+04   4.1570369E+02   5.8223968E+05   9.3875499E+01   2.3045127E+00   1.1522563E+00
     1.6467000E+04   4.1774093E+02   1.7444831E+07   9.3875499E+01   4.3417611E+00   2.1708805E+00
     1.6498000E+04   4.1539925E+02   0.0000000E+00   9.3875499E+01   2.0000794E+00   1.0000397E+00
     1.6526000E+04   4.1615669E+02   2.6592022E+06   9.3875499E+01   2.7575199E+00   1.3787599E+00
     1.6557000E+04   4.1539924E+02   0.0000000E+00   9.3875499E+01   2.0000665E+00   1.0000333E+00
     1.6587000E+04   4.1545204E+02   3.1458254E+04   9.3875499E+01   2.0528677E+00   1.0264338E+00
     1.6618000E+04   4.1540235E+02   2.9015842E+02   9.3875499E+01   2.0031785E+00   1.0015892E+00
     1.6648000E+04   4.1540493E+02   7.8162668E+02   9.3875499E+01   2.0057599E+00   1.0028800E+00
     1.6679000E+04   4.1541924E+02   6.2613844E+03   9.3875499E+01   2.0200705E+00   1.0100353E+00
     1.6710000E+04   4.1541716E+02   5.2176786E+03   9.3875499E+01   2.0179905E+00   1.0089953E+00
     1.6740000E+04   4.1541085E+02   2.5391722E+03   9.3875499E+01   2.0116789E+00   1.0058394E+00
     1.6771000E+04   4.1539926E+02   0.0000000E+00   9.3875499E+01   2.0000843E+00   1.0000421E+00
     1.6801000E+04   4.1548880E+02   7.5830028E+04   9.3875499E+01   2.0896297E+00   1.0448149E+00
     1.6832000E+04   4.1668546E+02   6.4267519E+06   9.3875499E+01   3.2862866E+00   1.6431433E+00
     1.6863000E+04   4.1721117E+02   1.1376873E+07   9.3875499E+01   3.8119925E+00   1.9059962E+00
     1.6892000E+04   4.1547216E+02   5.3842935E+04   9.3875499E+01   2.0729836E+00   1.0364918E+00
     1.6923000E+04   4.1686683E+02   8.0069859E+06   9.3875499E+01   3.4676557E+00   1.7338279E+00
     1.6953000E+04   4.1543170E+02   1.3999027E+04   9.3875499E+01   2.0325245E+00   1.0162623E+00
     1.6984000E+04   4.1540643E+02   1.1490697E+03   9.3875499E+01   2.0072579E+00   1.0036290E+00
     1.7014000E+04   4.1541142E+02   2.7484359E+03   9.3875499E+01   2.0122472E+00   1.0061236E+00
     1.7045000E+04   4.1542882E+02   1.1997342E+04   9.3875499E+01   2.0296486E+00   1.0148243E+00
     1.7076000E+04   4.1542605E+02   1.0184141E+04   9.3875499E+01   2.0268725E+00   1.0134363E+00
     1.7106000E+04   4.1542020E+02   6.7665356E+03   9.3875499E+01   2.0210269E+00   1.0105135E+00
     1.7137000E+04   4.1579487E+02   9.0094178E+05   9.3875499E+01   2.3956963E+00   1.1978481E+00
     1.7167000E+04   4.1579271E+02   8.9277567E+05   9.3875499E+01   2.3935404E+00   1.1967702E+00
     1.7198000E+04   4.1669507E+02   6.5069614E+06   9.3875499E+01   3.2958948E+00   1.6479474E+00
     1.7229000E+04   4.1810260E+02   2.2162534E+07   9.3875499E+01   4.7034237E+00   2.3517119E+00
     1.7257000E+04   4.1774842E+02   1.7537895E+07   9.3875499E+01   4.3492487E+00   2.1746244E+00
     1.7288000E+04   4.1550521E+02   1.0034474E+05   9.3875499E+01   2.1060336E+00   1.0530168E+00
     1.7318000E+04   4.1577967E+02   8.4401170E+05   9.3875499E+01   2.3804986E+00   1.1902493E+00
     1.7349000E+04   4.1540855E+02   1.7624394E+03   9.3875499E+01   2.0093813E+00   1.0046906E+00
     1.7379000E+04   4.1540981E+02   2.1743306E+03   9.3875499E+01   2.0106411E+00   1.0053205E+00
     1.7410000E+04   4.1542918E+02   1.2243144E+04   9.3875499E+01   2.0300116E+00   1.0150058E+00
     1.7441000E+04   4.1542669E+02   1.0592530E+04   9.3875499E+01   2.0275140E+00   1.0137570E+00
     1.7471000E+04   4.1542032E+02   6.8327557E+03   9.3875499E+01   2.0211502E+00   1.0105751E+00
     1.7502000E+04   4.1540380E+02   5.4243712E+02   9.3875499E+01   2.0046264E+00   1.0023132E+00
     1.7532000E+04   4.1614682E+02   2.6016737E+06   9.3875499E+01   2.7476441E+00   1.3738221E+00
     1.7563000E+04   4.1540878E+02   1.8351352E+03   9.3875499E+01   2.0096116E+00   1.0048058E+00
     1.7594000E+04   4.1659691E+02   5.7064419E+06   9.3875499E+01   3.1977388E+00   1.5988694E+00
     1.7622000E+04   4.1539926E+02   0.0000000E+00   9.3875499E+01   2.0000868E+00   1.0000434E+00
     1.7653000E+04   4.1646055E+02   4.6653067E+06   9.3875499E+01   3.0613804E+00   1.5306902E+00
     1.7683000E+04   4.1571338E+02   6.1346902E+05   9.3875499E+01   2.3142099E+00   1.1571049E+00
     1.7714000E+04   4.1540776E+02   1.5206739E+03   9.3875499E+01   2.0085866E+00   1.0042933E+00
     1.7744000E+04   4.1541133E+02   2.7162748E+03   9.3875499E+01   2.0121610E+00   1.0060805E+00
     1.7775000E+04   4.1542911E+02   1.2193610E+04   9.3875499E+01   2.0299387E+00   1.0149693E+00
     1.7806000E+04   4.1542622E+02   1.0294728E+04   9.3875499E+01   2.0270472E+00   1.0135236E+00
     1.7836000E+04   4.1541971E+02   6.5048559E+03   9.3875499E+01   2.0205352E+00   1.0102676E+00
