0 0 0 0 0 0 0 0 0 0 0 0 0 0 0 0 0 0 0 0 0 0 0 0 0 0 0 3.294729e-05 3.237601e-05 3.178206e-05 3.31421e-05 0 0 0 0 0 0 0 0 0 0 0 0 0 0 0 0 0 0 0 0 0 0 0 0 0 0 0 0 0 0 0 0 0 0 0 0 0 0 0 0 0 0 0 0 0 0 0 0 0 0 0 0 0 0
0 0 0 0 0 0 0 0 0 0 0 0 0 0 0 0 0 0 0 0 0 0 0 0 0 0 3.165511e-05 3.1374e-05 3.107421e-05 3.149062e-05 3.265219e-05 3.326735e-05 3.294406e-05 0 0 0 0 0 0 0 0 0 0 0 0 0 0 0 0 0 0 0 0 0 0 0 0 0 0 0 0 0 0 0 0 0 0 0 0 0 0 0 0 0 0 0 0 0 0 0 0 0 0 0 0
0 0 0 0 0 0 0 0 0 0 0 0 0 0 0 0 0 0 0 0 0 0 0 0 0 0 3.091105e-05 3.088965e-05 3.070263e-05 3.115402e-05 3.193565e-05 3.304269e-05 3.331074e-05 0 0 0 0 0 0 0 0 0 0 0 0 0 0 0 0 0 0 0 0 0 0 0 0 0 0 0 0 0 0 0 0 0 0 0 0 0 0 0 0 0 0 0 0 0 0 0 0 0 0 0 0
0 0 0 0 0 0 0 0 0 0 0 0 0 0 0 0 0 0 0 0 0 0 0 0 0 3.151053e-05 3.069173e-05 3.069173e-05 3.07102e-05 3.092735e-05 3.182268e-05 3.315586e-05 3.351477e-05 3.295157e-05 0 0 0 0 0 0 0 0 0 0 0 0 0 0 0 0 0 0 0 0 0 0 0 0 0 0 0 0 0 0 0 0 0 0 0 0 0 0 0 0 0 0 0 0 0 0 0 0 0 0 0
0 0 0 0 0 0 0 0 0 0 0 0 0 0 0 0 0 0 0 0 0 0 0 3.28084e-05 3.226796e-05 3.110932e-05 3.069173e-05 3.069173e-05 3.112475e-05 3.11589e-05 3.175048e-05 3.304675e-05 3.334255e-05 3.313276e-05 3.240391e-05 0 0 0 0 0 0 0 0 0 0 0 0 0 0 0 0 0 0 0 0 0 0 0 0 0 0 0 0 0 0 0 0 0 0 0 0 0 0 0 0 0 0 0 0 0 0 0 0 0 0
0 0 0 0 0 0 0 0 0 0 0 0 0 0 0 0 0 0 0 0 0 3.334774e-05 3.311433e-05 3.287503e-05 3.261509e-05 3.186002e-05 3.100188e-05 3.109211e-05 3.207982e-05 3.237625e-05 3.252486e-05 3.298349e-05 3.354289e-05 3.368167e-05 3.318704e-05 0 0 0 0 0 0 0 0 0 0 0 0 0 0 0 0 0 0 0 0 0 0 0 0 0 0 0 0 0 0 0 0 0 0 0 0 0 0 0 0 0 0 0 0 0 0 0 0 0 0
0 0 0 0 0 0 0 0 0 0 0 0 0 0 0 0 3.341904e-05 3.412096e-05 3.447823e-05 3.414208e-05 3.37383e-05 3.383585e-05 3.366421e-05 3.324302e-05 3.287792e-05 3.229905e-05 3.096545e-05 3.206382e-05 3.351999e-05 3.336892e-05 3.29021e-05 3.28939e-05 3.321908e-05 3.366322e-05 3.38278e-05 3.27068e-05 0 0 0 0 0 0 0 0 0 0 0 0 0 0 0 0 0 0 0 0 0 0 0 0 0 0 0 0 0 0 0 0 0 0 0 0 0 0 0 0 0 0 0 0 0 0 0 0 0
0 0 0 0 0 0 0 0 0 0 0 0 0 0 0 3.285792e-05 3.31349e-05 3.383905e-05 3.462235e-05 3.398419e-05 3.311196e-05 3.328596e-05 3.35184e-05 3.33191e-05 3.287692e-05 3.320427e-05 3.273157e-05 3.347201e-05 3.491922e-05 3.446869e-05 3.390683e-05 3.328841e-05 3.307097e-05 3.359746e-05 3.319251e-05 3.189463e-05 3.149547e-05 0 0 0 0 0 0 0 0 0 0 0 0 0 0 0 0 0 0 0 0 0 0 0 0 0 0 0 0 0 0 0 0 0 0 0 0 0 0 0 0 0 0 0 0 0 0 0 0
0 0 0 0 0 0 0 0 0 0 0 0 0 0 0 3.28084e-05 3.286289e-05 3.352258e-05 3.384578e-05 3.297943e-05 3.250267e-05 3.273608e-05 3.313381e-05 3.340296e-05 3.345537e-05 3.419836e-05 3.451524e-05 3.408453e-05 3.418086e-05 3.432664e-05 3.438007e-05 3.381349e-05 3.307717e-05 3.299123e-05 3.218142e-05 3.078257e-05 3.094558e-05 0 0 0 0 0 0 0 0 0 0 0 0 0 0 0 0 0 0 0 0 0 0 0 0 0 0 0 0 0 0 0 0 0 0 0 0 0 0 0 0 0 0 0 0 0 0 0 0
0 0 0 0 0 0 0 0 0 0 0 0 0 0 0 0 3.243822e-05 3.24411e-05 3.230086e-05 3.190133e-05 3.195278e-05 3.218619e-05 3.254419e-05 3.337318e-05 3.339067e-05 3.343051e-05 3.361366e-05 3.353095e-05 3.319995e-05 3.316682e-05 3.339648e-05 3.325667e-05 3.245134e-05 3.168609e-05 3.122172e-05 3.069173e-05 3.069173e-05 0 0 0 0 0 0 0 0 0 0 0 0 0 0 0 0 0 0 0 0 0 0 0 0 0 0 0 0 0 0 0 0 0 0 0 0 0 0 0 0 0 0 0 0 0 0 0 0
0 0 0 0 0 0 0 0 0 0 0 0 0 0 0 0 3.130674e-05 3.058391e-05 3.018438e-05 3.000833e-05 3.070856e-05 3.127209e-05 3.132564e-05 3.168601e-05 3.203861e-05 3.217198e-05 3.278713e-05 3.254171e-05 3.197649e-05 3.197272e-05 3.244248e-05 3.251645e-05 3.194535e-05 3.11631e-05 3.056964e-05 3.066194e-05 3.069173e-05 2.944197e-05 0 0 0 0 0 0 0 0 0 0 0 0 0 0 0 0 0 0 0 0 0 0 0 0 0 0 0 0 0 0 0 0 0 0 0 0 0 0 0 0 0 0 0 0 0 0 0
0 0 0 0 0 0 0 0 0 0 0 0 0 0 0 0 0 2.931572e-05 2.886631e-05 2.857506e-05 2.905891e-05 2.961497e-05 2.99036e-05 3.02185e-05 3.07677e-05 3.01827e-05 3.009517e-05 3.048951e-05 3.042522e-05 3.050589e-05 3.078206e-05 3.137673e-05 3.134954e-05 3.049208e-05 2.979113e-05 2.975588e-05 2.967316e-05 2.854126e-05 0 0 0 0 0 0 0 0 0 0 0 0 0 0 0 0 0 0 0 0 0 0 0 0 0 0 0 0 0 0 0 0 0 0 0 0 0 0 0 0 0 0 0 0 0 0 0
0 0 0 0 0 0 0 0 0 0 0 0 0 0 0 0 0 2.862058e-05 2.857506e-05 2.857506e-05 2.857506e-05 2.857506e-05 2.86282e-05 2.873166e-05 2.891551e-05 2.830112e-05 2.751672e-05 2.818851e-05 2.868413e-05 2.899266e-05 2.952353e-05 3.055002e-05 3.01203e-05 2.904925e-05 2.888292e-05 2.870587e-05 2.872239e-05 2.829317e-05 2.793725e-05 0 0 0 0 0 0 0 0 0 0 0 0 0 0 0 0 0 0 0 0 0 0 0 0 0 0 0 0 0 0 0 0 0 0 0 0 0 0 0 0 0 0 0 0 0 0
0 0 0 0 0 0 0 0 0 0 0 0 0 0 0 0 0 2.931327e-05 2.892203e-05 2.868862e-05 2.857506e-05 2.857506e-05 2.838384e-05 2.788166e-05 2.751979e-05 2.759581e-05 2.751672e-05 2.751672e-05 2.751672e-05 2.772834e-05 2.835408e-05 2.922523e-05 2.867058e-05 2.756039e-05 2.829702e-05 2.857506e-05 2.857506e-05 2.855766e-05 2.848713e-05 0 0 0 0 0 0 0 0 0 0 0 0 0 0 0 0 0 0 0 0 0 0 0 0 0 0 0 0 0 0 0 0 0 0 0 0 0 0 0 0 0 0 0 0 0 0
0 0 0 0 0 0 0 0 0 0 0 0 0 0 0 0 0 0 2.947192e-05 2.92385e-05 2.878692e-05 2.856977e-05 2.855495e-05 2.825279e-05 2.774658e-05 2.751672e-05 2.751672e-05 2.751672e-05 2.751672e-05 2.751672e-05 2.751672e-05 2.756529e-05 2.771332e-05 2.779381e-05 2.834369e-05 2.85438e-05 2.857506e-05 2.833855e-05 2.817792e-05 2.80318e-05 0 0 0 0 0 0 0 0 0 0 0 0 0 0 0 0 0 0 0 0 0 0 0 0 0 0 0 0 0 0 0 0 0 0 0 0 0 0 0 0 0 0 0 0 0
0 0 0 0 0 0 0 0 0 0 0 0 0 0 0 0 0 0 2.999608e-05 2.944522e-05 2.884171e-05 2.839033e-05 2.81815e-05 2.80722e-05 2.771287e-05 2.751672e-05 2.751672e-05 2.751672e-05 2.751672e-05 2.751672e-05 2.751672e-05 2.751672e-05 2.751672e-05 2.79972e-05 2.857334e-05 2.823412e-05 2.812851e-05 2.789957e-05 2.755948e-05 2.762874e-05 2.751672e-05 0 0 0 0 0 0 0 0 0 0 0 0 0 0 0 0 0 0 0 0 0 0 0 0 0 0 0 0 0 0 0 0 0 0 0 0 0 0 0 0 0 0 0 0
0 0 0 0 0 0 0 0 0 0 0 0 0 0 0 0 0 3.165944e-05 2.988875e-05 2.948181e-05 2.907679e-05 2.83178e-05 2.753451e-05 2.762947e-05 2.751672e-05 2.751672e-05 2.751672e-05 2.751672e-05 2.751672e-05 2.751672e-05 2.751672e-05 2.751672e-05 2.755573e-05 2.783037e-05 2.81294e-05 2.786005e-05 2.758179e-05 2.758707e-05 2.751672e-05 2.751672e-05 2.750429e-05 0 0 0 0 0 0 0 0 0 0 0 0 0 0 0 0 0 0 0 0 0 0 0 0 0 0 0 0 0 0 0 0 0 0 0 0 0 0 0 0 0 0 0 0
0 0 0 0 0 0 0 0 0 0 0 0 0 0 0 0 0 3.168035e-05 3.038146e-05 2.977113e-05 2.941757e-05 2.863428e-05 2.795584e-05 2.760416e-05 2.753841e-05 2.751672e-05 2.751672e-05 2.751672e-05 2.751672e-05 2.751672e-05 2.751672e-05 2.751672e-05 2.751672e-05 2.751672e-05 2.800038e-05 2.819948e-05 2.775583e-05 2.751632e-05 2.751672e-05 2.748319e-05 2.718803e-05 0 0 0 0 0 0 0 0 0 0 0 0 0 0 0 0 0 0 0 0 0 0 0 0 0 0 0 0 0 0 0 0 0 0 0 0 0 0 0 0 0 0 0 0
0 0 0 0 0 0 0 0 0 0 0 0 0 0 0 0 0 3.208394e-05 3.09063e-05 2.982751e-05 2.942093e-05 2.892534e-05 2.818721e-05 2.75618e-05 2.7815e-05 2.791581e-05 2.768749e-05 2.751672e-05 2.751672e-05 2.751672e-05 2.751672e-05 2.751672e-05 2.751672e-05 2.757501e-05 2.794021e-05 2.82287e-05 2.781746e-05 2.734372e-05 2.711253e-05 2.701003e-05 2.667306e-05 0 0 0 0 0 0 0 0 0 0 0 0 0 0 0 0 0 0 0 0 0 0 0 0 0 0 0 0 0 0 0 0 0 0 0 0 0 0 0 0 0 0 0 0
0 0 0 0 0 0 0 0 0 0 0 0 0 0 0 0 0 3.241843e-05 3.155101e-05 3.032546e-05 2.964403e-05 2.937475e-05 2.887084e-05 2.842046e-05 2.850353e-05 2.847078e-05 2.823737e-05 2.800396e-05 2.777055e-05 2.753129e-05 2.751672e-05 2.751672e-05 2.751672e-05 2.751672e-05 2.75948e-05 2.770857e-05 2.755932e-05 2.704804e-05 2.649816e-05 2.656045e-05 2.646005e-05 0 0 0 0 0 0 0 0 0 0 0 0 0 0 0 0 0 0 0 0 0 0 0 0 0 0 0 0 0 0 0 0 0 0 0 0 0 0 0 0 0 0 0 0
0 0 0 0 0 0 0 0 0 0 0 0 0 0 0 0 3.264088e-05 3.261216e-05 3.271238e-05 3.175161e-05 3.083596e-05 3.016285e-05 2.97323e-05 2.975365e-05 2.983671e-05 2.90844e-05 2.85971e-05 2.855384e-05 2.832043e-05 2.7798e-05 2.751672e-05 2.751672e-05 2.751672e-05 2.751672e-05 2.751672e-05 2.751672e-05 2.736451e-05 2.681463e-05 2.645839e-05 2.645839e-05 2.669346e-05 0 0 0 0 0 0 0 0 0 0 0 0 0 0 0 0 0 0 0 0 0 0 0 0 0 0 0 0 0 0 0 0 0 0 0 0 0 0 0 0 0 0 0 0
0 0 0 0 0 0 0 0 0 0 0 0 0 0 0 0 3.185758e-05 3.206228e-05 3.22953e-05 3.226345e-05 3.173945e-05 3.0878e-05 3.036637e-05 3.068284e-05 3.058827e-05 2.927382e-05 2.857506e-05 2.857506e-05 2.841652e-05 2.785027e-05 2.751672e-05 2.751672e-05 2.751672e-05 2.751672e-05 2.751672e-05 2.751672e-05 2.732955e-05 2.685632e-05 2.65048e-05 2.645839e-05 2.692687e-05 0 0 0 0 0 0 0 0 0 0 0 0 0 0 0 0 0 0 0 0 0 0 0 0 0 0 0 0 0 0 0 0 0 0 0 0 0 0 0 0 0 0 0 0
0 0 0 0 0 0 0 0 0 0 0 0 0 0 0 0 3.156784e-05 3.141115e-05 3.198669e-05 3.243052e-05 3.189639e-05 3.098825e-05 3.102072e-05 3.146614e-05 3.067133e-05 2.933815e-05 2.872999e-05 2.85769e-05 2.848375e-05 2.815173e-05 2.771819e-05 2.75186e-05 2.751672e-05 2.749744e-05 2.72422e-05 2.726474e-05 2.75017e-05 2.722952e-05 2.669436e-05 2.655377e-05 2.705359e-05 0 0 0 0 0 0 0 0 0 0 0 0 0 0 0 0 0 0 0 0 0 0 0 0 0 0 0 0 0 0 0 0 0 0 0 0 0 0 0 0 0 0 0 0
0 0 0 0 0 0 0 0 0 0 0 0 0 0 0 3.155402e-05 3.090479e-05 3.027965e-05 3.087023e-05 3.182606e-05 3.159046e-05 3.070425e-05 3.125414e-05 3.166486e-05 3.066334e-05 2.951853e-05 2.888866e-05 2.857506e-05 2.857506e-05 2.83968e-05 2.780631e-05 2.73725e-05 2.718123e-05 2.708388e-05 2.670989e-05 2.693152e-05 2.740271e-05 2.717273e-05 2.662285e-05 2.649996e-05 2.676556e-05 0 0 0 0 0 0 0 0 0 0 0 0 0 0 0 0 0 0 0 0 0 0 0 0 0 0 0 0 0 0 0 0 0 0 0 0 0 0 0 0 0 0 0 0
0 0 0 0 0 0 0 0 0 0 0 0 0 0 0 3.08466e-05 3.02197e-05 2.959039e-05 2.960261e-05 3.012401e-05 3.029642e-05 3.034621e-05 3.106094e-05 3.144558e-05 3.067829e-05 2.966888e-05 2.880479e-05 2.857506e-05 2.857506e-05 2.816339e-05 2.76135e-05 2.706362e-05 2.655834e-05 2.660781e-05 2.646514e-05 2.699436e-05 2.74892e-05 2.693932e-05 2.645839e-05 2.645839e-05 2.645839e-05 2.64895e-05 0 0 0 0 0 0 0 0 0 0 0 0 0 0 0 0 0 0 0 0 0 0 0 0 0 0 0 0 0 0 0 0 0 0 0 0 0 0 0 0 0 0 0
0 0 0 0 0 0 0 0 0 0 0 0 0 0 0 3.00992e-05 2.978273e-05 2.932283e-05 2.910083e-05 2.927123e-05 2.950464e-05 2.935351e-05 2.959979e-05 3.00083e-05 3.016905e-05 2.955916e-05 2.857506e-05 2.857506e-05 2.847986e-05 2.792998e-05 2.738009e-05 2.683021e-05 2.637379e-05 2.627309e-05 2.66419e-05 2.722777e-05 2.725579e-05 2.670591e-05 2.645839e-05 2.645839e-05 2.645839e-05 2.645839e-05 0 0 0 0 0 0 0 0 0 0 0 0 0 0 0 0 0 0 0 0 0 0 0 0 0 0 0 0 0 0 0 0 0 0 0 0 0 0 0 0 0 0 0
0 0 0 0 0 0 0 0 0 0 0 0 0 0 0 2.931591e-05 2.904131e-05 2.887374e-05 2.857506e-05 2.872135e-05 2.879188e-05 2.847541e-05 2.836325e-05 2.862447e-05 2.915319e-05 2.924598e-05 2.882025e-05 2.859661e-05 2.824645e-05 2.769656e-05 2.714668e-05 2.659679e-05 2.60491e-05 2.571417e-05 2.632542e-05 2.710872e-05 2.695894e-05 2.647249e-05 2.645839e-05 2.645839e-05 2.645839e-05 2.652715e-05 0 0 0 0 0 0 0 0 0 0 0 0 0 0 0 0 0 0 0 0 0 0 0 0 0 0 0 0 0 0 0 0 0 0 0 0 0 0 0 0 0 0 0
0 0 0 0 0 0 0 0 0 0 0 0 0 0 0 2.887384e-05 2.857506e-05 2.860969e-05 2.857506e-05 2.857506e-05 2.817877e-05 2.769211e-05 2.781336e-05 2.804677e-05 2.889284e-05 2.960239e-05 2.902544e-05 2.85779e-05 2.845864e-05 2.782602e-05 2.691327e-05 2.636338e-05 2.58135e-05 2.557656e-05 2.613658e-05 2.658816e-05 2.658002e-05 2.645839e-05 2.645839e-05 2.645839e-05 2.645839e-05 2.676056e-05 2.731044e-05 0 0 0 0 0 0 0 0 0 0 0 0 0 0 0 0 0 0 0 0 0 0 0 0 0 0 0 0 0 0 0 0 0 0 0 0 0 0 0 0 0 0
0 0 0 0 0 0 0 0 0 0 0 0 0 0 2.967891e-05 2.85805e-05 2.857506e-05 2.857506e-05 2.857506e-05 2.849524e-05 2.794536e-05 2.751672e-05 2.751672e-05 2.783904e-05 2.901163e-05 2.954718e-05 2.914865e-05 2.889807e-05 2.923687e-05 2.850222e-05 2.728765e-05 2.648272e-05 2.564559e-05 2.607069e-05 2.686494e-05 2.669921e-05 2.647312e-05 2.645839e-05 2.645839e-05 2.645839e-05 2.645839e-05 2.696778e-05 2.751672e-05 0 0 0 0 0 0 0 0 0 0 0 0 0 0 0 0 0 0 0 0 0 0 0 0 0 0 0 0 0 0 0 0 0 0 0 0 0 0 0 0 0 0
0 0 0 0 0 0 0 0 0 0 0 0 0 0 2.904692e-05 2.857506e-05 2.857506e-05 2.857506e-05 2.857506e-05 2.826183e-05 2.771195e-05 2.751672e-05 2.751672e-05 2.809569e-05 2.910808e-05 2.957304e-05 2.951162e-05 2.91199e-05 2.91686e-05 2.847693e-05 2.751082e-05 2.715047e-05 2.656001e-05 2.650792e-05 2.721614e-05 2.682725e-05 2.645839e-05 2.645839e-05 2.645839e-05 2.645839e-05 2.650461e-05 2.679022e-05 2.714849e-05 0 0 0 0 0 0 0 0 0 0 0 0 0 0 0 0 0 0 0 0 0 0 0 0 0 0 0 0 0 0 0 0 0 0 0 0 0 0 0 0 0 0
0 0 0 0 0 0 0 0 0 0 0 0 0 0 2.865748e-05 2.857506e-05 2.857506e-05 2.838249e-05 2.840559e-05 2.802842e-05 2.748924e-05 2.722328e-05 2.730166e-05 2.808496e-05 2.884857e-05 2.939445e-05 2.940652e-05 2.879585e-05 2.840945e-05 2.790207e-05 2.739059e-05 2.72833e-05 2.688684e-05 2.602489e-05 2.647321e-05 2.685154e-05 2.658978e-05 2.645839e-05 2.645839e-05 2.645839e-05 2.645839e-05 2.645839e-05 2.659861e-05 0 0 0 0 0 0 0 0 0 0 0 0 0 0 0 0 0 0 0 0 0 0 0 0 0 0 0 0 0 0 0 0 0 0 0 0 0 0 0 0 0 0
0 0 0 0 0 0 0 0 0 0 0 0 0 0 2.857506e-05 2.857506e-05 2.838633e-05 2.790975e-05 2.762501e-05 2.730854e-05 2.705701e-05 2.669084e-05 2.698519e-05 2.776849e-05 2.842527e-05 2.921175e-05 2.887492e-05 2.803002e-05 2.76353e-05 2.731882e-05 2.701846e-05 2.668033e-05 2.615745e-05 2.541918e-05 2.643826e-05 2.739409e-05 2.678179e-05 2.645839e-05 2.645839e-05 2.645176e-05 2.645839e-05 2.645839e-05 2.645839e-05 0 0 0 0 0 0 0 0 0 0 0 0 0 0 0 0 0 0 0 0 0 0 0 0 0 0 0 0 0 0 0 0 0 0 0 0 0 0 0 0 0 0
0 0 0 0 0 0 0 0 0 0 0 0 0 0 2.857506e-05 2.857506e-05 2.815291e-05 2.760303e-05 2.714575e-05 2.652524e-05 2.659191e-05 2.645997e-05 2.683129e-05 2.742139e-05 2.772004e-05 2.819031e-05 2.800117e-05 2.739586e-05 2.6852e-05 2.666111e-05 2.661304e-05 2.632243e-05 2.578927e-05 2.567179e-05 2.645665e-05 2.675336e-05 2.643689e-05 2.645153e-05 2.645839e-05 2.624842e-05 2.613868e-05 2.637603e-05 2.645839e-05 0 0 0 0 0 0 0 0 0 0 0 0 0 0 0 0 0 0 0 0 0 0 0 0 0 0 0 0 0 0 0 0 0 0 0 0 0 0 0 0 0 0
0 0 0 0 0 0 0 0 0 0 0 0 0 0 2.857506e-05 2.850965e-05 2.802468e-05 2.750788e-05 2.732111e-05 2.689224e-05 2.65474e-05 2.645839e-05 2.658538e-05 2.719884e-05 2.774812e-05 2.764757e-05 2.753434e-05 2.716245e-05 2.661256e-05 2.645839e-05 2.645839e-05 2.63938e-05 2.609486e-05 2.592023e-05 2.623818e-05 2.597007e-05 2.567381e-05 2.619555e-05 2.64054e-05 2.585551e-05 2.562236e-05 2.61906e-05 2.632253e-05 0 0 0 0 0 0 0 0 0 0 0 0 0 0 0 0 0 0 0 0 0 0 0 0 0 0 0 0 0 0 0 0 0 0 0 0 0 0 0 0 0 0
0 0 0 0 0 0 0 0 0 0 0 0 0 0 2.860059e-05 2.854134e-05 2.82906e-05 2.800299e-05 2.776958e-05 2.711422e-05 2.65274e-05 2.645839e-05 2.645839e-05 2.733052e-05 2.847913e-05 2.787267e-05 2.749686e-05 2.707831e-05 2.64938e-05 2.645839e-05 2.645839e-05 2.645839e-05 2.629628e-05 2.577173e-05 2.564779e-05 2.555567e-05 2.564502e-05 2.61949e-05 2.617198e-05 2.56221e-05 2.560105e-05 2.613176e-05 2.608912e-05 0 0 0 0 0 0 0 0 0 0 0 0 0 0 0 0 0 0 0 0 0 0 0 0 0 0 0 0 0 0 0 0 0 0 0 0 0 0 0 0 0 0
0 0 0 0 0 0 0 0 0 0 0 0 0 0 2.856057e-05 2.833453e-05 2.836382e-05 2.855288e-05 2.821399e-05 2.743069e-05 2.674768e-05 2.64934e-05 2.650498e-05 2.696664e-05 2.762407e-05 2.767575e-05 2.751513e-05 2.733081e-05 2.704368e-05 2.681027e-05 2.653722e-05 2.645839e-05 2.606287e-05 2.551299e-05 2.540005e-05 2.540005e-05 2.587843e-05 2.642832e-05 2.593857e-05 2.540005e-05 2.545254e-05 2.571586e-05 2.564365e-05 0 0 0 0 0 0 0 0 0 0 0 0 0 0 0 0 0 0 0 0 0 0 0 0 0 0 0 0 0 0 0 0 0 0 0 0 0 0 0 0 0 0
0 0 0 0 0 0 0 0 0 0 0 0 0 0 0 2.781774e-05 2.781394e-05 2.804735e-05 2.803611e-05 2.767653e-05 2.702587e-05 2.653737e-05 2.662535e-05 2.662875e-05 2.697539e-05 2.749552e-05 2.725749e-05 2.720759e-05 2.747953e-05 2.732811e-05 2.675573e-05 2.641183e-05 2.594922e-05 2.540005e-05 2.540005e-05 2.547634e-05 2.589244e-05 2.618007e-05 2.570516e-05 2.540005e-05 2.540005e-05 2.540005e-05 2.540339e-05 0 0 0 0 0 0 0 0 0 0 0 0 0 0 0 0 0 0 0 0 0 0 0 0 0 0 0 0 0 0 0 0 0 0 0 0 0 0 0 0 0 0
0 0 0 0 0 0 0 0 0 0 0 0 0 0 0 2.7527e-05 2.751672e-05 2.751631e-05 2.761507e-05 2.745287e-05 2.690298e-05 2.654935e-05 2.705817e-05 2.72386e-05 2.732658e-05 2.732857e-05 2.677868e-05 2.684317e-05 2.735158e-05 2.72457e-05 2.669582e-05 2.643668e-05 2.62083e-05 2.591805e-05 2.568464e-05 2.543211e-05 2.55628e-05 2.564417e-05 2.544402e-05 2.540005e-05 2.540005e-05 2.540005e-05 2.540569e-05 0 0 0 0 0 0 0 0 0 0 0 0 0 0 0 0 0 0 0 0 0 0 0 0 0 0 0 0 0 0 0 0 0 0 0 0 0 0 0 0 0 0
0 0 0 0 0 0 0 0 0 0 0 0 0 0 0 2.751672e-05 2.751672e-05 2.737914e-05 2.726113e-05 2.714588e-05 2.666957e-05 2.657504e-05 2.69604e-05 2.737125e-05 2.751594e-05 2.709516e-05 2.654527e-05 2.676753e-05 2.735807e-05 2.701229e-05 2.64624e-05 2.645839e-05 2.645839e-05 2.645839e-05 2.617235e-05 2.564403e-05 2.535827e-05 2.531505e-05 2.540005e-05 2.540005e-05 2.530555e-05 2.521582e-05 2.561912e-05 0 0 0 0 0 0 0 0 0 0 0 0 0 0 0 0 0 0 0 0 0 0 0 0 0 0 0 0 0 0 0 0 0 0 0 0 0 0 0 0 0 0
0 0 0 0 0 0 0 0 0 0 0 0 0 0 0 0 2.753357e-05 2.702748e-05 2.664718e-05 2.666087e-05 2.645839e-05 2.645839e-05 2.656719e-05 2.719022e-05 2.746559e-05 2.705363e-05 2.653504e-05 2.656154e-05 2.677927e-05 2.664722e-05 2.645839e-05 2.645839e-05 2.645839e-05 2.645839e-05 2.604993e-05 2.55208e-05 2.509341e-05 2.481596e-05 2.494934e-05 2.518275e-05 2.497014e-05 2.464618e-05 2.530265e-05 0 0 0 0 0 0 0 0 0 0 0 0 0 0 0 0 0 0 0 0 0 0 0 0 0 0 0 0 0 0 0 0 0 0 0 0 0 0 0 0 0 0
0 0 0 0 0 0 0 0 0 0 0 0 0 0 0 0 2.734395e-05 2.679407e-05 2.653472e-05 2.656217e-05 2.645839e-05 2.645839e-05 2.675546e-05 2.730534e-05 2.751672e-05 2.735019e-05 2.708492e-05 2.685151e-05 2.668168e-05 2.646445e-05 2.645839e-05 2.645839e-05 2.659389e-05 2.650917e-05 2.54611e-05 2.474293e-05 2.46308e-05 2.434172e-05 2.439946e-05 2.451278e-05 2.419631e-05 2.420288e-05 0 0 0 0 0 0 0 0 0 0 0 0 0 0 0 0 0 0 0 0 0 0 0 0 0 0 0 0 0 0 0 0 0 0 0 0 0 0 0 0 0 0 0
0 0 0 0 0 0 0 0 0 0 0 0 0 0 0 0 0 2.665291e-05 2.685047e-05 2.711215e-05 2.691861e-05 2.668519e-05 2.698887e-05 2.751672e-05 2.751672e-05 2.749564e-05 2.744829e-05 2.749486e-05 2.7607e-05 2.734491e-05 2.678422e-05 2.665385e-05 2.703987e-05 2.660085e-05 2.526767e-05 2.440721e-05 2.436404e-05 2.434172e-05 2.434172e-05 2.407463e-05 2.345994e-05 2.388641e-05 0 0 0 0 0 0 0 0 0 0 0 0 0 0 0 0 0 0 0 0 0 0 0 0 0 0 0 0 0 0 0 0 0 0 0 0 0 0 0 0 0 0 0
0 0 0 0 0 0 0 0 0 0 0 0 0 0 0 0 0 0 2.728865e-05 2.748652e-05 2.746849e-05 2.713497e-05 2.698129e-05 2.720685e-05 2.744026e-05 2.726387e-05 2.698229e-05 2.742048e-05 2.820378e-05 2.814235e-05 2.734744e-05 2.721625e-05 2.745632e-05 2.667229e-05 2.535073e-05 2.437418e-05 2.389495e-05 2.412461e-05 2.434115e-05 2.420323e-05 2.38944e-05 2.405059e-05 2.432944e-05 0 0 0 0 0 0 0 0 0 0 0 0 0 0 0 0 0 0 0 0 0 0 0 0 0 0 0 0 0 0 0 0 0 0 0 0 0 0 0 0 0 0
0 0 0 0 0 0 0 0 0 0 0 0 0 0 0 0 0 0 0 2.723474e-05 2.706363e-05 2.702786e-05 2.655023e-05 2.665697e-05 2.689038e-05 2.679038e-05 2.647693e-05 2.710401e-05 2.785056e-05 2.804406e-05 2.780093e-05 2.756751e-05 2.746629e-05 2.69695e-05 2.577021e-05 2.415381e-05 2.334131e-05 2.357473e-05 2.408083e-05 2.450687e-05 2.436913e-05 2.431076e-05 2.412196e-05 2.397914e-05 0 0 0 0 0 0 0 0 0 0 0 0 0 0 0 0 0 0 0 0 0 0 0 0 0 0 0 0 0 0 0 0 0 0 0 0 0 0 0 0 0
0 0 0 0 0 0 0 0 0 0 0 0 0 0 0 0 0 0 0 2.710393e-05 2.659445e-05 2.707037e-05 2.694786e-05 2.656994e-05 2.645839e-05 2.649055e-05 2.654254e-05 2.690141e-05 2.757083e-05 2.835413e-05 2.835081e-05 2.81174e-05 2.762056e-05 2.741547e-05 2.609424e-05 2.424362e-05 2.399028e-05 2.378921e-05 2.430545e-05 2.518438e-05 2.432293e-05 2.393499e-05 2.368823e-05 2.344525e-05 2.422855e-05 0 0 0 0 0 0 0 0 0 0 0 0 0 0 0 0 0 0 0 0 0 0 0 0 0 0 0 0 0 0 0 0 0 0 0 0 0 0 0 0
0 0 0 0 0 0 0 0 0 0 0 0 0 0 0 0 0 0 0 0 2.717886e-05 2.741479e-05 2.711092e-05 2.65458e-05 2.645839e-05 2.645839e-05 2.63656e-05 2.649024e-05 2.725436e-05 2.802744e-05 2.842527e-05 2.845439e-05 2.737149e-05 2.672201e-05 2.593855e-05 2.489157e-05 2.50102e-05 2.484559e-05 2.470623e-05 2.482239e-05 2.397327e-05 2.337663e-05 2.33641e-05 2.359506e-05 2.414495e-05 2.328345e-05 0 0 0 0 0 0 0 0 0 0 0 0 0 0 0 0 0 0 0 0 0 0 0 0 0 0 0 0 0 0 0 0 0 0 0 0 0 0 0
0 0 0 0 0 0 0 0 0 0 0 0 0 0 0 0 0 0 0 0 2.751672e-05 2.74274e-05 2.687751e-05 2.640986e-05 2.635592e-05 2.629825e-05 2.594611e-05 2.625903e-05 2.714278e-05 2.77352e-05 2.836544e-05 2.816196e-05 2.720915e-05 2.65777e-05 2.637023e-05 2.597981e-05 2.58694e-05 2.527923e-05 2.449593e-05 2.475218e-05 2.460574e-05 2.352641e-05 2.309473e-05 2.382847e-05 2.423179e-05 2.258213e-05 2.117486e-05 2.164778e-05 0 0 0 0 0 0 0 0 0 0 0 0 0 0 0 0 0 0 0 0 0 0 0 0 0 0 0 0 0 0 0 0 0 0 0 0 0
0 0 0 0 0 0 0 0 0 0 0 0 0 0 0 0 0 0 0 0 2.751672e-05 2.730105e-05 2.674114e-05 2.613403e-05 2.584586e-05 2.557699e-05 2.526051e-05 2.629273e-05 2.740692e-05 2.717374e-05 2.747465e-05 2.784494e-05 2.739754e-05 2.679208e-05 2.648761e-05 2.660797e-05 2.637654e-05 2.55957e-05 2.484922e-05 2.466509e-05 2.456571e-05 2.319632e-05 2.245067e-05 2.280721e-05 2.277862e-05 2.179089e-05 2.071372e-05 2.048395e-05 0 0 0 0 0 0 0 0 0 0 0 0 0 0 0 0 0 0 0 0 0 0 0 0 0 0 0 0 0 0 0 0 0 0 0 0 0
0 0 0 0 0 0 0 0 0 0 0 0 0 0 0 0 0 0 0 0 2.751627e-05 2.743404e-05 2.70181e-05 2.580467e-05 2.505944e-05 2.479369e-05 2.506439e-05 2.692072e-05 2.760395e-05 2.629054e-05 2.616552e-05 2.724011e-05 2.693666e-05 2.62176e-05 2.675001e-05 2.71046e-05 2.651204e-05 2.562584e-05 2.456434e-05 2.374682e-05 2.301723e-05 2.198381e-05 2.163191e-05 2.121526e-05 2.075082e-05 1.999732e-05 1.973016e-05 1.904577e-05 0 0 0 0 0 0 0 0 0 0 0 0 0 0 0 0 0 0 0 0 0 0 0 0 0 0 0 0 0 0 0 0 0 0 0 0 0
0 0 0 0 0 0 0 0 0 0 0 0 0 0 0 0 0 0 0 0 2.737496e-05 2.722387e-05 2.647199e-05 2.506611e-05 2.364056e-05 2.273127e-05 2.456475e-05 2.775202e-05 2.825184e-05 2.740689e-05 2.700182e-05 2.742408e-05 2.564433e-05 2.422258e-05 2.618913e-05 2.745613e-05 2.626698e-05 2.516906e-05 2.341331e-05 2.235148e-05 2.194744e-05 2.120324e-05 2.126127e-05 2.079272e-05 1.969295e-05 1.905004e-05 1.912999e-05 1.887822e-05 0 0 0 0 0 0 0 0 0 0 0 0 0 0 0 0 0 0 0 0 0 0 0 0 0 0 0 0 0 0 0 0 0 0 0 0 0
0 0 0 0 0 0 0 0 0 0 0 0 0 0 0 0 0 0 0 0 2.692613e-05 2.660578e-05 2.491944e-05 2.336895e-05 2.176074e-05 2.024172e-05 2.292587e-05 2.572495e-05 2.740502e-05 2.816131e-05 2.778769e-05 2.730026e-05 2.597077e-05 2.464881e-05 2.625644e-05 2.6394e-05 2.450216e-05 2.295999e-05 2.144836e-05 2.159186e-05 2.189051e-05 2.112902e-05 2.071909e-05 2.0293e-05 1.922613e-05 1.905004e-05 1.905004e-05 1.854676e-05 0 0 0 0 0 0 0 0 0 0 0 0 0 0 0 0 0 0 0 0 0 0 0 0 0 0 0 0 0 0 0 0 0 0 0 0 0
0 0 0 0 0 0 0 0 0 0 0 0 0 0 0 0 0 0 0 0 2.614283e-05 2.531342e-05 2.340782e-05 2.156486e-05 2.019087e-05 2.024417e-05 2.20202e-05 2.395486e-05 2.625792e-05 2.660968e-05 2.637308e-05 2.670133e-05 2.745577e-05 2.489196e-05 2.415731e-05 2.475999e-05 2.284306e-05 2.001713e-05 1.837661e-05 1.962272e-05 2.08751e-05 2.038857e-05 1.955361e-05 1.977246e-05 1.940721e-05 1.91738e-05 1.886324e-05 1.831335e-05 0 0 0 0 0 0 0 0 0 0 0 0 0 0 0 0 0 0 0 0 0 0 0 0 0 0 0 0 0 0 0 0 0 0 0 0 0
0 0 0 0 0 0 0 0 0 0 0 0 0 0 0 0 0 0 0 0 2.535954e-05 2.414978e-05 2.247841e-05 2.149944e-05 1.997899e-05 2.010732e-05 2.15313e-05 2.231927e-05 2.393215e-05 2.431329e-05 2.434958e-05 2.429254e-05 2.479182e-05 2.405599e-05 2.249686e-05 2.5245e-05 2.405106e-05 1.961421e-05 1.699384e-05 1.713591e-05 1.742544e-05 1.694285e-05 1.801081e-05 1.96643e-05 1.99571e-05 1.972369e-05 1.924486e-05 1.847634e-05 0 0 0 0 0 0 0 0 0 0 0 0 0 0 0 0 0 0 0 0 0 0 0 0 0 0 0 0 0 0 0 0 0 0 0 0 0
0 0 0 0 0 0 0 0 0 0 0 0 0 0 0 0 0 0 0 0 2.450029e-05 2.352735e-05 2.235974e-05 2.221644e-05 2.116715e-05 2.022589e-05 2.011114e-05 2.001161e-05 2.040192e-05 2.101729e-05 2.124054e-05 2.130783e-05 2.392026e-05 2.585371e-05 2.517132e-05 2.608477e-05 2.362326e-05 1.936283e-05 1.602448e-05 1.446569e-05 1.438679e-05 1.374236e-05 1.622709e-05 1.824952e-05 1.914312e-05 1.981037e-05 1.999803e-05 1.919372e-05 0 0 0 0 0 0 0 0 0 0 0 0 0 0 0 0 0 0 0 0 0 0 0 0 0 0 0 0 0 0 0 0 0 0 0 0 0
0 0 0 0 0 0 0 0 0 0 0 0 0 0 0 0 0 0 0 0 2.419617e-05 2.342038e-05 2.214186e-05 2.129588e-05 2.028112e-05 1.909829e-05 1.845148e-05 1.811773e-05 1.802652e-05 1.817334e-05 1.802429e-05 1.842142e-05 2.23379e-05 2.577423e-05 2.558268e-05 2.390831e-05 2.087862e-05 1.708267e-05 1.313534e-05 1.16466e-05 1.230726e-05 1.3766e-05 1.627066e-05 1.721455e-05 1.802074e-05 1.913382e-05 1.995245e-05 1.923903e-05 0 0 0 0 0 0 0 0 0 0 0 0 0 0 0 0 0 0 0 0 0 0 0 0 0 0 0 0 0 0 0 0 0 0 0 0 0
0 0 0 0 0 0 0 0 0 0 0 0 0 0 0 0 0 0 0 0 2.402307e-05 2.265393e-05 2.163094e-05 1.986402e-05 1.848112e-05 1.764392e-05 1.736616e-05 1.653804e-05 1.565585e-05 1.550697e-05 1.534085e-05 1.761461e-05 2.113215e-05 2.426454e-05 2.594681e-05 2.197741e-05 1.778867e-05 1.36467e-05 8.762453e-06 9.360648e-06 1.065857e-05 1.432205e-05 1.772463e-05 1.678914e-05 1.673014e-05 1.873574e-05 2.010366e-05 0 0 0 0 0 0 0 0 0 0 0 0 0 0 0 0 0 0 0 0 0 0 0 0 0 0 0 0 0 0 0 0 0 0 0 0 0 0
0 0 0 0 0 0 0 0 0 0 0 0 0 0 0 0 0 0 0 0 2.327265e-05 2.222614e-05 2.190364e-05 2.026356e-05 1.814708e-05 1.705254e-05 1.695589e-05 1.607122e-05 1.497145e-05 1.387168e-05 1.277191e-05 1.85805e-05 2.347784e-05 2.536544e-05 2.675269e-05 1.819042e-05 1.214502e-05 8.950227e-06 6.028572e-06 7.602843e-06 1.007333e-05 1.407287e-05 1.631859e-05 1.544683e-05 1.600545e-05 1.847951e-05 1.958527e-05 0 0 0 0 0 0 0 0 0 0 0 0 0 0 0 0 0 0 0 0 0 0 0 0 0 0 0 0 0 0 0 0 0 0 0 0 0 0
0 0 0 0 0 0 0 0 0 0 0 0 0 0 0 0 0 0 0 2.386244e-05 2.303376e-05 2.192847e-05 2.148985e-05 2.034754e-05 1.857605e-05 1.709309e-05 1.635197e-05 1.565966e-05 1.450462e-05 1.340485e-05 1.358646e-05 1.803279e-05 2.37937e-05 2.66439e-05 2.266104e-05 1.350281e-05 8.611925e-06 5.357195e-06 5.146545e-06 6.486589e-06 1.009698e-05 1.404624e-05 1.460797e-05 1.420467e-05 1.539811e-05 1.774558e-05 1.899143e-05 0 0 0 0 0 0 0 0 0 0 0 0 0 0 0 0 0 0 0 0 0 0 0 0 0 0 0 0 0 0 0 0 0 0 0 0 0 0
0 0 0 0 0 0 0 0 0 0 0 0 0 0 0 0 0 0 0 2.376878e-05 2.249249e-05 2.088974e-05 1.989925e-05 1.899117e-05 1.784054e-05 1.644735e-05 1.58952e-05 1.567135e-05 1.437442e-05 1.297167e-05 1.2162e-05 1.358332e-05 1.816441e-05 2.273109e-05 1.811571e-05 8.551268e-06 8.149575e-06 6.353254e-06 5.202273e-06 5.860775e-06 1.06682e-05 1.401384e-05 1.369736e-05 1.351856e-05 1.385884e-05 1.538068e-05 0 0 0 0 0 0 0 0 0 0 0 0 0 0 0 0 0 0 0 0 0 0 0 0 0 0 0 0 0 0 0 0 0 0 0 0 0 0 0
0 0 0 0 0 0 0 0 0 0 0 0 0 0 0 0 0 0 0 2.346285e-05 2.11923e-05 1.912109e-05 1.855121e-05 1.787735e-05 1.696095e-05 1.587503e-05 1.587503e-05 1.567386e-05 1.402067e-05 1.221846e-05 1.048995e-05 1.090489e-05 1.416698e-05 1.706604e-05 1.690009e-05 1.193535e-05 8.348572e-06 7.249336e-06 5.131372e-06 5.697278e-06 9.2419e-06 1.225124e-05 1.291407e-05 1.271301e-05 1.276393e-05 1.394916e-05 0 0 0 0 0 0 0 0 0 0 0 0 0 0 0 0 0 0 0 0 0 0 0 0 0 0 0 0 0 0 0 0 0 0 0 0 0 0 0
0 0 0 0 0 0 0 0 0 0 0 0 0 0 0 0 0 0 2.422849e-05 2.224453e-05 2.014154e-05 1.800784e-05 1.744572e-05 1.700609e-05 1.632391e-05 1.576691e-05 1.587503e-05 1.518962e-05 1.377066e-05 1.130155e-05 8.318712e-06 1.049866e-05 1.446344e-05 1.556561e-05 1.729563e-05 1.243467e-05 5.568701e-06 5.770231e-06 4.946533e-06 4.479709e-06 5.429015e-06 9.146279e-06 1.120821e-05 1.146795e-05 1.173688e-05 1.289942e-05 0 0 0 0 0 0 0 0 0 0 0 0 0 0 0 0 0 0 0 0 0 0 0 0 0 0 0 0 0 0 0 0 0 0 0 0 0 0 0
0 0 0 0 0 0 0 0 0 0 0 0 0 0 0 0 0 0 2.357618e-05 2.157618e-05 2.007959e-05 1.91102e-05 1.82137e-05 1.677361e-05 1.592943e-05 1.515378e-05 1.482034e-05 1.404491e-05 1.340871e-05 1.068437e-05 8.077846e-06 9.44865e-06 1.277658e-05 1.30299e-05 1.220323e-05 7.892908e-06 4.686165e-06 5.784842e-06 6.046302e-06 5.579478e-06 6.163518e-06 8.309866e-06 9.598274e-06 1.009224e-05 1.029542e-05 1.103635e-05 0 0 0 0 0 0 0 0 0 0 0 0 0 0 0 0 0 0 0 0 0 0 0 0 0 0 0 0 0 0 0 0 0 0 0 0 0 0 0
0 0 0 0 0 0 0 0 0 0 0 0 0 0 0 0 0 2.581914e-05 2.377572e-05 2.220912e-05 2.06693e-05 1.996696e-05 1.928447e-05 1.699845e-05 1.567995e-05 1.47674e-05 1.311102e-05 1.201063e-05 1.089606e-05 9.127112e-06 7.136253e-06 5.711756e-06 8.803354e-06 1.135411e-05 8.918248e-06 5.069057e-06 5.44613e-06 6.779035e-06 7.280506e-06 6.991439e-06 7.339261e-06 8.765381e-06 8.728286e-06 8.879057e-06 8.283749e-06 0 0 0 0 0 0 0 0 0 0 0 0 0 0 0 0 0 0 0 0 0 0 0 0 0 0 0 0 0 0 0 0 0 0 0 0 0 0 0 0
0 0 0 0 0 0 0 0 0 0 0 0 0 0 0 0 2.63499e-05 2.540331e-05 2.399496e-05 2.267864e-05 2.050172e-05 1.862823e-05 1.742406e-05 1.59544e-05 1.586117e-05 1.541708e-05 1.229757e-05 9.800332e-06 8.918885e-06 7.568016e-06 5.965872e-06 4.355589e-06 7.410126e-06 1.113355e-05 7.284363e-06 4.829599e-06 7.119374e-06 8.276354e-06 9.193177e-06 8.804252e-06 7.731143e-06 7.788778e-06 7.660568e-06 7.730784e-06 7.603932e-06 0 0 0 0 0 0 0 0 0 0 0 0 0 0 0 0 0 0 0 0 0 0 0 0 0 0 0 0 0 0 0 0 0 0 0 0 0 0 0 0
0 0 0 0 0 0 0 0 0 0 0 0 0 0 0 0 2.615386e-05 2.537964e-05 2.373398e-05 2.214521e-05 1.939578e-05 1.677061e-05 1.525535e-05 1.412925e-05 1.383188e-05 1.357565e-05 1.036799e-05 7.825843e-06 7.780152e-06 7.185388e-06 5.783503e-06 4.309153e-06 5.724095e-06 6.77186e-06 5.228986e-06 6.505133e-06 9.998925e-06 1.003027e-05 1.003342e-05 8.739867e-06 6.705203e-06 6.755324e-06 6.861342e-06 7.23798e-06 7.416486e-06 0 0 0 0 0 0 0 0 0 0 0 0 0 0 0 0 0 0 0 0 0 0 0 0 0 0 0 0 0 0 0 0 0 0 0 0 0 0 0 0
0 0 0 0 0 0 0 0 0 0 0 0 0 0 0 0 2.57164e-05 2.405913e-05 2.249863e-05 2.080681e-05 1.822872e-05 1.625987e-05 1.480099e-05 1.301881e-05 1.113574e-05 1.103938e-05 9.705557e-06 7.954836e-06 7.312259e-06 8.138214e-06 7.907469e-06 6.051087e-06 4.787746e-06 4.272309e-06 4.298304e-06 6.220586e-06 9.300382e-06 1.008733e-05 9.245094e-06 7.646627e-06 6.350013e-06 6.350013e-06 6.536359e-06 7.148944e-06 7.447734e-06 0 0 0 0 0 0 0 0 0 0 0 0 0 0 0 0 0 0 0 0 0 0 0 0 0 0 0 0 0 0 0 0 0 0 0 0 0 0 0 0
0 0 0 0 0 0 0 0 0 0 0 0 0 0 0 0 2.470931e-05 2.242469e-05 2.065278e-05 1.938019e-05 1.747798e-05 1.578016e-05 1.475152e-05 1.286846e-05 1.112601e-05 1.072843e-05 1.018879e-05 7.919774e-06 6.805293e-06 7.717124e-06 8.325632e-06 7.325308e-06 5.532658e-06 4.551467e-06 4.497718e-06 5.047603e-06 7.260677e-06 9.687222e-06 8.806402e-06 6.871333e-06 6.350013e-06 6.350013e-06 6.534012e-06 6.985386e-06 6.859869e-06 0 0 0 0 0 0 0 0 0 0 0 0 0 0 0 0 0 0 0 0 0 0 0 0 0 0 0 0 0 0 0 0 0 0 0 0 0 0 0 0
0 0 0 0 0 0 0 0 0 0 0 0 0 0 0 0 2.342956e-05 2.00085e-05 1.827438e-05 1.821564e-05 1.692849e-05 1.453964e-05 1.325561e-05 1.227317e-05 1.133316e-05 1.076657e-05 9.255139e-06 7.055601e-06 6.350013e-06 6.469463e-06 6.242386e-06 5.486183e-06 5.622027e-06 4.638243e-06 4.73113e-06 5.281015e-06 7.092555e-06 9.666767e-06 8.248296e-06 6.350013e-06 6.350013e-06 6.350013e-06 6.350013e-06 6.466324e-06 0 0 0 0 0 0 0 0 0 0 0 0 0 0 0 0 0 0 0 0 0 0 0 0 0 0 0 0 0 0 0 0 0 0 0 0 0 0 0 0 0
0 0 0 0 0 0 0 0 0 0 0 0 0 0 0 0 2.221249e-05 1.754917e-05 1.620308e-05 1.661279e-05 1.521391e-05 1.300378e-05 1.223893e-05 1.167779e-05 1.08131e-05 1.013373e-05 8.094001e-06 6.350013e-06 6.350013e-06 6.106012e-06 4.886134e-06 4.742874e-06 6.622028e-06 6.398311e-06 5.181463e-06 5.350196e-06 6.266333e-06 7.4469e-06 7.246635e-06 6.555499e-06 6.36065e-06 6.350013e-06 6.350013e-06 6.350013e-06 0 0 0 0 0 0 0 0 0 0 0 0 0 0 0 0 0 0 0 0 0 0 0 0 0 0 0 0 0 0 0 0 0 0 0 0 0 0 0 0 0
0 0 0 0 0 0 0 0 0 0 0 0 0 0 0 0 0 1.84428e-05 1.686471e-05 1.569095e-05 1.386439e-05 1.278721e-05 1.275997e-05 1.17733e-05 1.018744e-05 8.436646e-06 6.162691e-06 5.420529e-06 5.887354e-06 5.355083e-06 3.900977e-06 4.721286e-06 6.94894e-06 6.584093e-06 4.669977e-06 5.033723e-06 5.81702e-06 6.716585e-06 7.39735e-06 6.761598e-06 6.332521e-06 6.145995e-06 6.202018e-06 6.350013e-06 6.350013e-06 0 0 0 0 0 0 0 0 0 0 0 0 0 0 0 0 0 0 0 0 0 0 0 0 0 0 0 0 0 0 0 0 0 0 0 0 0 0 0 0
0 0 0 0 0 0 0 0 0 0 0 0 0 0 0 0 0 0 1.74166e-05 1.530703e-05 1.322662e-05 1.276158e-05 1.347447e-05 1.179801e-05 9.743696e-06 8.077302e-06 5.288739e-06 4.32076e-06 4.775496e-06 4.436358e-06 3.552401e-06 4.330132e-06 5.608269e-06 5.092183e-06 4.315077e-06 4.788912e-06 5.676922e-06 6.834465e-06 6.948685e-06 6.153684e-06 5.916324e-06 5.641088e-06 5.462883e-06 5.527229e-06 5.90676e-06 0 0 0 0 0 0 0 0 0 0 0 0 0 0 0 0 0 0 0 0 0 0 0 0 0 0 0 0 0 0 0 0 0 0 0 0 0 0 0 0
0 0 0 0 0 0 0 0 0 0 0 0 0 0 0 0 0 0 0 0 1.259855e-05 1.181094e-05 1.163267e-05 1.064563e-05 9.501803e-06 9.236429e-06 7.641454e-06 6.039869e-06 4.923385e-06 4.292001e-06 3.908702e-06 3.983749e-06 4.289665e-06 4.218686e-06 4.257799e-06 4.497405e-06 5.189583e-06 6.405584e-06 5.945996e-06 4.729324e-06 4.862961e-06 4.884998e-06 4.664486e-06 4.340167e-06 4.806991e-06 0 0 0 0 0 0 0 0 0 0 0 0 0 0 0 0 0 0 0 0 0 0 0 0 0 0 0 0 0 0 0 0 0 0 0 0 0 0 0 0
0 0 0 0 0 0 0 0 0 0 0 0 0 0 0 0 0 0 0 0 0 0 1.026144e-05 9.729736e-06 9.261655e-06 9.108362e-06 8.797382e-06 7.536574e-06 5.951634e-06 4.851794e-06 3.889463e-06 3.176764e-06 3.337741e-06 3.55762e-06 4.028203e-06 4.210446e-06 4.224963e-06 4.805636e-06 4.707258e-06 4.233342e-06 4.233342e-06 4.308413e-06 4.322128e-06 4.233342e-06 4.233342e-06 0 0 0 0 0 0 0 0 0 0 0 0 0 0 0 0 0 0 0 0 0 0 0 0 0 0 0 0 0 0 0 0 0 0 0 0 0 0 0 0
0 0 0 0 0 0 0 0 0 0 0 0 0 0 0 0 0 0 0 0 0 0 0 9.865068e-06 9.081771e-06 8.738573e-06 9.38575e-06 8.46242e-06 6.282328e-06 4.893143e-06 3.734112e-06 3.332931e-06 3.506135e-06 3.614209e-06 4.020698e-06 3.983724e-06 3.764012e-06 3.903183e-06 4.136595e-06 4.233342e-06 4.233342e-06 4.233342e-06 4.233342e-06 4.233342e-06 4.233342e-06 0 0 0 0 0 0 0 0 0 0 0 0 0 0 0 0 0 0 0 0 0 0 0 0 0 0 0 0 0 0 0 0 0 0 0 0 0 0 0 0
0 0 0 0 0 0 0 0 0 0 0 0 0 0 0 0 0 0 0 0 0 0 0 1.018154e-05 9.398244e-06 8.83299e-06 9.385713e-06 8.490035e-06 5.777985e-06 4.673053e-06 3.682519e-06 3.746247e-06 4.13908e-06 4.080216e-06 4.218339e-06 3.668455e-06 3.175006e-06 3.353299e-06 3.586711e-06 3.820123e-06 4.053535e-06 4.233342e-06 4.233342e-06 4.233342e-06 0 0 0 0 0 0 0 0 0 0 0 0 0 0 0 0 0 0 0 0 0 0 0 0 0 0 0 0 0 0 0 0 0 0 0 0 0 0 0 0 0
0 0 0 0 0 0 0 0 0 0 0 0 0 0 0 0 0 0 0 0 0 0 0 0 9.188338e-06 7.756052e-06 7.137146e-06 6.472639e-06 5.125858e-06 4.539845e-06 4.139541e-06 4.121688e-06 4.139405e-06 4.056768e-06 3.974601e-06 3.435043e-06 3.175006e-06 3.175006e-06 3.175006e-06 3.270239e-06 3.503651e-06 3.737063e-06 4.07334e-06 4.230717e-06 0 0 0 0 0 0 0 0 0 0 0 0 0 0 0 0 0 0 0 0 0 0 0 0 0 0 0 0 0 0 0 0 0 0 0 0 0 0 0 0 0
0 0 0 0 0 0 0 0 0 0 0 0 0 0 0 0 0 0 0 0 0 0 0 0 8.325495e-06 7.356951e-06 6.441707e-06 5.630571e-06 4.628251e-06 3.80801e-06 3.794651e-06 4.028063e-06 3.804656e-06 3.487791e-06 3.444626e-06 3.19333e-06 3.175006e-06 3.175006e-06 3.175006e-06 3.175006e-06 3.175006e-06 3.283731e-06 3.917886e-06 4.094232e-06 0 0 0 0 0 0 0 0 0 0 0 0 0 0 0 0 0 0 0 0 0 0 0 0 0 0 0 0 0 0 0 0 0 0 0 0 0 0 0 0 0
0 0 0 0 0 0 0 0 0 0 0 0 0 0 0 0 0 0 0 0 0 0 0 0 0 7.330813e-06 7.112941e-06 6.421609e-06 4.460516e-06 3.175006e-06 3.244767e-06 3.44268e-06 3.369966e-06 3.175006e-06 3.175006e-06 3.175006e-06 3.175006e-06 3.175006e-06 3.175006e-06 3.175006e-06 3.175006e-06 3.337877e-06 3.802676e-06 0 0 0 0 0 0 0 0 0 0 0 0 0 0 0 0 0 0 0 0 0 0 0 0 0 0 0 0 0 0 0 0 0 0 0 0 0 0 0 0 0 0
0 0 0 0 0 0 0 0 0 0 0 0 0 0 0 0 0 0 0 0 0 0 0 0 0 5.971335e-06 6.171596e-06 5.948968e-06 4.061695e-06 3.175006e-06 3.175006e-06 3.175006e-06 3.175006e-06 3.175006e-06 3.175006e-06 3.175006e-06 3.175006e-06 3.175006e-06 3.175006e-06 3.175006e-06 3.175006e-06 3.175006e-06 3.368345e-06 0 0 0 0 0 0 0 0 0 0 0 0 0 0 0 0 0 0 0 0 0 0 0 0 0 0 0 0 0 0 0 0 0 0 0 0 0 0 0 0 0 0
0 0 0 0 0 0 0 0 0 0 0 0 0 0 0 0 0 0 0 0 0 0 0 0 0 4.358789e-06 3.858928e-06 3.978952e-06 3.176349e-06 3.175006e-06 3.175006e-06 3.175006e-06 3.175006e-06 3.175006e-06 3.175006e-06 3.175006e-06 3.175006e-06 3.175006e-06 3.175006e-06 3.175006e-06 3.175006e-06 3.175006e-06 3.175006e-06 0 0 0 0 0 0 0 0 0 0 0 0 0 0 0 0 0 0 0 0 0 0 0 0 0 0 0 0 0 0 0 0 0 0 0 0 0 0 0 0 0 0
0 0 0 0 0 0 0 0 0 0 0 0 0 0 0 0 0 0 0 0 0 0 0 0 0 3.891965e-06 3.175006e-06 3.175006e-06 3.175006e-06 3.175006e-06 3.175006e-06 3.175006e-06 3.175006e-06 3.175006e-06 3.175006e-06 3.175006e-06 3.175006e-06 3.175006e-06 3.175006e-06 3.175006e-06 3.175006e-06 3.175006e-06 3.175006e-06 3.175006e-06 0 0 0 0 0 0 0 0 0 0 0 0 0 0 0 0 0 0 0 0 0 0 0 0 0 0 0 0 0 0 0 0 0 0 0 0 0 0 0 0 0
0 0 0 0 0 0 0 0 0 0 0 0 0 0 0 0 0 0 0 0 0 0 0 0 0 3.396346e-06 3.175006e-06 3.175006e-06 3.175006e-06 3.175006e-06 3.175006e-06 3.175006e-06 3.175006e-06 3.175006e-06 3.175006e-06 3.175006e-06 3.175006e-06 3.175006e-06 3.175006e-06 3.175006e-06 3.175006e-06 3.175006e-06 3.175006e-06 3.175006e-06 0 0 0 0 0 0 0 0 0 0 0 0 0 0 0 0 0 0 0 0 0 0 0 0 0 0 0 0 0 0 0 0 0 0 0 0 0 0 0 0 0
0 0 0 0 0 0 0 0 0 0 0 0 0 0 0 0 0 0 0 0 0 0 0 0 0 3.175006e-06 3.175006e-06 3.175006e-06 3.175006e-06 3.175006e-06 3.175006e-06 3.175006e-06 3.175006e-06 3.175006e-06 3.175006e-06 3.175006e-06 3.175006e-06 3.175006e-06 3.175006e-06 3.175006e-06 3.175006e-06 3.175006e-06 3.175006e-06 3.175006e-06 3.175006e-06 0 0 0 0 0 0 0 0 0 0 0 0 0 0 0 0 0 0 0 0 0 0 0 0 0 0 0 0 0 0 0 0 0 0 0 0 0 0 0 0
0 0 0 0 0 0 0 0 0 0 0 0 0 0 0 0 0 0 0 0 0 0 0 0 0 3.175006e-06 3.175006e-06 3.175006e-06 3.175006e-06 3.175006e-06 3.175006e-06 3.175006e-06 3.175006e-06 3.175006e-06 3.175006e-06 3.175006e-06 3.175006e-06 3.175006e-06 3.175006e-06 3.175006e-06 3.175006e-06 3.175006e-06 3.175006e-06 3.175006e-06 3.175006e-06 0 0 0 0 0 0 0 0 0 0 0 0 0 0 0 0 0 0 0 0 0 0 0 0 0 0 0 0 0 0 0 0 0 0 0 0 0 0 0 0
0 0 0 0 0 0 0 0 0 0 0 0 0 0 0 0 0 0 0 0 0 0 0 0 0 3.175006e-06 3.175006e-06 3.175006e-06 3.175006e-06 3.175006e-06 3.175006e-06 3.175006e-06 3.175006e-06 3.175006e-06 3.175006e-06 3.175006e-06 3.175006e-06 3.175006e-06 3.175006e-06 3.175006e-06 3.175006e-06 3.175006e-06 3.175006e-06 3.175006e-06 3.175006e-06 3.175006e-06 0 0 0 0 0 0 0 0 0 0 0 0 0 0 0 0 0 0 0 0 0 0 0 0 0 0 0 0 0 0 0 0 0 0 0 0 0 0 0
0 0 0 0 0 0 0 0 0 0 0 0 0 0 0 0 0 0 0 0 0 0 0 0 0 3.175006e-06 3.175006e-06 3.175006e-06 3.175006e-06 3.175006e-06 3.175006e-06 3.175006e-06 3.175006e-06 3.175006e-06 3.175006e-06 3.175006e-06 3.175006e-06 3.175006e-06 3.175006e-06 3.175006e-06 3.175006e-06 3.175006e-06 3.175006e-06 3.175006e-06 3.175006e-06 3.175006e-06 0 0 0 0 0 0 0 0 0 0 0 0 0 0 0 0 0 0 0 0 0 0 0 0 0 0 0 0 0 0 0 0 0 0 0 0 0 0 0
0 0 0 0 0 0 0 0 0 0 0 0 0 0 0 0 0 0 0 0 0 0 0 0 0 3.175006e-06 3.175006e-06 3.175006e-06 3.175006e-06 3.175006e-06 3.175006e-06 3.175006e-06 3.175006e-06 3.175006e-06 3.175006e-06 3.175006e-06 3.175006e-06 3.175006e-06 3.175006e-06 3.175006e-06 3.175006e-06 3.175006e-06 3.175006e-06 3.175006e-06 3.175006e-06 3.175006e-06 0 0 0 0 0 0 0 0 0 0 0 0 0 0 0 0 0 0 0 0 0 0 0 0 0 0 0 0 0 0 0 0 0 0 0 0 0 0 0
0 0 0 0 0 0 0 0 0 0 0 0 0 0 0 0 0 0 0 0 0 0 0 0 3.024204e-06 3.124523e-06 3.165788e-06 3.175006e-06 3.175006e-06 3.175006e-06 3.175006e-06 3.175006e-06 3.175006e-06 3.175006e-06 3.175006e-06 3.175006e-06 3.175006e-06 3.175006e-06 3.175006e-06 3.175006e-06 3.175006e-06 3.175006e-06 3.175006e-06 3.175006e-06 3.175006e-06 0 0 0 0 0 0 0 0 0 0 0 0 0 0 0 0 0 0 0 0 0 0 0 0 0 0 0 0 0 0 0 0 0 0 0 0 0 0 0 0
0 0 0 0 0 0 0 0 0 0 0 0 0 0 0 0 0 0 0 0 0 0 0 0 3.078319e-06 2.83618e-06 2.643217e-06 2.845813e-06 3.079225e-06 3.175006e-06 3.175006e-06 3.175006e-06 3.175006e-06 3.175006e-06 3.175006e-06 3.175006e-06 3.126348e-06 3.101195e-06 3.175006e-06 3.175006e-06 3.175006e-06 3.175006e-06 3.175006e-06 3.175006e-06 3.175006e-06 0 0 0 0 0 0 0 0 0 0 0 0 0 0 0 0 0 0 0 0 0 0 0 0 0 0 0 0 0 0 0 0 0 0 0 0 0 0 0 0
0 0 0 0 0 0 0 0 0 0 0 0 0 0 0 0 0 0 0 0 0 0 0 0 2.585986e-06 2.38937e-06 2.116671e-06 2.295929e-06 2.529341e-06 2.762753e-06 2.996165e-06 3.175006e-06 3.175006e-06 3.175006e-06 3.175006e-06 3.175006e-06 2.85143e-06 2.592049e-06 2.746791e-06 2.980203e-06 3.175006e-06 3.175006e-06 3.175006e-06 3.175006e-06 3.175006e-06 0 0 0 0 0 0 0 0 0 0 0 0 0 0 0 0 0 0 0 0 0 0 0 0 0 0 0 0 0 0 0 0 0 0 0 0 0 0 0 0
0 0 0 0 0 0 0 0 0 0 0 0 0 0 0 0 0 0 0 0 0 0 0 0 2.141726e-06 2.146105e-06 2.116671e-06 2.116671e-06 2.116671e-06 2.212868e-06 2.446281e-06 2.679693e-06 3.045043e-06 3.175006e-06 3.175006e-06 3.108867e-06 2.558983e-06 2.116671e-06 2.196907e-06 2.430319e-06 2.663731e-06 2.947143e-06 3.16165e-06 3.175006e-06 0 0 0 0 0 0 0 0 0 0 0 0 0 0 0 0 0 0 0 0 0 0 0 0 0 0 0 0 0 0 0 0 0 0 0 0 0 0 0 0 0
0 0 0 0 0 0 0 0 0 0 0 0 0 0 0 0 0 0 0 0 0 0 0 0 3.241495e-06 2.717233e-06 2.191829e-06 2.116671e-06 2.116671e-06 2.116671e-06 2.116671e-06 2.343803e-06 2.951209e-06 3.175006e-06 3.175006e-06 2.875455e-06 2.32557e-06 2.116671e-06 2.116671e-06 2.116671e-06 2.116671e-06 2.678763e-06 3.127498e-06 3.175006e-06 0 0 0 0 0 0 0 0 0 0 0 0 0 0 0 0 0 0 0 0 0 0 0 0 0 0 0 0 0 0 0 0 0 0 0 0 0 0 0 0 0
0 0 0 0 0 0 0 0 0 0 0 0 0 0 0 0 0 0 0 0 0 0 0 0 4.233342e-06 3.333332e-06 2.339472e-06 2.116671e-06 2.116671e-06 2.116671e-06 2.116671e-06 2.338496e-06 2.830042e-06 3.105083e-06 3.175006e-06 2.642043e-06 2.116671e-06 2.116671e-06 2.116671e-06 2.116671e-06 2.167972e-06 2.57564e-06 3.089122e-06 0 0 0 0 0 0 0 0 0 0 0 0 0 0 0 0 0 0 0 0 0 0 0 0 0 0 0 0 0 0 0 0 0 0 0 0 0 0 0 0 0 0
0 0 0 0 0 0 0 0 0 0 0 0 0 0 0 0 0 0 0 0 0 0 0 4.233342e-06 4.214696e-06 3.114927e-06 2.116671e-06 2.116671e-06 2.116671e-06 2.116671e-06 2.116671e-06 2.116671e-06 2.321787e-06 2.555199e-06 2.65116e-06 2.366428e-06 2.116671e-06 2.116671e-06 2.116671e-06 2.116671e-06 2.116671e-06 2.27586e-06 2.539237e-06 0 0 0 0 0 0 0 0 0 0 0 0 0 0 0 0 0 0 0 0 0 0 0 0 0 0 0 0 0 0 0 0 0 0 0 0 0 0 0 0 0 0
0 0 0 0 0 0 0 0 0 0 0 0 0 0 0 0 0 0 0 0 0 0 0 3.671154e-06 3.60084e-06 2.648102e-06 2.116671e-06 2.116671e-06 2.116671e-06 2.116671e-06 2.116671e-06 2.116671e-06 2.116671e-06 2.116671e-06 2.18684e-06 2.136336e-06 2.116671e-06 2.116671e-06 2.116671e-06 2.116671e-06 2.116671e-06 2.116671e-06 2.116671e-06 0 0 0 0 0 0 0 0 0 0 0 0 0 0 0 0 0 0 0 0 0 0 0 0 0 0 0 0 0 0 0 0 0 0 0 0 0 0 0 0 0 0
0 0 0 0 0 0 0 0 0 0 0 0 0 0 0 0 0 0 0 0 0 0 0 2.53718e-06 2.571113e-06 2.156135e-06 2.116671e-06 2.116671e-06 2.116671e-06 2.116671e-06 2.116671e-06 2.116671e-06 2.116671e-06 2.116671e-06 2.116671e-06 2.116671e-06 2.116671e-06 2.116671e-06 2.116671e-06 2.116671e-06 2.116671e-06 2.116671e-06 2.116671e-06 0 0 0 0 0 0 0 0 0 0 0 0 0 0 0 0 0 0 0 0 0 0 0 0 0 0 0 0 0 0 0 0 0 0 0 0 0 0 0 0 0 0
0 0 0 0 0 0 0 0 0 0 0 0 0 0 0 0 0 0 0 0 0 0 0 2.431052e-06 2.161763e-06 2.116671e-06 2.116671e-06 2.116671e-06 2.116671e-06 2.116671e-06 2.116671e-06 2.116671e-06 2.116671e-06 2.116671e-06 2.116671e-06 2.116671e-06 2.116671e-06 2.116671e-06 2.116671e-06 2.116671e-06 2.116671e-06 2.116671e-06 2.116671e-06 0 0 0 0 0 0 0 0 0 0 0 0 0 0 0 0 0 0 0 0 0 0 0 0 0 0 0 0 0 0 0 0 0 0 0 0 0 0 0 0 0 0
0 0 0 0 0 0 0 0 0 0 0 0 0 0 0 0 0 0 0 0 0 0 0 2.695043e-06 2.191526e-06 2.116671e-06 2.116671e-06 2.116671e-06 2.116671e-06 2.116671e-06 2.116671e-06 2.116671e-06 2.116671e-06 2.116671e-06 2.116671e-06 2.116671e-06 2.116671e-06 2.116671e-06 2.116671e-06 2.116671e-06 2.116671e-06 2.116671e-06 0 0 0 0 0 0 0 0 0 0 0 0 0 0 0 0 0 0 0 0 0 0 0 0 0 0 0 0 0 0 0 0 0 0 0 0 0 0 0 0 0 0 0
0 0 0 0 0 0 0 0 0 0 0 0 0 0 0 0 0 0 0 0 0 0 0 2.716484e-06 2.116671e-06 2.116671e-06 2.116671e-06 2.116671e-06 2.116671e-06 2.116671e-06 2.116671e-06 2.116671e-06 2.116671e-06 2.116671e-06 2.116671e-06 2.116671e-06 2.116671e-06 2.116671e-06 2.116671e-06 2.116671e-06 2.116671e-06 2.116671e-06 0 0 0 0 0 0 0 0 0 0 0 0 0 0 0 0 0 0 0 0 0 0 0 0 0 0 0 0 0 0 0 0 0 0 0 0 0 0 0 0 0 0 0
0 0 0 0 0 0 0 0 0 0 0 0 0 0 0 0 0 0 0 0 0 0 0 2.495375e-06 2.116671e-06 2.116671e-06 2.116671e-06 2.116671e-06 2.116671e-06 2.116671e-06 2.116671e-06 2.116671e-06 2.116671e-06 2.116671e-06 2.116671e-06 2.103524e-06 2.091796e-06 2.116671e-06 2.116671e-06 2.116671e-06 2.116671e-06 2.116671e-06 0 0 0 0 0 0 0 0 0 0 0 0 0 0 0 0 0 0 0 0 0 0 0 0 0 0 0 0 0 0 0 0 0 0 0 0 0 0 0 0 0 0 0
0 0 0 0 0 0 0 0 0 0 0 0 0 0 0 0 0 0 0 0 0 0 0 2.116671e-06 2.116671e-06 2.116671e-06 2.116671e-06 2.116671e-06 2.116671e-06 2.116671e-06 2.116671e-06 1.983439e-06 1.783991e-06 1.881014e-06 2.114426e-06 1.895024e-06 1.649068e-06 1.756327e-06 1.989739e-06 2.116671e-06 2.116671e-06 2.116671e-06 0 0 0 0 0 0 0 0 0 0 0 0 0 0 0 0 0 0 0 0 0 0 0 0 0 0 0 0 0 0 0 0 0 0 0 0 0 0 0 0 0 0 0
0 0 0 0 0 0 0 0 0 0 0 0 0 0 0 0 0 0 0 0 0 0 0 2.116671e-06 2.116671e-06 2.116671e-06 2.116671e-06 2.116671e-06 2.116671e-06 2.116671e-06 2.116671e-06 1.682536e-06 1.169268e-06 1.331129e-06 1.564541e-06 1.592342e-06 1.142952e-06 1.206442e-06 1.439854e-06 1.673266e-06 1.924817e-06 2.116671e-06 0 0 0 0 0 0 0 0 0 0 0 0 0 0 0 0 0 0 0 0 0 0 0 0 0 0 0 0 0 0 0 0 0 0 0 0 0 0 0 0 0 0 0
0 0 0 0 0 0 0 0 0 0 0 0 0 0 0 0 0 0 0 0 0 0 0 2.116671e-06 2.116671e-06 2.116671e-06 2.116671e-06 2.116671e-06 2.116671e-06 2.116671e-06 1.999009e-06 1.449124e-06 1.058335e-06 1.058335e-06 1.250589e-06 1.729421e-06 1.548304e-06 1.159503e-06 1.058335e-06 1.123382e-06 1.59002e-06 2.025329e-06 0 0 0 0 0 0 0 0 0 0 0 0 0 0 0 0 0 0 0 0 0 0 0 0 0 0 0 0 0 0 0 0 0 0 0 0 0 0 0 0 0 0 0
0 0 0 0 0 0 0 0 0 0 0 0 0 0 0 0 0 0 0 0 0 0 0 2.116671e-06 2.116671e-06 2.116671e-06 2.116671e-06 2.116671e-06 2.116671e-06 2.116671e-06 1.765597e-06 1.215712e-06 1.058335e-06 1.058335e-06 1.248903e-06 1.707366e-06 1.571484e-06 1.088077e-06 1.058335e-06 1.066693e-06 1.616578e-06 2.116671e-06 0 0 0 0 0 0 0 0 0 0 0 0 0 0 0 0 0 0 0 0 0 0 0 0 0 0 0 0 0 0 0 0 0 0 0 0 0 0 0 0 0 0 0
0 0 0 0 0 0 0 0 0 0 0 0 0 0 0 0 0 0 0 0 0 0 2.116671e-06 2.116671e-06 2.116671e-06 2.116671e-06 2.116671e-06 2.116671e-06 1.897441e-06 1.894569e-06 1.532184e-06 1.058335e-06 1.058335e-06 1.058335e-06 1.058335e-06 1.184369e-06 1.184408e-06 1.058335e-06 1.058335e-06 1.300105e-06 1.84999e-06 2.116671e-06 0 0 0 0 0 0 0 0 0 0 0 0 0 0 0 0 0 0 0 0 0 0 0 0 0 0 0 0 0 0 0 0 0 0 0 0 0 0 0 0 0 0 0
0 0 0 0 0 0 0 0 0 0 0 0 0 0 0 0 0 0 0 0 0 0 1.955878e-06 2.092884e-06 2.116671e-06 2.116671e-06 2.116671e-06 1.89009e-06 1.39978e-06 1.293276e-06 1.182838e-06 1.058335e-06 1.058335e-06 1.058335e-06 1.058335e-06 1.058335e-06 1.058335e-06 1.058335e-06 1.058335e-06 1.297227e-06 1.799748e-06 2.057223e-06 0 0 0 0 0 0 0 0 0 0 0 0 0 0 0 0 0 0 0 0 0 0 0 0 0 0 0 0 0 0 0 0 0 0 0 0 0 0 0 0 0 0 0
0 0 0 0 0 0 0 0 0 0 0 0 0 0 0 0 0 0 0 0 0 0 1.438206e-06 1.745015e-06 2.073985e-06 2.072936e-06 2.116671e-06 1.656678e-06 1.106794e-06 1.169804e-06 1.060182e-06 1.058335e-06 1.058335e-06 1.058335e-06 1.058335e-06 1.058335e-06 1.058335e-06 1.058335e-06 1.058335e-06 1.058335e-06 1.273927e-06 1.507339e-06 0 0 0 0 0 0 0 0 0 0 0 0 0 0 0 0 0 0 0 0 0 0 0 0 0 0 0 0 0 0 0 0 0 0 0 0 0 0 0 0 0 0 0
0 0 0 0 0 0 0 0 0 0 0 0 0 0 0 0 0 0 0 0 0 0 1.386701e-06 1.658269e-06 2.030448e-06 1.709799e-06 1.604007e-06 1.356494e-06 1.236339e-06 1.603496e-06 1.492056e-06 1.143176e-06 1.058335e-06 1.058335e-06 1.058335e-06 1.058335e-06 1.058335e-06 1.058335e-06 1.058335e-06 1.058335e-06 1.058335e-06 1.058335e-06 0 0 0 0 0 0 0 0 0 0 0 0 0 0 0 0 0 0 0 0 0 0 0 0 0 0 0 0 0 0 0 0 0 0 0 0 0 0 0 0 0 0 0
0 0 0 0 0 0 0 0 0 0 0 0 0 0 0 0 0 0 0 0 0 0 1.731046e-06 1.534159e-06 1.517926e-06 1.206445e-06 1.110741e-06 1.097456e-06 1.275049e-06 1.773434e-06 1.632387e-06 1.098247e-06 1.058335e-06 1.058335e-06 1.058335e-06 1.058335e-06 1.058335e-06 1.058335e-06 1.058335e-06 1.058335e-06 1.058335e-06 1.058335e-06 1.058335e-06 0 0 0 0 0 0 0 0 0 0 0 0 0 0 0 0 0 0 0 0 0 0 0 0 0 0 0 0 0 0 0 0 0 0 0 0 0 0 0 0 0 0
0 0 0 0 0 0 0 0 0 0 0 0 0 0 0 0 0 0 0 0 0 2.116671e-06 1.589194e-06 1.058335e-06 1.115226e-06 1.058335e-06 1.058335e-06 1.058335e-06 1.058335e-06 1.258697e-06 1.218814e-06 1.058335e-06 1.058335e-06 1.058335e-06 1.058335e-06 1.058335e-06 1.058335e-06 1.058335e-06 1.058335e-06 1.058335e-06 1.058335e-06 1.058335e-06 1.058335e-06 0 0 0 0 0 0 0 0 0 0 0 0 0 0 0 0 0 0 0 0 0 0 0 0 0 0 0 0 0 0 0 0 0 0 0 0 0 0 0 0 0 0
0 0 0 0 0 0 0 0 0 0 0 0 0 0 0 0 0 0 0 0 0 1.850611e-06 1.355782e-06 1.058335e-06 1.058335e-06 1.058335e-06 1.058335e-06 1.058335e-06 1.058335e-06 1.058335e-06 1.058335e-06 1.058335e-06 1.058335e-06 1.058335e-06 1.058335e-06 1.058335e-06 1.058335e-06 1.058335e-06 1.058335e-06 1.058335e-06 1.058335e-06 1.058335e-06 1.058335e-06 1.058335e-06 1.058335e-06 0 0 0 0 0 0 0 0 0 0 0 0 0 0 0 0 0 0 0 0 0 0 0 0 0 0 0 0 0 0 0 0 0 0 0 0 0 0 0 0
0 0 0 0 0 0 0 0 0 0 0 0 0 0 0 0 0 0 0 0 0 1.313388e-06 1.099061e-06 1.058335e-06 1.058335e-06 1.058335e-06 1.058335e-06 1.058335e-06 1.058335e-06 1.058335e-06 1.058335e-06 1.058335e-06 1.058335e-06 1.058335e-06 1.058335e-06 1.058335e-06 1.058335e-06 1.058335e-06 1.058335e-06 1.058335e-06 1.058335e-06 1.058335e-06 1.058335e-06 1.058335e-06 1.058335e-06 1.058335e-06 0 0 0 0 0 0 0 0 0 0 0 0 0 0 0 0 0 0 0 0 0 0 0 0 0 0 0 0 0 0 0 0 0 0 0 0 0 0 0
0 0 0 0 0 0 0 0 0 0 0 0 0 0 0 0 0 0 0 0 1.058335e-06 1.058335e-06 1.058335e-06 1.058335e-06 1.058335e-06 1.058335e-06 1.058335e-06 1.058335e-06 1.058335e-06 1.058335e-06 1.058335e-06 1.058335e-06 1.058335e-06 1.058335e-06 1.058335e-06 1.058335e-06 1.058335e-06 1.058335e-06 1.058335e-06 1.058335e-06 1.058335e-06 1.058335e-06 1.058335e-06 1.058335e-06 1.058335e-06 1.058335e-06 0 0 0 0 0 0 0 0 0 0 0 0 0 0 0 0 0 0 0 0 0 0 0 0 0 0 0 0 0 0 0 0 0 0 0 0 0 0 0
0 0 0 0 0 0 0 0 0 0 0 0 0 0 0 0 0 0 0 0 1.058335e-06 1.058335e-06 1.058335e-06 1.058335e-06 1.058335e-06 1.058335e-06 1.058335e-06 1.058335e-06 1.058335e-06 1.058335e-06 1.058335e-06 1.058335e-06 1.058335e-06 1.058335e-06 1.058335e-06 1.058335e-06 1.058335e-06 1.058335e-06 1.058335e-06 1.058335e-06 1.058335e-06 1.058335e-06 1.058335e-06 1.058335e-06 1.058335e-06 1.058335e-06 0 0 0 0 0 0 0 0 0 0 0 0 0 0 0 0 0 0 0 0 0 0 0 0 0 0 0 0 0 0 0 0 0 0 0 0 0 0 0
0 0 0 0 0 0 0 0 0 0 0 0 0 0 0 0 0 0 0 0 1.058335e-06 1.058335e-06 1.058335e-06 1.058335e-06 1.058335e-06 1.058335e-06 1.058335e-06 1.058335e-06 1.058335e-06 1.058335e-06 1.058335e-06 1.058335e-06 1.058335e-06 1.058335e-06 1.058335e-06 1.058335e-06 1.058335e-06 1.058335e-06 1.058335e-06 1.058335e-06 1.058335e-06 1.058335e-06 1.058335e-06 1.058335e-06 1.058335e-06 1.058335e-06 0 0 0 0 0 0 0 0 0 0 0 0 0 0 0 0 0 0 0 0 0 0 0 0 0 0 0 0 0 0 0 0 0 0 0 0 0 0 0
0 0 0 0 0 0 0 0 0 0 0 0 0 0 0 0 0 0 0 0 1.058335e-06 1.058335e-06 1.058335e-06 1.058335e-06 1.058335e-06 1.058335e-06 1.058335e-06 1.058335e-06 1.058335e-06 1.058335e-06 1.058335e-06 1.058335e-06 1.058335e-06 1.058335e-06 1.058335e-06 1.058335e-06 1.058335e-06 1.058335e-06 1.058335e-06 1.058335e-06 1.058335e-06 1.058335e-06 1.058335e-06 1.058335e-06 1.058335e-06 1.058335e-06 0 0 0 0 0 0 0 0 0 0 0 0 0 0 0 0 0 0 0 0 0 0 0 0 0 0 0 0 0 0 0 0 0 0 0 0 0 0 0
0 0 0 0 0 0 0 0 0 0 0 0 0 0 0 0 0 0 0 0 1.058335e-06 1.058335e-06 1.058335e-06 1.058335e-06 1.058335e-06 1.058335e-06 1.058335e-06 1.058335e-06 1.058335e-06 1.058335e-06 1.058335e-06 1.058335e-06 1.058335e-06 1.058335e-06 1.058335e-06 1.058335e-06 1.058335e-06 1.058335e-06 1.058335e-06 1.058335e-06 1.058335e-06 1.058335e-06 1.058335e-06 1.058335e-06 1.058335e-06 1.058335e-06 1.058335e-06 0 0 0 0 0 0 0 0 0 0 0 0 0 0 0 0 0 0 0 0 0 0 0 0 0 0 0 0 0 0 0 0 0 0 0 0 0 0
0 0 0 0 0 0 0 0 0 0 0 0 0 0 0 0 0 0 0 0 1.058335e-06 1.058335e-06 1.058335e-06 1.058335e-06 1.058335e-06 1.058335e-06 1.058335e-06 1.058335e-06 1.058335e-06 1.058335e-06 1.058335e-06 1.058335e-06 1.058335e-06 1.058335e-06 1.058335e-06 1.058335e-06 1.058335e-06 1.058335e-06 1.058335e-06 1.058335e-06 1.058335e-06 1.058335e-06 1.058335e-06 1.058335e-06 1.058335e-06 1.058335e-06 1.058335e-06 0 0 0 0 0 0 0 0 0 0 0 0 0 0 0 0 0 0 0 0 0 0 0 0 0 0 0 0 0 0 0 0 0 0 0 0 0 0
0 0 0 0 0 0 0 0 0 0 0 0 0 0 0 0 0 0 0 0 1.058335e-06 1.058335e-06 1.058335e-06 1.058335e-06 1.058335e-06 1.058335e-06 1.058335e-06 1.058335e-06 1.058335e-06 1.058335e-06 1.058335e-06 1.058335e-06 1.058335e-06 1.058335e-06 1.058335e-06 1.058335e-06 1.058335e-06 1.058335e-06 1.058335e-06 1.058335e-06 1.058335e-06 1.058335e-06 1.058335e-06 1.058335e-06 1.058335e-06 1.058335e-06 1.058335e-06 0 0 0 0 0 0 0 0 0 0 0 0 0 0 0 0 0 0 0 0 0 0 0 0 0 0 0 0 0 0 0 0 0 0 0 0 0 0
0 0 0 0 0 0 0 0 0 0 0 0 0 0 0 0 0 0 0 1.058335e-06 1.058335e-06 1.058335e-06 1.058335e-06 1.058335e-06 1.058335e-06 1.058335e-06 1.058335e-06 1.058335e-06 1.058335e-06 1.058335e-06 1.058335e-06 1.058335e-06 1.058335e-06 1.058335e-06 1.058335e-06 1.058335e-06 1.058335e-06 1.058335e-06 1.058335e-06 1.058335e-06 1.058335e-06 1.058335e-06 1.058335e-06 1.058335e-06 1.058335e-06 1.058335e-06 1.058335e-06 1.058335e-06 0 0 0 0 0 0 0 0 0 0 0 0 0 0 0 0 0 0 0 0 0 0 0 0 0 0 0 0 0 0 0 0 0 0 0 0 0
0 0 0 0 0 0 0 0 0 0 0 0 0 0 0 0 0 0 0 1.058335e-06 1.058335e-06 1.058335e-06 1.058335e-06 1.058335e-06 1.058335e-06 1.058335e-06 1.058335e-06 1.058335e-06 1.058335e-06 1.058335e-06 1.058335e-06 1.058335e-06 1.058335e-06 1.058335e-06 1.058335e-06 1.058335e-06 1.058335e-06 1.058335e-06 1.058335e-06 1.058335e-06 1.058335e-06 1.058335e-06 1.058335e-06 1.058335e-06 1.058335e-06 1.058335e-06 1.058335e-06 1.058335e-06 0 0 0 0 0 0 0 0 0 0 0 0 0 0 0 0 0 0 0 0 0 0 0 0 0 0 0 0 0 0 0 0 0 0 0 0 0
0 0 0 0 0 0 0 0 0 0 0 0 0 0 0 0 0 0 0 1.058335e-06 1.058335e-06 1.058335e-06 1.058335e-06 1.058335e-06 1.058335e-06 1.058335e-06 1.058335e-06 1.058335e-06 1.058335e-06 1.058335e-06 1.058335e-06 1.058335e-06 1.058335e-06 1.058335e-06 1.058335e-06 1.058335e-06 1.058335e-06 1.058335e-06 1.058335e-06 1.058335e-06 1.058335e-06 1.058335e-06 1.058335e-06 1.058335e-06 1.058335e-06 1.058335e-06 1.058335e-06 1.058335e-06 1.058335e-06 0 0 0 0 0 0 0 0 0 0 0 0 0 0 0 0 0 0 0 0 0 0 0 0 0 0 0 0 0 0 0 0 0 0 0 0
0 0 0 0 0 0 0 0 0 0 0 1.241471e-06 1.058335e-06 0 0 0 0 0 1.058335e-06 1.058335e-06 1.058335e-06 1.058335e-06 1.058335e-06 1.058335e-06 1.058335e-06 1.058335e-06 1.058335e-06 1.058335e-06 1.058335e-06 1.058335e-06 1.058335e-06 1.058335e-06 1.058335e-06 1.058335e-06 1.058335e-06 1.058335e-06 1.058335e-06 1.058335e-06 1.058335e-06 1.058335e-06 1.058335e-06 1.058335e-06 1.058335e-06 1.058335e-06 1.058335e-06 1.058335e-06 1.058335e-06 1.058335e-06 1.058335e-06 0 0 0 0 0 0 0 0 0 0 0 0 0 0 0 0 0 0 0 0 0 0 0 0 0 0 0 0 0 0 0 0 0 0 0 0
0 0 0 0 0 0 0 0 0 0 0 1.06856e-06 1.058335e-06 0 0 0 0 0 1.058335e-06 1.058335e-06 1.058335e-06 1.058335e-06 1.058335e-06 1.058335e-06 1.058335e-06 1.058335e-06 1.058335e-06 1.058335e-06 1.058335e-06 1.058335e-06 1.058335e-06 1.058335e-06 1.058335e-06 1.058335e-06 1.058335e-06 1.058335e-06 1.058335e-06 1.058335e-06 1.058335e-06 1.058335e-06 1.058335e-06 1.058335e-06 1.058335e-06 1.058335e-06 1.058335e-06 1.058335e-06 1.058335e-06 1.058335e-06 1.058335e-06 1.058335e-06 0 0 0 0 0 0 0 0 0 0 0 0 0 0 0 0 0 0 0 0 0 0 0 0 0 0 0 0 0 0 0 0 0 0 0
0 0 0 0 0 0 0 0 0 0 0 1.058335e-06 1.058335e-06 0 0 0 0 0 1.058335e-06 1.058335e-06 1.058335e-06 1.058335e-06 1.058335e-06 1.058335e-06 1.058335e-06 1.058335e-06 1.058335e-06 1.058335e-06 1.058335e-06 1.058335e-06 1.058335e-06 1.058335e-06 1.058335e-06 1.058335e-06 1.058335e-06 1.058335e-06 1.058335e-06 1.058335e-06 1.058335e-06 1.058335e-06 1.058335e-06 1.058335e-06 1.058335e-06 1.058335e-06 1.058335e-06 1.058335e-06 1.058335e-06 1.058335e-06 1.058335e-06 1.058335e-06 1.058335e-06 0 0 0 0 0 0 0 0 0 0 0 0 0 0 0 0 0 0 0 0 0 0 0 0 0 0 0 0 0 0 0 0 0 0
0 0 0 0 0 0 0 0 0 0 0 1.058335e-06 1.058335e-06 1.058335e-06 0 0 0 1.058335e-06 1.058335e-06 1.058335e-06 1.058335e-06 1.058335e-06 1.058335e-06 1.058335e-06 1.058335e-06 1.058335e-06 1.058335e-06 1.058335e-06 1.058335e-06 1.058335e-06 1.058335e-06 1.058335e-06 1.058335e-06 1.058335e-06 1.058335e-06 1.058335e-06 1.058335e-06 1.058335e-06 1.058335e-06 1.058335e-06 1.058335e-06 1.058335e-06 1.058335e-06 1.058335e-06 1.058335e-06 1.058335e-06 1.058335e-06 1.058335e-06 1.058335e-06 1.058335e-06 1.058335e-06 1.058335e-06 1.058335e-06 0 0 0 0 0 0 0 0 0 0 0 0 0 0 0 0 0 0 0 0 0 0 0 0 0 0 0 0 0 0 0 0
0 0 0 0 0 0 0 0 0 0 0 1.058335e-06 1.058335e-06 1.058335e-06 0 0 0 1.058335e-06 1.058335e-06 1.058335e-06 1.058335e-06 1.058335e-06 1.058335e-06 1.058335e-06 1.058335e-06 1.058335e-06 1.058335e-06 1.058335e-06 1.058335e-06 1.058335e-06 1.058335e-06 1.058335e-06 1.058335e-06 1.058335e-06 1.058335e-06 1.058335e-06 1.058335e-06 1.058335e-06 1.058335e-06 1.058335e-06 1.058335e-06 1.058335e-06 1.058335e-06 1.058335e-06 1.058335e-06 1.058335e-06 1.058335e-06 1.058335e-06 1.058335e-06 1.058335e-06 1.058335e-06 1.058335e-06 1.058335e-06 1.058335e-06 1.058335e-06 1.058335e-06 1.058335e-06 0 0 0 0 0 0 0 0 0 0 0 0 0 0 0 0 0 0 0 0 0 0 0 0 0 0 0 0
0 0 0 0 0 0 0 0 0 0 0 1.058335e-06 1.058335e-06 1.058335e-06 0 0 0 1.058335e-06 1.058335e-06 1.058335e-06 1.058335e-06 1.058335e-06 1.058335e-06 1.058335e-06 1.058335e-06 1.058335e-06 1.058335e-06 1.058335e-06 1.058335e-06 1.058335e-06 1.058335e-06 1.058335e-06 1.058335e-06 1.058335e-06 1.058335e-06 1.058335e-06 1.058335e-06 1.058335e-06 1.058335e-06 1.058335e-06 1.058335e-06 1.058335e-06 1.058335e-06 1.058335e-06 1.058335e-06 1.058335e-06 1.058335e-06 1.058335e-06 1.058335e-06 1.058335e-06 1.058335e-06 1.058335e-06 1.058335e-06 1.058335e-06 1.058335e-06 1.058335e-06 1.058335e-06 1.058335e-06 9.233506e-07 6.794353e-07 0 0 0 0 0 0 0 0 0 0 0 0 0 0 0 0 0 0 0 0 0 0 0 0 0
0 0 0 0 0 0 0 0 0 0 0 0 1.058335e-06 1.058335e-06 0 0 1.058335e-06 1.058335e-06 1.058335e-06 1.058335e-06 1.058335e-06 1.058335e-06 1.058335e-06 1.058335e-06 1.058335e-06 1.058335e-06 1.058335e-06 1.058335e-06 1.058335e-06 1.058335e-06 1.058335e-06 1.058335e-06 1.058335e-06 1.058335e-06 1.058335e-06 1.058335e-06 1.058335e-06 1.058335e-06 1.058335e-06 1.058335e-06 1.058335e-06 1.058335e-06 1.058335e-06 1.058335e-06 1.058335e-06 1.058335e-06 1.058335e-06 1.058335e-06 1.058335e-06 1.058335e-06 1.058335e-06 1.058335e-06 1.058335e-06 1.058335e-06 1.058335e-06 1.058335e-06 1.058335e-06 1.058335e-06 7.489671e-07 1.273413e-07 1.947226e-07 4.281347e-07 6.615469e-07 8.94959e-07 0 0 0 0 0 0 0 0 0 0 0 0 0 0 0 0 0 0 0 0 0
0 0 0 0 0 0 0 0 0 0 0 0 1.058335e-06 1.058335e-06 1.058335e-06 0 1.058335e-06 1.058335e-06 1.058335e-06 1.058335e-06 1.058335e-06 1.058335e-06 1.058335e-06 1.058335e-06 1.058335e-06 1.058335e-06 1.058335e-06 1.058335e-06 1.058335e-06 1.058335e-06 1.058335e-06 1.058335e-06 1.058335e-06 1.058335e-06 1.058335e-06 1.058335e-06 1.058335e-06 1.058335e-06 1.058335e-06 1.058335e-06 1.058335e-06 1.058335e-06 1.058335e-06 1.058335e-06 1.058335e-06 1.058335e-06 1.058335e-06 1.058335e-06 1.058335e-06 1.058335e-06 1.058335e-06 1.058335e-06 1.058335e-06 1.058335e-06 1.058335e-06 1.032681e-06 9.258404e-07 1.058058e-06 9.132104e-07 5.099389e-07 1.231781e-07 0 1.116624e-07 4.962161e-07 9.294851e-07 8.545066e-07 0 0 0 0 0 0 0 0 0 0 0 0 0 0 0 0 0 0 0
0 0 0 0 0 0 0 0 0 0 0 1.058335e-06 1.058335e-06 1.058335e-06 1.058335e-06 1.058335e-06 1.058335e-06 1.058335e-06 1.058335e-06 1.058335e-06 1.058335e-06 1.058335e-06 1.058335e-06 1.058335e-06 1.058335e-06 1.058335e-06 1.058335e-06 1.058335e-06 1.058335e-06 1.058335e-06 1.058335e-06 1.058335e-06 1.058335e-06 1.058335e-06 1.058335e-06 1.058335e-06 1.058335e-06 1.058335e-06 1.058335e-06 1.058335e-06 1.058335e-06 1.058335e-06 1.058335e-06 1.058335e-06 1.058335e-06 1.058335e-06 1.058335e-06 1.058335e-06 1.058335e-06 1.058335e-06 1.058335e-06 1.058335e-06 1.058335e-06 1.058335e-06 1.058335e-06 7.786869e-07 4.376184e-07 5.113881e-07 7.448002e-07 6.317792e-07 1.142856e-07 0 0 3.69106e-07 1.008933e-06 9.347699e-07 5.67282e-07 0 0 0 0 0 0 0 0 0 0 0 0 0 0 0 0 0 0
0 0 0 0 0 0 0 0 0 0 0 1.058335e-06 1.058335e-06 1.058335e-06 1.058335e-06 1.058335e-06 1.058335e-06 1.058335e-06 1.058335e-06 1.058335e-06 1.058335e-06 1.058335e-06 1.058335e-06 1.058335e-06 1.058335e-06 1.058335e-06 1.058335e-06 1.058335e-06 1.058335e-06 1.058335e-06 1.058335e-06 1.058335e-06 1.058335e-06 1.058335e-06 1.058335e-06 1.058335e-06 1.058335e-06 1.058335e-06 1.058335e-06 1.058335e-06 1.058335e-06 1.058335e-06 1.058335e-06 1.058335e-06 1.058335e-06 1.058335e-06 1.058335e-06 1.058335e-06 1.058335e-06 1.058335e-06 1.058335e-06 1.058335e-06 1.058335e-06 1.058335e-06 1.058335e-06 7.838211e-07 2.675659e-07 1.787984e-08 1.841718e-07 1.821697e-07 0 0 9.369942e-09 1.98276e-07 5.37053e-07 7.704651e-07 7.913365e-07 2.362944e-07 0 0 0 0 0 0 0 0 0 0 0 0 0 0 0 0 0
0 0 0 0 0 0 0 0 0 0 1.058335e-06 1.058335e-06 1.058335e-06 1.058335e-06 1.058335e-06 1.058335e-06 1.058335e-06 1.058335e-06 1.058335e-06 1.058335e-06 1.058335e-06 1.058335e-06 1.058335e-06 1.058335e-06 1.058335e-06 1.058335e-06 1.058335e-06 1.058335e-06 1.058335e-06 1.058335e-06 1.058335e-06 1.058335e-06 1.058335e-06 1.058335e-06 1.058335e-06 1.058335e-06 1.058335e-06 1.058335e-06 1.058335e-06 1.058335e-06 1.058335e-06 1.058335e-06 1.058335e-06 1.058335e-06 1.058335e-06 1.058335e-06 1.058335e-06 1.058335e-06 1.058335e-06 1.058335e-06 1.058335e-06 1.058335e-06 1.058335e-06 1.058335e-06 1.012885e-06 1.056091e-06 6.274247e-07 1.435106e-07 0 0 0 0 1.697822e-07 2.151041e-07 7.787224e-09 2.205806e-07 2.57747e-07 3.310459e-08 0 0 0 0 0 0 0 0 0 0 0 0 0 0 0 0 0
0 0 0 0 0 0 0 0 0 0 1.058335e-06 1.058335e-06 1.058335e-06 1.058335e-06 1.058335e-06 1.058335e-06 1.058335e-06 1.058335e-06 1.058335e-06 1.058335e-06 1.058335e-06 1.058335e-06 1.058335e-06 1.058335e-06 1.058335e-06 1.058335e-06 1.058335e-06 1.058335e-06 1.058335e-06 1.058335e-06 1.058335e-06 1.058335e-06 1.058335e-06 1.058335e-06 1.058335e-06 1.058335e-06 1.058335e-06 1.058335e-06 1.058335e-06 1.058335e-06 1.058335e-06 1.058335e-06 1.058335e-06 1.058335e-06 1.058335e-06 1.058335e-06 1.058335e-06 1.058335e-06 1.058335e-06 1.058335e-06 1.058335e-06 1.058335e-06 1.058335e-06 1.058335e-06 7.322929e-07 5.457593e-07 4.044837e-07 2.285676e-08 0 0 0 4.690186e-08 5.914845e-07 7.21222e-07 2.17398e-07 0 0 0 0 0 0 0 0 0 0 0 0 0 0 0 0 0 0 0 0
0 0 0 0 0 0 0 0 0 1.058335e-06 1.058335e-06 1.058335e-06 1.058335e-06 1.058335e-06 1.058335e-06 1.058335e-06 1.058335e-06 1.058335e-06 1.058335e-06 1.058335e-06 1.058335e-06 1.058335e-06 1.058335e-06 1.058335e-06 1.058335e-06 1.058335e-06 1.058335e-06 1.058335e-06 1.058335e-06 1.058335e-06 1.058335e-06 1.058335e-06 1.058335e-06 1.058335e-06 1.058335e-06 1.058335e-06 1.058335e-06 1.058335e-06 1.058335e-06 1.058335e-06 1.058335e-06 1.058335e-06 1.058335e-06 1.058335e-06 1.058335e-06 1.058335e-06 1.058335e-06 1.058335e-06 1.058335e-06 1.058335e-06 1.058335e-06 1.058335e-06 1.058335e-06 9.92567e-07 5.561096e-07 3.22501e-08 6.290104e-08 0 0 0 0 8.370163e-08 4.271427e-07 5.281825e-07 1.664654e-07 0 0 0 0 0 0 0 0 0 0 0 0 0 0 0 0 0 0 0 0
0 0 0 0 0 0 0 0 0 1.058335e-06 1.058335e-06 1.058335e-06 1.058335e-06 1.058335e-06 1.058335e-06 1.058335e-06 1.058335e-06 1.058335e-06 1.058335e-06 1.058335e-06 1.058335e-06 1.058335e-06 1.058335e-06 1.058335e-06 1.058335e-06 1.058335e-06 1.058335e-06 1.058335e-06 1.058335e-06 1.058335e-06 1.058335e-06 1.058335e-06 1.058335e-06 1.058335e-06 1.058335e-06 1.058335e-06 1.058335e-06 1.058335e-06 1.058335e-06 1.058335e-06 1.058335e-06 1.058335e-06 1.058335e-06 1.058335e-06 1.058335e-06 1.058335e-06 1.058335e-06 1.058335e-06 1.058335e-06 1.058335e-06 1.058335e-06 1.058335e-06 1.058335e-06 1.057207e-06 8.549781e-07 3.655106e-07 3.613151e-08 0 0 0 0 0 0 1.026198e-07 0 0 0 0 0 0 0 0 0 0 0 0 0 0 0 0 0 0 0 0 0
0 0 0 0 0 0 0 0 0 1.058335e-06 1.058335e-06 1.058335e-06 1.058335e-06 1.058335e-06 1.058335e-06 1.058335e-06 1.058335e-06 1.058335e-06 1.058335e-06 1.058335e-06 1.058335e-06 1.058335e-06 1.058335e-06 1.058335e-06 1.058335e-06 1.058335e-06 1.058335e-06 1.058335e-06 1.058335e-06 1.058335e-06 1.058335e-06 1.058335e-06 1.058335e-06 1.058335e-06 1.058335e-06 1.058335e-06 1.058335e-06 1.058335e-06 1.058335e-06 1.058335e-06 1.058335e-06 1.058335e-06 1.058335e-06 1.058335e-06 1.058335e-06 1.058335e-06 1.058335e-06 1.058335e-06 1.058335e-06 1.058335e-06 1.058335e-06 1.058335e-06 1.058335e-06 1.058335e-06 9.990533e-07 4.720294e-07 0 0 0 0 0 0 0 0 0 0 0 0 0 0 0 0 0 0 0 0 0 0 0 0 0 0 0 0 0
0 0 0 0 0 0 0 0 0 1.058335e-06 1.058335e-06 1.058335e-06 1.058335e-06 1.058335e-06 1.058335e-06 1.058335e-06 1.058335e-06 1.058335e-06 1.058335e-06 1.058335e-06 1.058335e-06 1.058335e-06 1.058335e-06 1.058335e-06 1.058335e-06 1.058335e-06 1.058335e-06 1.058335e-06 1.058335e-06 1.058335e-06 1.058335e-06 1.058335e-06 1.058335e-06 1.058335e-06 1.058335e-06 1.058335e-06 1.058335e-06 1.058335e-06 1.058335e-06 1.058335e-06 1.058335e-06 1.058335e-06 1.058335e-06 1.058335e-06 1.058335e-06 1.058335e-06 1.058335e-06 1.058335e-06 1.058335e-06 1.058335e-06 1.058335e-06 1.058335e-06 1.058335e-06 1.058335e-06 9.997254e-07 7.069294e-07 2.617955e-07 2.298297e-08 0 0 0 0 0 0 0 0 0 0 0 0 0 0 0 0 0 0 0 0 0 0 0 0 0 0 0
0 0 0 0 0 0 0 0 0 1.058335e-06 1.058335e-06 1.058335e-06 1.058335e-06 1.058335e-06 1.058335e-06 1.058335e-06 1.058335e-06 1.058335e-06 1.058335e-06 1.058335e-06 1.058335e-06 1.058335e-06 1.058335e-06 1.058335e-06 1.058335e-06 1.058335e-06 1.058335e-06 1.058335e-06 1.058335e-06 1.058335e-06 1.058335e-06 1.058335e-06 1.058335e-06 1.058335e-06 1.058335e-06 1.058335e-06 1.058335e-06 1.058335e-06 1.058335e-06 1.058335e-06 1.058335e-06 1.058335e-06 1.058335e-06 1.058335e-06 1.058335e-06 1.058335e-06 1.058335e-06 1.058335e-06 1.058335e-06 1.058335e-06 1.058335e-06 1.058335e-06 1.058335e-06 1.058335e-06 1.058335e-06 1.015768e-06 4.164742e-07 0 0 0 0 0 0 0 0 0 0 0 0 0 0 0 0 0 0 0 0 0 0 0 0 0 0 0 0
0 0 0 0 0 0 0 0 0 1.058335e-06 1.058335e-06 1.058335e-06 1.058335e-06 1.058335e-06 1.058335e-06 1.058335e-06 1.058335e-06 1.058335e-06 1.058335e-06 1.058335e-06 1.058335e-06 1.058335e-06 1.058335e-06 1.058335e-06 1.058335e-06 1.058335e-06 1.058335e-06 1.058335e-06 1.058335e-06 1.058335e-06 1.058335e-06 1.058335e-06 1.058335e-06 1.058335e-06 1.058335e-06 1.058335e-06 1.058335e-06 1.058335e-06 1.058335e-06 1.058335e-06 1.058335e-06 1.058335e-06 1.058335e-06 1.058335e-06 1.058335e-06 1.058335e-06 1.058335e-06 1.058335e-06 1.058335e-06 1.058335e-06 1.058335e-06 1.058335e-06 1.058335e-06 1.058335e-06 1.058335e-06 7.823557e-07 2.324712e-07 0 0 0 0 0 0 0 0 0 0 0 0 0 0 0 0 0 0 0 0 0 0 0 0 0 0 0 0
0 0 0 0 0 0 0 0 0 1.058335e-06 1.058335e-06 1.058335e-06 1.058335e-06 1.058335e-06 1.058335e-06 1.058335e-06 1.058335e-06 1.058335e-06 1.058335e-06 1.058335e-06 1.058335e-06 1.058335e-06 1.058335e-06 1.058335e-06 1.058335e-06 1.058335e-06 1.058335e-06 1.058335e-06 1.058335e-06 1.058335e-06 1.058335e-06 1.058335e-06 1.058335e-06 1.058335e-06 1.058335e-06 1.058335e-06 1.058335e-06 1.058335e-06 1.058335e-06 1.058335e-06 1.058335e-06 1.058335e-06 1.058335e-06 1.058335e-06 1.058335e-06 1.058335e-06 1.058335e-06 1.058335e-06 1.058335e-06 1.058335e-06 1.058335e-06 1.058335e-06 1.058335e-06 1.058335e-06 1.058335e-06 5.489436e-07 0 0 0 0 0 0 0 0 0 0 0 0 0 0 0 0 0 0 0 0 0 0 0 0 0 0 0 0 0
0 0 0 0 0 0 0 0 0 1.058335e-06 1.058335e-06 1.058335e-06 1.058335e-06 1.058335e-06 1.058335e-06 1.058335e-06 1.058335e-06 1.058335e-06 1.058335e-06 1.058335e-06 1.058335e-06 1.058335e-06 1.058335e-06 1.058335e-06 1.058335e-06 1.058335e-06 1.058335e-06 1.058335e-06 1.058335e-06 1.058335e-06 1.058335e-06 1.058335e-06 1.058335e-06 1.058335e-06 1.058335e-06 1.058335e-06 1.058335e-06 1.058335e-06 1.058335e-06 1.058335e-06 1.058335e-06 1.058335e-06 1.058335e-06 1.058335e-06 1.058335e-06 1.058335e-06 1.058335e-06 1.058335e-06 1.058335e-06 1.058335e-06 1.058335e-06 1.058335e-06 1.00761e-06 9.781623e-07 8.65416e-07 3.155315e-07 0 0 0 0 0 0 0 0 0 0 0 0 0 0 0 0 0 0 0 0 0 0 0 0 0 0 0 0 0
0 0 0 0 0 0 0 0 0 1.058335e-06 1.058335e-06 1.058335e-06 1.058335e-06 1.058335e-06 1.058335e-06 1.058335e-06 1.058335e-06 1.058335e-06 1.058335e-06 1.058335e-06 1.058335e-06 1.058335e-06 1.058335e-06 1.058335e-06 1.058335e-06 1.058335e-06 1.058335e-06 1.058335e-06 1.058335e-06 1.058335e-06 1.058335e-06 1.058335e-06 1.058335e-06 1.058335e-06 1.058335e-06 1.058335e-06 1.058335e-06 1.058335e-06 1.058335e-06 1.058335e-06 1.058335e-06 1.058335e-06 1.058335e-06 1.058335e-06 1.058335e-06 1.058335e-06 1.058335e-06 1.058335e-06 1.058335e-06 1.058335e-06 9.568336e-07 9.913548e-07 7.294668e-07 4.657916e-07 3.707728e-07 6.628744e-08 0 0 0 0 0 0 0 0 0 0 0 0 0 0 0 0 0 0 0 0 0 0 0 0 0 0 0 0 0
0 0 0 0 0 0 0 0 0 1.058335e-06 1.058335e-06 1.058335e-06 1.058335e-06 1.058335e-06 1.058335e-06 1.058335e-06 1.058335e-06 1.058335e-06 1.058335e-06 1.058335e-06 1.058335e-06 1.058335e-06 1.058335e-06 1.058335e-06 1.058335e-06 1.058335e-06 1.058335e-06 1.058335e-06 1.058335e-06 1.058335e-06 1.058335e-06 1.058335e-06 1.058335e-06 1.058335e-06 1.058335e-06 1.058335e-06 1.058335e-06 1.058335e-06 1.058335e-06 1.058335e-06 1.058335e-06 1.058335e-06 1.058335e-06 1.058335e-06 1.058335e-06 1.058335e-06 1.058335e-06 1.058335e-06 1.058335e-06 1.031343e-06 5.881243e-07 4.01357e-07 2.754534e-07 0 2.674049e-08 0 0 0 0 0 0 0 0 0 0 0 0 0 0 0 0 0 0 0 0 0 0 0 0 0 0 0 0 0 0
0 0 0 0 0 0 0 0 0 1.058335e-06 1.058335e-06 1.058335e-06 1.058335e-06 1.058335e-06 1.058335e-06 1.058335e-06 1.058335e-06 1.058335e-06 1.058335e-06 1.058335e-06 1.058335e-06 1.058335e-06 1.058335e-06 1.058335e-06 1.058335e-06 1.058335e-06 1.058335e-06 1.058335e-06 1.058335e-06 1.058335e-06 1.058335e-06 1.058335e-06 1.058335e-06 1.058335e-06 1.058335e-06 1.058335e-06 1.058335e-06 1.058335e-06 1.058335e-06 1.058335e-06 1.058335e-06 1.058335e-06 1.058335e-06 1.058335e-06 1.058335e-06 1.058335e-06 1.058335e-06 1.058335e-06 1.058335e-06 7.979313e-07 2.480468e-07 0 2.19877e-08 0 0 0 0 0 0 0 0 0 0 0 0 0 0 0 0 0 0 0 0 0 0 0 0 0 0 0 0 0 0 0 0
0 0 0 0 0 0 0 0 0 1.058335e-06 1.058335e-06 1.058335e-06 1.058335e-06 1.058335e-06 1.058335e-06 1.058335e-06 1.058335e-06 1.058335e-06 1.058335e-06 1.058335e-06 1.058335e-06 1.058335e-06 1.058335e-06 1.058335e-06 1.058335e-06 1.058335e-06 1.058335e-06 1.058335e-06 1.058335e-06 1.058335e-06 1.058335e-06 1.052939e-06 1.058335e-06 1.058335e-06 1.058335e-06 1.058335e-06 1.058335e-06 1.058335e-06 1.058335e-06 1.058335e-06 1.058335e-06 1.058335e-06 1.058335e-06 1.058335e-06 1.058335e-06 1.058335e-06 1.058335e-06 1.058335e-06 1.058335e-06 5.645192e-07 1.463466e-08 0 0 0 0 0 0 0 0 0 0 0 0 0 0 0 0 0 0 0 0 0 0 0 0 0 0 0 0 0 0 0 0 0 0
0 0 0 0 0 0 0 0 0 0 1.058335e-06 1.058335e-06 1.058335e-06 1.058335e-06 1.058335e-06 1.058335e-06 1.058335e-06 1.058335e-06 1.058335e-06 1.058335e-06 1.058335e-06 1.058335e-06 1.058335e-06 1.058335e-06 1.058335e-06 1.058335e-06 1.058335e-06 1.058335e-06 1.058335e-06 1.058335e-06 1.058335e-06 8.584227e-07 7.475951e-07 9.280408e-07 1.058335e-06 1.058335e-06 1.058335e-06 1.058335e-06 1.058335e-06 1.058335e-06 1.05161e-06 8.569044e-07 9.120791e-07 1.058335e-06 1.058335e-06 1.058335e-06 1.058335e-06 1.058335e-06 8.809916e-07 3.31107e-07 0 0 0 0 0 0 0 0 0 0 0 0 0 0 0 0 0 0 0 0 0 0 0 0 0 0 0 0 0 0 0 0 0 0 0
0 0 0 0 0 0 0 0 0 0 0 1.058335e-06 1.058335e-06 1.058335e-06 1.058335e-06 1.058335e-06 1.058335e-06 1.058335e-06 1.058335e-06 1.058335e-06 1.058335e-06 1.058335e-06 1.058335e-06 1.058335e-06 1.058335e-06 1.058335e-06 1.058335e-06 1.058335e-06 1.058335e-06 1.058335e-06 1.020482e-06 4.705973e-07 1.447441e-07 3.781563e-07 6.115684e-07 8.449805e-07 1.058335e-06 1.058335e-06 1.058335e-06 1.058335e-06 8.133138e-07 3.601566e-07 3.621946e-07 5.956067e-07 8.290188e-07 1.058335e-06 1.058335e-06 1.058335e-06 6.475794e-07 9.769491e-08 0 0 0 0 0 0 0 0 0 0 0 0 0 0 0 0 0 0 0 0 0 0 0 0 0 0 0 0 0 0 0 0 0 0 0
0 0 0 0 0 0 0 0 0 0 0 0 1.058335e-06 1.058335e-06 1.058335e-06 1.058335e-06 1.058335e-06 1.058335e-06 1.058335e-06 1.058335e-06 1.058335e-06 1.058335e-06 1.058335e-06 1.058335e-06 1.058335e-06 1.058335e-06 1.058335e-06 1.058335e-06 9.974311e-07 1.023678e-06 7.870697e-07 2.371852e-07 0 0 6.168388e-08 2.95096e-07 7.265379e-07 1.026719e-06 1.058335e-06 1.058335e-06 5.799017e-07 3.001718e-08 0 4.572217e-08 2.791343e-07 5.125464e-07 7.459586e-07 8.921218e-07 4.141673e-07 0 0 0 0 0 0 0 0 0 0 0 0 0 0 0 0 0 0 0 0 0 0 0 0 0 0 0 0 0 0 0 0 0 0 0 0
0 0 0 0 0 0 0 0 0 0 0 0 0 0 1.058335e-06 1.058335e-06 1.058335e-06 1.058335e-06 1.058335e-06 1.058335e-06 1.058335e-06 1.058335e-06 1.058335e-06 1.058335e-06 1.058335e-06 1.058335e-06 1.058335e-06 1.058335e-06 6.94888e-07 4.869072e-07 3.63489e-07 3.309225e-09 0 0 0 6.005266e-08 6.162745e-07 1.058335e-06 1.058335e-06 8.963741e-07 3.464896e-07 0 0 0 0 0 1.96074e-07 2.96503e-07 1.132177e-07 0 0 0 0 0 0 0 0 0 0 0 0 0 0 0 0 0 0 0 0 0 0 0 0 0 0 0 0 0 0 0 0 0 0 0 0
0 0 0 0 0 0 0 0 0 0 0 0 0 0 0 1.058335e-06 1.058335e-06 1.058335e-06 1.058335e-06 1.058335e-06 1.058335e-06 1.058335e-06 1.058335e-06 1.058335e-06 1.058335e-06 1.058335e-06 1.058335e-06 9.885734e-07 5.735633e-07 7.274129e-08 4.385705e-08 0 0 0 0 7.490167e-08 3.968955e-07 7.204867e-07 9.538988e-07 6.62962e-07 1.130774e-07 0 0 0 0 0 0 0 0 0 0 0 0 0 0 0 0 0 0 0 0 0 0 0 0 0 0 0 0 0 0 0 0 0 0 0 0 0 0 0 0 0 0 0 0
0 0 0 0 0 0 0 0 0 0 0 0 0 0 0 0 1.058335e-06 1.058335e-06 1.058335e-06 1.058335e-06 1.058335e-06 1.058335e-06 1.058335e-06 1.058335e-06 1.058335e-06 8.939199e-07 8.230138e-07 1.011487e-06 8.943825e-07 3.840511e-07 3.322473e-08 0 0 0 0 0 0 1.706021e-07 3.738942e-07 2.587142e-07 0 0 0 0 0 0 0 0 0 0 0 0 0 0 0 0 0 0 0 0 0 0 0 0 0 0 0 0 0 0 0 0 0 0 0 0 0 0 0 0 0 0 0 0 0
0 0 0 0 0 0 0 0 0 0 0 0 0 0 0 0 0 1.058335e-06 1.058335e-06 1.058335e-06 1.058335e-06 1.058335e-06 1.058335e-06 8.216161e-07 8.024469e-07 4.837742e-07 2.281905e-07 4.616026e-07 6.259653e-07 3.538007e-07 0 0 0 0 0 0 0 0 0 1.622384e-08 0 0 0 0 0 0 0 0 0 0 0 0 0 0 0 0 0 0 0 0 0 0 0 0 0 0 0 0 0 0 0 0 0 0 0 0 0 0 0 0 0 0 0 0 0
0 0 0 0 0 0 0 0 0 0 0 0 0 0 0 0 0 1.058335e-06 1.058335e-06 1.058335e-06 1.058335e-06 1.058335e-06 8.839623e-07 3.204796e-07 2.046303e-07 1.201855e-07 0 0 9.870366e-08 6.076704e-08 0 0 0 0 0 0 0 0 0 0 0 0 0 0 0 0 0 0 0 0 0 0 0 0 0 0 0 0 0 0 0 0 0 0 0 0 0 0 0 0 0 0 0 0 0 0 0 0 0 0 0 0 0 0 0
0 0 0 0 0 0 0 0 0 0 0 0 0 0 0 0 0 0 1.058335e-06 1.058335e-06 9.986937e-07 1.058335e-06 9.265968e-07 5.447716e-07 1.506362e-07 8.52957e-10 0 0 0 0 0 0 0 0 0 0 0 0 0 0 0 0 0 0 0 0 0 0 0 0 0 0 0 0 0 0 0 0 0 0 0 0 0 0 0 0 0 0 0 0 0 0 0 0 0 0 0 0 0 0 0 0 0 0 0
0 0 0 0 0 0 0 0 0 0 0 0 0 0 0 0 0 0 1.058335e-06 9.787215e-07 6.320804e-07 5.864826e-07 8.198947e-07 8.814972e-07 2.633525e-07 0 0 0 0 0 0 0 0 0 0 0 0 0 0 0 0 0 0 0 0 0 0 0 0 0 0 0 0 0 0 0 0 0 0 0 0 0 0 0 0 0 0 0 0 0 0 0 0 0 0 0 0 0 0 0 0 0 0 0 0
0 0 0 0 0 0 0 0 0 0 0 0 0 0 0 0 0 0 1.058335e-06 7.351606e-07 1.852761e-07 3.659811e-08 2.700102e-07 3.102788e-07 7.129914e-08 0 0 0 0 0 0 0 0 0 0 0 0 0 0 0 0 0 0 0 0 0 0 0 0 0 0 0 0 0 0 0 0 0 0 0 0 0 0 0 0 0 0 0 0 0 0 0 0 0 0 0 0 0 0 0 0 0 0 0 0
0 0 0 0 0 0 0 0 0 0 0 0 0 0 0 0 0 0 0 5.017485e-07 0 0 0 0 0 0 0 0 0 0 0 0 0 0 0 0 0 0 0 0 0 0 0 0 0 0 0 0 0 0 0 0 0 0 0 0 0 0 0 0 0 0 0 0 0 0 0 0 0 0 0 0 0 0 0 0 0 0 0 0 0 0 0 0 0
0 0 0 0 0 0 0 0 0 0 0 0 0 0 0 0 0 0 0 1.487491e-07 0 0 0 0 0 0 0 0 0 0 0 0 0 0 0 0 0 0 0 0 0 0 0 0 0 0 0 0 0 0 0 0 0 0 0 0 0 0 0 0 0 0 0 0 0 0 0 0 0 0 0 0 0 0 0 0 0 0 0 0 0 0 0 0 0
0 0 0 0 0 0 0 0 0 0 0 0 0 0 0 0 0 0 0 1.214079e-09 0 0 0 0 0 0 0 0 0 0 0 0 0 0 0 0 0 0 0 0 0 0 0 0 0 0 0 0 0 0 0 0 0 0 0 0 0 0 0 0 0 0 0 0 0 0 0 0 0 0 0 0 0 0 0 0 0 0 0 0 0 0 0 0 0
0 0 0 0 0 0 0 0 0 0 0 0 0 0 0 0 0 0 0 0 0 0 0 0 0 0 0 0 0 0 0 0 0 0 0 0 0 0 0 0 0 0 0 0 0 0 0 0 0 0 0 0 0 0 0 0 0 0 0 0 0 0 0 0 0 0 0 0 0 0 0 0 0 0 0 0 0 0 0 0 0 0 0 0 0
0 0 0 0 0 0 0 0 0 0 0 0 0 0 0 0 0 0 0 0 0 0 0 0 0 0 0 0 0 0 0 0 0 0 0 0 0 0 0 0 0 0 0 0 0 0 0 0 0 0 0 0 0 0 0 0 0 0 0 0 0 0 0 0 0 0 0 0 0 0 0 0 0 0 0 0 0 0 0 0 0 0 0 0 0
0 0 0 0 0 0 0 0 0 0 0 0 0 0 0 0 0 0 0 0 0 0 0 0 0 0 0 0 0 0 0 0 0 0 0 0 0 0 0 0 0 0 0 0 0 0 0 0 0 0 0 0 0 0 0 0 0 0 0 0 0 0 0 0 0 0 0 0 0 0 0 0 0 0 0 0 0 0 0 0 0 0 0 0 0
0 0 0 0 0 0 0 0 0 0 0 0 0 0 0 0 0 0 0 0 0 0 0 0 0 0 0 0 0 0 0 0 0 0 0 0 0 0 0 0 0 0 0 0 0 0 0 0 0 0 0 0 0 0 0 0 0 0 0 0 0 0 0 0 0 0 0 0 0 0 0 0 0 0 0 0 0 0 0 0 0 0 0 0 0
0 0 0 0 0 0 0 0 0 0 0 0 0 0 0 0 0 0 0 0 0 0 0 0 0 0 0 0 0 0 0 0 0 0 0 0 0 0 0 0 0 0 0 0 0 0 0 0 0 0 0 0 0 0 0 0 0 0 0 0 0 0 0 0 0 0 0 0 0 0 0 0 0 0 0 0 0 0 0 0 0 0 0 0 0
0 0 0 0 0 0 0 0 0 0 0 0 0 0 0 0 0 0 0 0 0 0 0 0 0 0 0 0 0 0 0 0 0 0 0 0 0 0 0 0 0 0 0 0 0 0 0 0 0 0 0 0 0 0 0 0 0 0 0 0 0 0 0 0 0 0 0 0 0 0 0 0 0 0 0 0 0 0 0 0 0 0 0 0 0
0 0 0 0 0 0 0 0 0 0 0 0 0 0 0 0 0 0 0 0 0 0 0 0 0 0 0 0 0 0 0 0 0 0 0 0 0 0 0 0 0 0 0 0 0 0 0 0 0 0 0 0 0 0 0 0 0 0 0 0 0 0 0 0 0 0 0 0 0 0 0 0 0 0 0 0 0 0 0 0 0 0 0 0 0
0 0 0 0 0 0 0 0 0 0 0 0 0 0 0 0 0 0 0 0 0 0 0 0 0 0 0 0 0 0 0 0 0 0 0 0 0 0 0 0 0 0 0 0 0 0 0 0 0 0 0 0 0 0 0 0 0 0 0 0 0 0 0 0 0 0 0 0 0 0 0 0 0 0 0 0 0 0 0 0 0 0 0 0 0
0 0 0 0 0 0 0 0 0 0 0 0 0 0 0 0 0 0 0 0 0 0 0 0 0 0 0 0 0 0 0 0 0 0 0 0 0 0 0 0 0 0 0 0 0 0 0 0 0 0 0 0 0 0 0 0 0 0 0 0 0 0 0 0 0 0 0 0 0 0 0 0 0 0 0 0 0 0 0 0 0 0 0 0 0
0 0 0 0 0 0 0 0 0 0 0 0 0 0 0 0 0 0 0 0 0 0 0 0 0 0 0 0 0 0 0 0 0 0 0 0 0 0 0 0 0 0 0 0 0 0 0 0 0 0 0 0 0 0 0 0 0 0 0 0 0 0 0 0 0 0 0 0 0 0 0 0 0 0 0 0 0 0 0 0 0 0 0 0 0
0 0 0 0 0 0 0 0 0 0 0 0 0 0 0 0 0 0 0 0 0 0 0 0 0 0 0 0 0 0 0 0 0 0 0 0 0 0 0 0 0 0 0 0 0 0 0 0 0 0 0 0 0 0 0 0 0 0 0 0 0 0 0 0 0 0 0 0 0 0 0 0 0 0 0 0 0 0 0 0 0 0 0 0 0
0 0 0 0 0 0 0 0 0 0 0 0 0 0 0 0 0 0 0 0 0 0 0 0 0 0 0 0 0 0 0 0 0 0 0 0 0 0 0 0 0 0 0 0 0 0 0 0 0 0 0 0 0 0 0 0 0 0 0 0 0 0 0 0 0 0 0 0 0 0 0 0 0 0 0 0 0 0 0 0 0 0 0 0 0
0 0 0 0 0 0 0 0 0 0 0 0 0 0 0 0 0 0 0 0 0 0 0 0 0 0 0 0 0 0 0 0 0 0 0 0 0 0 0 0 0 0 0 0 0 0 0 0 0 0 0 0 0 0 0 0 0 0 0 0 0 0 0 0 0 0 0 0 0 0 0 0 0 0 0 0 0 0 0 0 0 0 0 0 0
0 0 0 0 0 0 0 0 0 0 0 0 0 0 0 0 0 0 0 0 0 0 0 0 0 0 0 0 0 0 0 0 0 0 0 0 0 0 0 0 0 0 0 0 0 0 0 0 0 0 0 0 0 0 0 0 0 0 0 0 0 0 0 0 0 0 0 0 0 0 0 0 0 0 0 0 0 0 0 0 0 0 0 0 0
0 0 0 0 0 0 0 0 0 0 0 0 0 0 0 0 0 0 0 0 0 0 0 0 0 0 0 0 0 0 0 0 0 0 0 0 0 0 0 0 0 0 0 0 0 0 0 0 0 0 0 0 0 0 0 0 0 0 0 0 0 0 0 0 0 0 0 0 0 0 0 0 0 0 0 0 0 0 0 0 0 0 0 0 0
0 0 0 0 0 0 0 0 0 0 0 0 0 0 0 0 0 0 0 0 0 0 0 0 0 0 0 0 0 0 0 0 0 0 0 0 0 0 0 0 0 0 0 0 0 0 0 0 0 0 0 0 0 0 0 0 0 0 0 0 0 0 0 0 0 0 0 0 0 0 0 0 0 0 0 0 0 0 0 0 0 0 0 0 0
0 0 0 0 0 0 0 0 0 0 0 0 0 0 0 0 0 0 0 0 0 0 0 0 0 0 0 0 0 0 0 0 0 0 0 0 0 0 0 0 0 0 0 0 0 0 0 0 0 0 0 0 0 0 0 0 0 0 0 0 0 0 0 0 0 0 0 0 0 0 0 0 0 0 0 0 0 0 0 0 0 0 0 0 0
0 0 0 0 0 0 0 0 0 0 0 0 0 0 0 0 0 0 0 0 0 0 0 0 0 0 0 0 0 0 0 0 0 0 0 0 0 0 0 0 0 0 0 0 0 0 0 0 0 0 0 0 0 0 0 0 0 0 0 0 0 0 0 0 0 0 0 0 0 0 0 0 0 0 0 0 0 0 0 0 0 0 0 0 0
0 0 0 0 0 0 0 0 0 0 0 0 0 0 0 0 0 0 0 0 0 0 0 0 0 0 0 0 0 0 0 0 0 0 0 0 0 0 0 0 0 0 0 0 0 0 0 0 0 0 0 0 0 0 0 0 0 0 0 0 0 0 0 0 0 0 0 0 0 0 0 0 0 0 0 0 0 0 0 0 0 0 0 0 0
0 0 0 0 0 0 0 0 0 0 0 0 0 0 0 0 0 0 0 0 0 0 0 0 0 0 0 0 0 0 0 0 0 0 0 0 0 0 0 0 0 0 0 0 0 0 0 0 0 0 0 0 0 0 0 0 0 0 0 0 0 0 0 0 0 0 0 0 0 0 0 0 0 0 0 0 0 0 0 0 0 0 0 0 0
0 0 0 0 0 0 0 0 0 0 0 0 0 0 0 0 0 0 0 0 0 0 0 0 0 0 0 0 0 0 0 0 0 0 0 0 0 0 0 0 0 0 0 0 0 0 0 0 0 0 0 0 0 0 0 0 0 0 0 0 0 0 0 0 0 0 0 0 0 0 0 0 0 0 0 0 0 0 0 0 0 0 0 0 0
0 0 0 0 0 0 0 0 0 0 0 0 0 0 0 0 0 0 0 0 0 0 0 0 0 0 0 0 0 0 0 0 0 0 0 0 0 0 0 0 0 0 0 0 0 0 0 0 0 0 0 0 0 0 0 0 0 0 0 0 0 0 0 0 0 0 0 0 0 0 0 0 0 0 0 0 0 0 0 0 0 0 0 0 0
0 0 0 0 0 0 0 0 0 0 0 0 0 0 0 0 0 0 0 0 0 0 0 0 0 0 0 0 0 0 0 0 0 0 0 0 0 0 0 0 0 0 0 0 0 0 0 0 0 0 0 0 0 0 0 0 0 0 0 0 0 0 0 0 0 0 0 0 0 0 0 0 0 0 0 0 0 0 0 0 0 0 0 0 0
0 0 0 0 0 0 0 0 0 0 0 0 0 0 0 0 0 0 0 0 0 0 0 0 0 0 0 0 0 0 0 0 0 0 0 0 0 0 0 0 0 0 0 0 0 0 0 0 0 0 0 0 0 0 0 0 0 0 0 0 0 0 0 0 0 0 0 0 0 0 0 0 0 0 0 0 0 0 0 0 0 0 0 0 0
0 0 0 0 0 0 0 0 0 0 0 0 0 0 0 0 0 0 0 0 0 0 0 0 0 0 0 0 0 0 0 0 0 0 0 0 0 0 0 0 0 0 0 0 0 0 0 0 0 0 0 0 0 0 0 0 0 0 0 0 0 0 0 0 0 0 0 0 0 0 0 0 0 0 0 0 0 0 0 0 0 0 0 0 0
0 0 0 0 0 0 0 0 0 0 0 0 0 0 0 0 0 0 0 0 0 0 0 0 0 0 0 0 0 0 0 0 0 0 0 0 0 0 0 0 0 0 0 0 0 0 0 0 0 0 0 0 0 0 0 0 0 0 0 0 0 0 0 0 0 0 0 0 0 0 0 0 0 0 0 0 0 0 0 0 0 0 0 0 0
0 0 0 0 0 0 0 0 0 0 0 0 0 0 0 0 0 0 0 0 0 0 0 0 0 0 0 0 0 0 0 0 0 0 0 0 0 0 0 0 0 0 0 0 0 0 0 0 0 0 0 0 0 0 0 0 0 0 0 0 0 0 0 0 0 0 0 0 0 0 0 0 0 0 0 0 0 0 0 0 0 0 0 0 0
0 0 0 0 0 0 0 0 0 0 0 0 0 0 0 0 0 0 0 0 0 0 0 0 0 0 0 0 0 0 0 0 0 0 0 0 0 0 0 0 0 0 0 0 0 0 0 0 0 0 0 0 0 0 0 0 0 0 0 0 0 0 0 0 0 0 0 0 0 0 0 0 0 0 0 0 0 0 0 0 0 0 0 0 0
0 0 0 0 0 0 0 0 0 0 0 0 0 0 0 0 0 0 0 0 0 0 0 0 0 0 0 0 0 0 0 0 0 0 0 0 0 0 0 0 0 0 0 0 0 0 0 0 0 0 0 0 0 0 0 0 0 0 0 0 0 0 0 0 0 0 0 0 0 0 0 0 0 0 0 0 0 0 0 0 0 0 0 0 0
0 0 0 0 0 0 0 0 0 0 0 0 0 0 0 0 0 0 0 0 0 0 0 0 0 0 0 0 0 0 0 0 0 0 0 0 0 0 0 0 0 0 0 0 0 0 0 0 0 0 0 0 0 0 0 0 0 0 0 0 0 0 0 0 0 0 0 0 0 0 0 0 0 0 0 0 0 0 0 0 0 0 0 0 0
0 0 0 0 0 0 0 0 0 0 0 0 0 0 0 0 0 0 0 0 0 0 0 0 0 0 0 0 0 0 0 0 0 0 0 0 0 0 0 0 0 0 0 0 0 0 0 0 0 0 0 0 0 0 0 0 0 0 0 0 0 0 0 0 0 0 0 0 0 0 0 0 0 0 0 0 0 0 0 0 0 0 0 0 0
0 0 0 0 0 0 0 0 0 0 0 0 0 0 0 0 0 0 0 0 0 0 0 0 0 0 0 0 0 0 0 0 0 0 0 0 0 0 0 0 0 0 0 0 0 0 0 0 0 0 0 0 0 0 0 0 0 0 0 0 0 0 0 0 0 0 0 0 0 0 0 0 0 0 0 0 0 0 0 0 0 0 0 0 0
0 0 0 0 0 0 0 0 0 0 0 0 0 0 0 0 0 0 0 0 0 0 0 0 0 0 0 0 0 0 0 0 0 0 0 0 0 0 0 0 0 0 0 0 0 0 0 0 0 0 0 0 0 0 0 0 0 0 0 0 0 0 0 0 0 0 0 0 0 0 0 0 0 0 0 0 0 0 0 0 0 0 0 0 0
0 0 0 0 0 0 0 0 0 0 0 0 0 0 0 0 0 0 0 0 0 0 0 0 0 0 0 0 0 0 0 0 0 0 0 0 0 0 0 0 0 0 0 0 0 0 0 0 0 0 0 0 0 0 0 0 0 0 0 0 0 0 0 0 0 0 0 0 0 0 0 0 0 0 0 0 0 0 0 0 0 0 0 0 0
0 0 0 0 0 0 0 0 0 0 0 0 0 0 0 0 0 0 0 0 0 0 0 0 0 0 0 0 0 0 0 0 0 0 0 0 0 0 0 0 0 0 0 0 0 0 0 0 0 0 0 0 0 0 0 0 0 0 0 0 0 0 0 0 0 0 0 0 0 0 0 0 0 0 0 0 0 0 0 0 0 0 0 0 0
0 0 0 0 0 0 0 0 0 0 0 0 0 0 0 0 0 0 0 0 0 0 0 0 0 0 0 0 0 0 0 0 0 0 0 0 0 0 0 0 0 0 0 0 0 0 0 0 0 0 0 0 0 0 0 0 0 0 0 0 0 0 0 0 0 0 0 0 0 0 0 0 0 0 0 0 0 0 0 0 0 0 0 0 0
0 0 0 0 0 0 0 0 0 0 0 0 0 0 0 0 0 0 0 0 0 0 0 0 0 0 0 0 0 0 0 0 0 0 0 0 0 0 0 0 0 0 0 0 0 0 0 0 0 0 0 0 0 0 0 0 0 0 0 0 0 0 0 0 0 0 0 0 0 0 0 0 0 0 0 0 0 0 0 0 0 0 0 0 0
0 0 0 0 0 0 0 0 0 0 0 0 0 0 0 0 0 0 0 0 0 0 0 0 0 0 0 0 0 0 0 0 0 0 0 0 0 0 0 0 0 0 0 0 0 0 0 0 0 0 0 0 0 0 0 0 0 0 0 0 0 0 0 0 0 0 0 0 0 0 0 0 0 0 0 0 0 0 0 0 0 0 0 0 0
0 0 0 0 0 0 0 0 0 0 0 0 0 0 0 0 0 0 0 0 0 0 0 0 0 0 0 0 0 0 0 0 0 0 0 0 0 0 0 0 0 0 0 0 0 0 0 0 0 0 0 0 0 0 0 0 0 0 0 0 0 0 0 0 0 0 0 0 0 0 0 0 0 0 0 0 0 0 0 0 0 0 0 0 0
0 0 0 0 0 0 0 0 0 0 0 0 0 0 0 0 0 0 0 0 0 0 0 0 0 0 0 0 0 0 0 0 0 0 0 0 0 0 0 0 0 0 0 0 0 0 0 0 0 0 0 0 0 0 0 0 0 0 0 0 0 0 0 0 0 0 0 0 0 0 0 0 0 0 0 0 0 0 0 0 0 0 0 0 0
0 0 0 0 0 0 0 0 0 0 0 0 0 0 0 0 0 0 0 0 0 0 0 0 0 0 0 0 0 0 0 0 0 0 0 0 0 0 0 0 0 0 0 0 0 0 0 0 0 0 0 0 0 0 0 0 0 0 0 0 0 0 0 0 0 0 0 0 0 0 0 0 0 0 0 0 0 0 0 0 0 0 0 0 0
0 0 0 0 0 0 0 0 0 0 0 0 0 0 0 0 0 0 0 0 0 0 0 0 0 0 0 0 0 0 0 0 0 0 0 0 0 0 0 0 0 0 0 0 0 0 0 0 0 0 0 0 0 0 0 0 0 0 0 0 0 0 0 0 0 0 0 0 0 0 0 0 0 0 0 0 0 0 0 0 0 0 0 0 0
0 0 0 0 0 0 0 0 0 0 0 0 0 0 0 0 0 0 0 0 0 0 0 0 0 0 0 0 0 0 0 0 0 0 0 0 0 0 0 0 0 0 0 0 0 0 0 0 0 0 0 0 0 0 0 0 0 0 0 0 0 0 0 0 0 0 0 0 0 0 0 0 0 0 0 0 0 0 0 0 0 0 0 0 0
0 0 0 0 0 0 0 0 0 0 0 0 0 0 0 0 0 0 0 0 0 0 0 0 0 0 0 0 0 0 0 0 0 0 0 0 0 0 0 0 0 0 0 0 0 0 0 0 0 0 0 0 0 0 0 0 0 0 0 0 0 0 0 0 0 0 0 0 0 0 0 0 0 0 0 0 0 0 0 0 0 0 0 0 0
0 0 0 0 0 0 0 0 0 0 0 0 0 0 0 0 0 0 0 0 0 0 0 0 0 0 0 0 0 0 0 0 0 0 0 0 0 0 0 0 0 0 0 0 0 0 0 0 0 0 0 0 0 0 0 0 0 0 0 0 0 0 0 0 0 0 0 0 0 0 0 0 0 0 0 0 0 0 0 0 0 0 0 0 0
0 0 0 0 0 0 0 0 0 0 0 0 0 0 0 0 0 0 0 0 0 0 0 0 0 0 0 0 0 0 0 0 0 0 0 0 0 0 0 0 0 0 0 0 0 0 0 0 0 0 0 0 0 0 0 0 0 0 0 0 0 0 0 0 0 0 0 0 0 0 0 0 0 0 0 0 0 0 0 0 0 0 0 0 0
0 0 0 0 0 0 0 0 0 0 0 0 0 0 0 0 0 0 0 0 0 0 0 0 0 0 0 0 0 0 0 0 0 0 0 0 0 0 0 0 0 0 0 0 0 0 0 0 0 0 0 0 0 0 0 0 0 0 0 0 0 0 0 0 0 0 0 0 0 0 0 0 0 0 0 0 0 0 0 0 0 0 0 0 0
0 0 0 0 0 0 0 0 0 0 0 0 0 0 0 0 0 0 0 0 0 0 0 0 0 0 0 0 0 0 0 0 0 0 0 0 0 0 0 0 0 0 0 0 0 0 0 0 0 0 0 0 0 0 0 0 0 0 0 0 0 0 0 0 0 0 0 0 0 0 0 0 0 0 0 0 0 0 0 0 0 0 0 0 0
0 0 0 0 0 0 0 0 0 0 0 0 0 0 0 0 0 0 0 0 0 0 0 0 0 0 0 0 0 0 0 0 0 0 0 0 0 0 0 0 0 0 0 0 0 0 0 0 0 0 0 0 0 0 0 0 0 0 0 0 0 0 0 0 0 0 0 0 0 0 0 0 0 0 0 0 0 0 0 0 0 0 0 0 0
0 0 0 0 0 0 0 0 0 0 0 0 0 0 0 0 0 0 0 0 0 0 0 0 0 0 0 0 0 0 0 0 0 0 0 0 0 0 0 0 0 0 0 0 0 0 0 0 0 0 0 0 0 0 0 0 0 0 0 0 0 0 0 0 0 0 0 0 0 0 0 0 0 0 0 0 0 0 0 0 0 0 0 0 0
0 0 0 0 0 0 0 0 0 0 0 0 0 0 0 0 0 0 0 0 0 0 0 0 0 0 0 0 0 0 0 0 0 0 0 0 0 0 0 0 0 0 0 0 0 0 0 0 0 0 0 0 0 0 0 0 0 0 0 0 0 0 0 0 0 0 0 0 0 0 0 0 0 0 0 0 0 0 0 0 0 0 0 0 0
0 0 0 0 0 0 0 0 0 0 0 0 0 0 0 0 0 0 0 0 0 0 0 0 0 0 0 0 0 0 0 0 0 0 0 0 0 0 0 0 0 0 0 0 0 0 0 0 0 0 0 0 0 0 0 0 0 0 0 0 0 0 0 0 0 0 0 0 0 0 0 0 0 0 0 0 0 0 0 0 0 0 0 0 0
0 0 0 0 0 0 0 0 0 0 0 0 0 0 0 0 0 0 0 0 0 0 0 0 0 0 0 0 0 0 0 0 0 0 0 0 0 0 0 0 0 0 0 0 0 0 0 0 0 0 0 0 0 0 0 0 0 0 0 0 0 0 0 0 0 0 0 0 0 0 0 0 0 0 0 0 0 0 0 0 0 0 0 0 0
0 0 0 0 0 0 0 0 0 0 0 0 0 0 0 0 0 0 0 0 0 0 0 0 0 0 0 0 0 0 0 0 0 0 0 0 0 0 0 0 0 0 0 0 0 0 0 0 0 0 0 0 0 0 0 0 0 0 0 0 0 0 0 0 0 0 0 0 0 0 0 0 0 0 0 0 0 0 0 0 0 0 0 0 0
0 0 0 0 0 0 0 0 0 0 0 0 0 0 0 0 0 0 0 0 0 0 0 0 0 0 0 0 0 0 0 0 0 0 0 0 0 0 0 0 0 0 0 0 0 0 0 0 0 0 0 0 0 0 0 0 0 0 0 0 0 0 0 0 0 0 0 0 0 0 0 0 0 0 0 0 0 0 0 0 0 0 0 0 0
0 0 0 0 0 0 0 0 0 0 0 0 0 0 0 0 0 0 0 0 0 0 0 0 0 0 0 0 0 0 0 0 0 0 0 0 0 0 0 0 0 0 0 0 0 0 0 0 0 0 0 0 0 0 0 0 0 0 0 0 0 0 0 0 0 0 0 0 0 0 0 0 0 0 0 0 0 0 0 0 0 0 0 0 0
0 0 0 0 0 0 0 0 0 0 0 0 0 0 0 0 0 0 0 0 0 0 0 0 0 0 0 0 0 0 0 0 0 0 0 0 0 0 0 0 0 0 0 0 0 0 0 0 0 0 0 0 0 0 0 0 0 0 0 0 0 0 0 0 0 0 0 0 0 0 0 0 0 0 0 0 0 0 0 0 0 0 0 0 0
0 0 0 0 0 0 0 0 0 0 0 0 0 0 0 0 0 0 0 0 0 0 0 0 0 0 0 0 0 0 0 0 0 0 0 0 0 0 0 0 0 0 0 0 0 0 0 0 0 0 0 0 0 0 0 0 0 0 0 0 0 0 0 0 0 0 0 0 0 0 0 0 0 0 0 0 0 0 0 0 0 0 0 0 0
0 0 0 0 0 0 0 0 0 0 0 0 0 0 0 0 0 0 0 0 0 0 0 0 0 0 0 0 0 0 0 0 0 0 0 0 0 0 0 0 0 0 0 0 0 0 0 0 0 0 0 0 0 0 0 0 0 0 0 0 0 0 0 0 0 0 0 0 0 0 0 0 0 0 0 0 0 0 0 0 0 0 0 0 0
0 0 0 0 0 0 0 0 0 0 0 0 0 0 0 0 0 0 0 0 0 0 0 0 0 0 0 0 0 0 0 0 0 0 0 0 0 0 0 0 0 0 0 0 0 0 0 0 0 0 0 0 0 0 0 0 0 0 0 0 0 0 0 0 0 0 0 0 0 0 0 0 0 0 0 0 0 0 0 0 0 0 0 0 0
0 0 0 0 0 0 0 0 0 0 0 0 0 0 0 0 0 0 0 0 0 0 0 0 0 0 0 0 0 0 0 0 0 0 0 0 0 0 0 0 0 0 0 0 0 0 0 0 0 0 0 0 0 0 0 0 0 0 0 0 0 0 0 0 0 0 0 0 0 0 0 0 0 0 0 0 0 0 0 0 0 0 0 0 0
0 0 0 0 0 0 0 0 0 0 0 0 0 0 0 0 0 0 0 0 0 0 0 0 0 0 0 0 0 0 0 0 0 0 0 0 0 0 0 0 0 0 0 0 0 0 0 0 0 0 0 0 0 0 0 0 0 0 0 0 0 0 0 0 0 0 0 0 0 0 0 0 0 0 0 0 0 0 0 0 0 0 0 0 0
0 0 0 0 0 0 0 0 0 0 0 0 0 0 0 0 0 0 0 0 0 0 0 0 0 0 0 0 0 0 0 0 0 0 0 0 0 0 0 0 0 0 0 0 0 0 0 0 0 0 0 0 0 0 0 0 0 0 0 0 0 0 0 0 0 0 0 0 0 0 0 0 0 0 0 0 0 0 0 0 0 0 0 0 0
0 0 0 0 0 0 0 0 0 0 0 0 0 0 0 0 0 0 0 0 0 0 0 0 0 0 0 0 0 0 0 0 0 0 0 0 0 0 0 0 0 0 0 0 0 0 0 0 0 0 0 0 0 0 0 0 0 0 0 0 0 0 0 0 0 0 0 0 0 0 0 0 0 0 0 0 0 0 0 0 0 0 0 0 0
0 0 0 0 0 0 0 0 0 0 0 0 0 0 0 0 0 0 0 0 0 0 0 0 0 0 0 0 0 0 0 0 0 0 0 0 0 0 0 0 0 0 0 0 0 0 0 0 0 0 0 0 0 0 0 0 0 0 0 0 0 0 0 0 0 0 0 0 0 0 0 0 0 0 0 0 0 0 0 0 0 0 0 0 0
0 0 0 0 0 0 0 0 0 0 0 0 0 0 0 0 0 0 0 0 0 0 0 0 0 0 0 0 0 0 0 0 0 0 0 0 0 0 0 0 0 0 0 0 0 0 0 0 0 0 0 0 0 0 0 0 0 0 0 0 0 0 0 0 0 0 0 0 0 0 0 0 0 0 0 0 0 0 0 0 0 0 0 0 0
0 0 0 0 0 0 0 0 0 0 0 0 0 0 0 0 0 0 0 0 0 0 0 0 0 0 0 0 0 0 0 0 0 0 0 0 0 0 0 0 0 0 0 0 0 0 0 0 0 0 0 0 0 0 0 0 0 0 0 0 0 0 0 0 0 0 0 0 0 0 0 0 0 0 0 0 0 0 0 0 0 0 0 0 0
0 0 0 0 0 0 0 0 0 0 0 0 0 0 0 0 0 0 0 0 0 0 0 0 0 0 0 0 0 0 0 0 0 0 0 0 0 0 0 0 0 0 0 0 0 0 0 0 0 0 0 0 0 0 0 0 0 0 0 0 0 0 0 0 0 0 0 0 0 0 0 0 0 0 0 0 0 0 0 0 0 0 0 0 0
0 0 0 0 0 0 0 0 0 0 0 0 0 0 0 0 0 0 0 0 0 0 0 0 0 0 0 0 0 0 0 0 0 0 0 0 0 0 0 0 0 0 0 0 0 0 0 0 0 0 0 0 0 0 0 0 0 0 0 0 0 0 0 0 0 0 0 0 0 0 0 0 0 0 0 0 0 0 0 0 0 0 0 0 0
0 0 0 0 0 0 0 0 0 0 0 0 0 0 0 0 0 0 0 0 0 0 0 0 0 0 0 0 0 0 0 0 0 0 0 0 0 0 0 0 0 0 0 0 0 0 0 0 0 0 0 0 0 0 0 0 0 0 0 0 0 0 0 0 0 0 0 0 0 0 0 0 0 0 0 0 0 0 0 0 0 0 0 0 0
0 0 0 0 0 0 0 0 0 0 0 0 0 0 0 0 0 0 0 0 0 0 0 0 0 0 0 0 0 0 0 0 0 0 0 0 0 0 0 0 0 0 0 0 0 0 0 0 0 0 0 0 0 0 0 0 0 0 0 0 0 0 0 0 0 0 0 0 0 0 0 0 0 0 0 0 0 0 0 0 0 0 0 0 0
0 0 0 0 0 0 0 0 0 0 0 0 0 0 0 0 0 0 0 0 0 0 0 0 0 0 0 0 0 0 0 0 0 0 0 0 0 0 0 0 0 0 0 0 0 0 0 0 0 0 0 0 0 0 0 0 0 0 0 0 0 0 0 0 0 0 0 0 0 0 0 0 0 0 0 0 0 0 0 0 0 0 0 0 0
0 0 0 0 0 0 0 0 0 0 0 0 0 0 0 0 0 0 0 0 0 0 0 0 0 0 0 0 0 0 0 0 0 0 0 0 0 0 0 0 0 0 0 0 0 0 0 0 0 0 0 0 0 0 0 0 0 0 0 0 0 0 0 0 0 0 0 0 0 0 0 0 0 0 0 0 0 0 0 0 0 0 0 0 0
0 0 0 0 0 0 0 0 0 0 0 0 0 0 0 0 0 0 0 0 0 0 0 0 0 0 0 0 0 0 0 0 0 0 0 0 0 0 0 0 0 0 0 0 0 0 0 0 0 0 0 0 0 0 0 0 0 0 0 0 0 0 0 0 0 0 0 0 0 0 0 0 0 0 0 0 0 0 0 0 0 0 0 0 0
0 0 0 0 0 0 0 0 0 0 0 0 0 0 0 0 0 0 0 0 0 0 0 0 0 0 0 0 0 0 0 0 0 0 0 0 0 0 0 0 0 0 0 0 0 0 0 0 0 0 0 0 0 0 0 0 0 0 0 0 0 0 0 0 0 0 0 0 0 0 0 0 0 0 0 0 0 0 0 0 0 0 0 0 0
0 0 0 0 0 0 0 0 0 0 0 0 0 0 0 0 0 0 0 0 0 0 0 0 0 0 0 0 0 0 0 0 0 0 0 0 0 0 0 0 0 0 0 0 0 0 0 0 0 0 0 0 0 0 0 0 0 0 0 0 0 0 0 0 0 0 0 0 0 0 0 0 0 0 0 0 0 0 0 0 0 0 0 0 0
0 0 0 0 0 0 0 0 0 0 0 0 0 0 0 0 0 0 0 0 0 0 0 0 0 0 0 0 0 0 0 0 0 0 0 0 0 0 0 0 0 0 0 0 0 0 0 0 0 0 0 0 0 0 0 0 0 0 0 0 0 0 0 0 0 0 0 0 0 0 0 0 0 0 0 0 0 0 0 0 0 0 0 0 0
0 0 0 0 0 0 0 0 0 0 0 0 0 0 0 0 0 0 0 0 0 0 0 0 0 0 0 0 0 0 0 0 0 0 0 0 0 0 0 0 0 0 0 0 0 0 0 0 0 0 0 0 0 0 0 0 0 0 0 0 0 0 0 0 0 0 0 0 0 0 0 0 0 0 0 0 0 0 0 0 0 0 0 0 0
0 0 0 0 0 0 0 0 0 0 0 0 0 0 0 0 0 0 0 0 0 0 0 0 0 0 0 0 0 0 0 0 0 0 0 0 0 0 0 0 0 0 0 0 0 0 0 0 0 0 0 0 0 0 0 0 0 0 0 0 0 0 0 0 0 0 0 0 0 0 0 0 0 0 0 0 0 0 0 0 0 0 0 0 0
0 0 0 0 0 0 0 0 0 0 0 0 0 0 0 0 0 0 0 0 0 0 0 0 0 0 0 0 0 0 0 0 0 0 0 0 0 0 0 0 0 0 0 0 0 0 0 0 0 0 0 0 0 0 0 0 0 0 0 0 0 0 0 0 0 0 0 0 0 0 0 0 0 0 0 0 0 0 0 0 0 0 0 0 0
0 0 0 0 0 0 0 0 0 0 0 0 0 0 0 0 0 0 0 0 0 0 0 0 0 0 0 0 0 0 0 0 0 0 0 0 0 0 0 0 0 0 0 0 0 0 0 0 0 0 0 0 0 0 0 0 0 0 0 0 0 0 0 0 0 0 0 0 0 0 0 0 0 0 0 0 0 0 0 0 0 0 0 0 0
0 0 0 0 0 0 0 0 0 0 0 0 0 0 0 0 0 0 0 0 0 0 0 0 0 0 0 0 0 0 0 0 0 0 0 0 0 0 0 0 0 0 0 0 0 0 0 0 0 0 0 0 0 0 0 0 0 0 0 0 0 0 0 0 0 0 0 0 0 0 0 0 0 0 0 0 0 0 0 0 0 0 0 0 0
0 0 0 0 0 0 0 0 0 0 0 0 0 0 0 0 0 0 0 0 0 0 0 0 0 0 0 0 0 0 0 0 0 0 0 0 0 0 0 0 0 0 0 0 0 0 0 0 0 0 0 0 0 0 0 0 0 0 0 0 0 0 0 0 0 0 0 0 0 0 0 0 0 0 0 0 0 0 0 0 0 0 0 0 0
0 0 0 0 0 0 0 0 0 0 0 0 0 0 0 0 0 0 0 0 0 0 0 0 0 0 0 0 0 0 0 0 0 0 0 0 0 0 0 0 0 0 0 0 0 0 0 0 0 0 0 0 0 0 0 0 0 0 0 0 0 0 0 0 0 0 0 0 0 0 0 0 0 0 0 0 0 0 0 0 0 0 0 0 0
0 0 0 0 0 0 0 0 0 0 0 0 0 0 0 0 0 0 0 0 0 0 0 0 0 0 0 0 0 0 0 0 0 0 0 0 0 0 0 0 0 0 0 0 0 0 0 0 0 0 0 0 0 0 0 0 0 0 0 0 0 0 0 0 0 0 0 0 0 0 0 0 0 0 0 0 0 0 0 0 0 0 0 0 0
0 0 0 0 0 0 0 0 0 0 0 0 0 0 0 0 0 0 0 0 0 0 0 0 0 0 0 0 0 0 0 0 0 0 0 0 0 0 0 0 0 0 0 0 0 0 0 0 0 0 0 0 0 0 0 0 0 0 0 0 0 0 0 0 0 0 0 0 0 0 0 0 0 0 0 0 0 0 0 0 0 0 0 0 0
0 0 0 0 0 0 0 0 0 0 0 0 0 0 0 0 0 0 0 0 0 0 0 0 0 0 0 0 0 0 0 0 0 0 0 0 0 0 0 0 0 0 0 0 0 0 0 0 0 0 0 0 0 0 0 0 0 0 0 0 0 0 0 0 0 0 0 0 0 0 0 0 0 0 0 0 0 0 0 0 0 0 0 0 0
0 0 0 0 0 0 0 0 0 0 0 0 0 0 0 0 0 0 0 0 0 0 0 0 0 0 0 0 0 0 0 0 0 0 0 0 0 0 0 0 0 0 0 0 0 0 0 0 0 0 0 0 0 0 0 0 0 0 0 0 0 0 0 0 0 0 0 0 0 0 0 0 0 0 0 0 0 0 0 0 0 0 0 0 0
0 0 0 0 0 0 0 0 0 0 0 0 0 0 0 0 0 0 0 0 0 0 0 0 0 0 0 0 0 0 0 0 0 0 0 0 0 0 0 0 0 0 0 0 0 0 0 0 0 0 0 0 0 0 0 0 0 0 0 0 0 0 0 0 0 0 0 0 0 0 0 0 0 0 0 0 0 0 0 0 0 0 0 0 0
0 0 0 0 0 0 0 0 0 0 0 0 0 0 0 0 0 0 0 0 0 0 0 0 0 0 0 0 0 0 0 0 0 0 0 0 0 0 0 0 0 0 0 0 0 0 0 0 0 0 0 0 0 0 0 0 0 0 0 0 0 0 0 0 0 0 0 0 0 0 0 0 0 0 0 0 0 0 0 0 0 0 0 0 0
0 0 0 0 0 0 0 0 0 0 0 0 0 0 0 0 0 0 0 0 0 0 0 0 0 0 0 0 0 0 0 0 0 0 0 0 0 0 0 0 0 0 0 0 0 0 0 0 0 0 0 0 0 0 0 0 0 0 0 0 0 0 0 0 0 0 0 0 0 0 0 0 0 0 0 0 0 0 0 0 0 0 0 0 0
0 0 0 0 0 0 0 0 0 0 0 0 0 0 0 0 0 0 0 0 0 0 0 0 0 0 0 0 0 0 0 0 0 0 0 0 0 0 0 0 0 0 0 0 0 0 0 0 0 0 0 0 0 0 0 0 0 0 0 0 0 0 0 0 0 0 0 0 0 0 0 0 0 0 0 0 0 0 0 0 0 0 0 0 0
0 0 0 0 0 0 0 0 0 0 0 0 0 0 0 0 0 0 0 0 0 0 0 0 0 0 0 0 0 0 0 0 0 0 0 0 0 0 0 0 0 0 0 0 0 0 0 0 0 0 0 0 0 0 0 0 0 0 0 0 0 0 0 0 0 0 0 0 0 0 0 0 0 0 0 0 0 0 0 0 0 0 0 0 0
0 0 0 0 0 0 0 0 0 0 0 0 0 0 0 0 0 0 0 0 0 0 0 0 0 0 0 0 0 0 0 0 0 0 0 0 0 0 0 0 0 0 0 0 0 0 0 0 0 0 0 0 0 0 0 0 0 0 0 0 0 0 0 0 0 0 0 0 0 0 0 0 0 0 0 0 0 0 0 0 0 0 0 0 0
0 0 0 0 0 0 0 0 0 0 0 0 0 0 0 0 0 0 0 0 0 0 0 0 0 0 0 0 0 0 0 0 0 0 0 0 0 0 0 0 0 0 0 0 0 0 0 0 0 0 0 0 0 0 0 0 0 0 0 0 0 0 0 0 0 0 0 0 0 0 0 0 0 0 0 0 0 0 0 0 0 0 0 0 0
0 0 0 0 0 0 0 0 0 0 0 0 0 0 0 0 0 0 0 0 0 0 0 0 0 0 0 0 0 0 0 0 0 0 0 0 0 0 0 0 0 0 0 0 0 0 0 0 0 0 0 0 0 0 0 0 0 0 0 0 0 0 0 0 0 0 0 0 0 0 0 0 0 0 0 0 0 0 0 0 0 0 0 0 0
0 0 0 0 0 0 0 0 0 0 0 0 0 0 0 0 0 0 0 0 0 0 0 0 0 0 0 0 0 0 0 0 0 0 0 0 0 0 0 0 0 0 0 0 0 0 0 0 0 0 0 0 0 0 0 0 0 0 0 0 0 0 0 0 0 0 0 0 0 0 0 0 0 0 0 0 0 0 0 0 0 0 0 0 0
0 0 0 0 0 0 0 0 0 0 0 0 0 0 0 0 0 0 0 0 0 0 0 0 0 0 0 0 0 0 0 0 0 0 0 0 0 0 0 0 0 0 0 0 0 0 0 0 0 0 0 0 0 0 0 0 0 0 0 0 0 0 0 0 0 0 0 0 0 0 0 0 0 0 0 0 0 0 0 0 0 0 0 0 0
0 0 0 0 0 0 0 0 0 0 0 0 0 0 0 0 0 0 0 0 0 0 0 0 0 0 0 0 0 0 0 0 0 0 0 0 0 0 0 0 0 0 0 0 0 0 0 0 0 0 0 0 0 0 0 0 0 0 0 0 0 0 0 0 0 0 0 0 0 0 0 0 0 0 0 0 0 0 0 0 0 0 0 0 0
0 0 0 0 0 0 0 0 0 0 0 0 0 0 0 0 0 0 0 0 0 0 0 0 0 0 0 0 0 0 0 0 0 0 0 0 0 0 0 0 0 0 0 0 0 0 0 0 0 0 0 0 0 0 0 0 0 0 0 0 0 0 0 0 0 0 0 0 0 0 0 0 0 0 0 0 0 0 0 0 0 0 0 0 0
0 0 0 0 0 0 0 0 0 0 0 0 0 0 0 0 0 0 0 0 0 0 0 0 0 0 0 0 0 0 0 0 0 0 0 0 0 0 0 0 0 0 0 0 0 0 0 0 0 0 0 0 0 0 0 0 0 0 0 0 0 0 0 0 0 0 0 0 0 0 0 0 0 0 0 0 0 0 0 0 0 0 0 0 0
0 0 0 0 0 0 0 0 0 0 0 0 0 0 0 0 0 0 0 0 0 0 0 0 0 0 0 0 0 0 0 0 0 0 0 0 0 0 0 0 0 0 0 0 0 0 0 0 0 0 0 0 0 0 0 0 0 0 0 0 0 0 0 0 0 0 0 0 0 0 0 0 0 0 0 0 0 0 0 0 0 0 0 0 0
0 0 0 0 0 0 0 0 0 0 0 0 0 0 0 0 0 0 0 0 0 0 0 0 0 0 0 0 0 0 0 0 0 0 0 0 0 0 0 0 0 0 0 0 0 0 0 0 0 0 0 0 0 0 0 0 0 0 0 0 0 0 0 0 0 0 0 0 0 0 0 0 0 0 0 0 0 0 0 0 0 0 0 0 0
0 0 0 0 0 0 0 0 0 0 0 0 0 0 0 0 0 0 0 0 0 0 0 0 0 0 0 0 0 0 0 0 0 0 0 0 0 0 0 0 0 0 0 0 0 0 0 0 0 0 0 0 0 0 0 0 0 0 0 0 0 0 0 0 0 0 0 0 0 0 0 0 0 0 0 0 0 0 0 0 0 0 0 0 0
0 0 0 0 0 0 0 0 0 0 0 0 0 0 0 0 0 0 0 0 0 0 0 0 0 0 0 0 0 0 0 0 0 0 0 0 0 0 0 0 0 0 0 0 0 0 0 0 0 0 0 0 0 0 0 0 0 0 0 0 0 0 0 0 0 0 0 0 0 0 0 0 0 0 0 0 0 0 0 0 0 0 0 0 0
0 0 0 0 0 0 0 0 0 0 0 0 0 0 0 0 0 0 0 0 0 0 0 0 0 0 0 0 0 0 0 0 0 0 0 0 0 0 0 0 0 0 0 0 0 0 0 0 0 0 0 0 0 0 0 0 0 0 0 0 0 0 0 0 0 0 0 0 0 0 0 0 0 0 0 0 0 0 0 0 0 0 0 0 0
0 0 0 0 0 0 0 0 0 0 0 0 0 0 0 0 0 0 0 0 0 0 0 0 0 0 0 0 0 0 0 0 0 0 0 0 0 0 0 0 0 0 0 0 0 0 0 0 0 0 0 0 0 0 0 0 0 0 0 0 0 0 0 0 0 0 0 0 0 0 0 0 0 0 0 0 0 0 0 0 0 0 0 0 0
0 0 0 0 0 0 0 0 0 0 0 0 0 0 0 0 0 0 0 0 0 0 0 0 0 0 0 0 0 0 0 0 0 0 0 0 0 0 0 0 0 0 0 0 0 0 0 0 0 0 0 0 0 0 0 0 0 0 0 0 0 0 0 0 0 0 0 0 0 0 0 0 0 0 0 0 0 0 0 0 0 0 0 0 0
0 0 0 0 0 0 0 0 0 0 0 0 0 0 0 0 0 0 0 0 0 0 0 0 0 0 0 0 0 0 0 0 0 0 0 0 0 0 0 0 0 0 0 0 0 0 0 0 0 0 0 0 0 0 0 0 0 0 0 0 0 0 0 0 0 0 0 0 0 0 0 0 0 0 0 0 0 0 0 0 0 0 0 0 0
0 0 0 0 0 0 0 0 0 0 0 0 0 0 0 0 0 0 0 0 0 0 0 0 0 0 0 0 0 0 0 0 0 0 0 0 0 0 0 0 0 0 0 0 0 0 0 0 0 0 0 0 0 0 0 0 0 0 0 0 0 0 0 0 0 0 0 0 0 0 0 0 0 0 0 0 0 0 0 0 0 0 0 0 0
0 0 0 0 0 0 0 0 0 0 0 0 0 0 0 0 0 0 0 0 0 0 0 0 0 0 0 0 0 0 0 0 0 0 0 0 0 0 0 0 0 0 0 0 0 0 0 0 0 0 0 0 0 0 0 0 0 0 0 0 0 0 0 0 0 0 0 0 0 0 0 0 0 0 0 0 0 0 0 0 0 0 0 0 0
0 0 0 0 0 0 0 0 0 0 0 0 0 0 0 0 0 0 0 0 0 0 0 0 0 0 0 0 0 0 0 0 0 0 0 0 0 0 0 0 0 0 0 0 0 0 0 0 0 0 0 0 0 0 0 0 0 0 0 0 0 0 0 0 0 0 0 0 0 0 0 0 0 0 0 0 0 0 0 0 0 0 0 0 0
0 0 0 0 0 0 0 0 0 0 0 0 0 0 0 0 0 0 0 0 0 0 0 0 0 0 0 0 0 0 0 0 0 0 0 0 0 0 0 0 0 0 0 0 0 0 0 0 0 0 0 0 0 0 0 0 0 0 0 0 0 0 0 0 0 0 0 0 0 0 0 0 0 0 0 0 0 0 0 0 0 0 0 0 0
0 0 0 0 0 0 0 0 0 0 0 0 0 0 0 0 0 0 0 0 0 0 0 0 0 0 0 0 0 0 0 0 0 0 0 0 0 0 0 0 0 0 0 0 0 0 0 0 0 0 0 0 0 0 0 0 0 0 0 0 0 0 0 0 0 0 0 0 0 0 0 0 0 0 0 0 0 0 0 0 0 0 0 0 0
0 0 0 0 0 0 0 0 0 0 0 0 0 0 0 0 0 0 0 0 0 0 0 0 0 0 0 0 0 0 0 0 0 0 0 0 0 0 0 0 0 0 0 0 0 0 0 0 0 0 0 0 0 0 0 0 0 0 0 0 0 0 0 0 0 0 0 0 0 0 0 0 0 0 0 0 0 0 0 0 0 0 0 0 0
