0 0 0 0 0 0 0 0 0 0 0 0 0 0 0 0 0 0 0 0 0 0 0 0 0 0 0 0 0 0 0 0 0 0 0 0 0 0 0 0 0 0 0 0 0 0 0 0 0 0 0 0 0 0 0 0 0 0 0 0 0 0 0 0 0 0 0 0 0 0 0 0 0 0 0 0 0 0 0 0 0 0 0 0 0
0 0 0 0 0 0 0 0 0 0 0 0 0 0 0 0 0 0 0 0 0 0 0 0 0 0 0 0 0 0 0 0 0 0 0 0 0 0 0 0 0 0 0 0 0 0 0 0 0 0 0 0 0 0 0 0 0 0 0 0 0 0 0 0 0 0 0 0 0 0 0 0 0 0 0 0 0 0 0 0 0 0 0 0 0
0 0 0 0 0 0 0 0 0 0 0 0 0 0 0 0 0 0 0 0 0 0 0 0 0 0 0 0 0 0 0 0 0 0 0 0 0 0 0 0 0 0 0 0 0 0 0 0 0 0 0 0 0 0 0 0 0 0 0 0 0 0 0 0 0 0 0 0 0 0 0 0 0 0 0 0 0 0 0 0 0 0 0 0 0
0 0 0 0 0 0 0 0 0 0 0 0 0 0 0 0 0 0 0 0 0 0 0 0 0 0 0 0 0 0 0 0 0 0 0 0 0 0 0 0 0 0 0 0 0 0 0 0 0 0 0 0 0 0 0 0 0 0 0 0 0 0 0 0 0 0 0 0 0 0 0 0 0 0 0 0 0 0 0 0 0 0 0 0 0
0 0 0 0 0 0 0 0 0 0 0 0 0 0 0 0 0 0 0 0 0 0 0 0 0 0 0 0 0 0 0 0 0 0 0 0 0 0 0 0 0 0 0 0 0 0 0 0 0 0 0 0 0 0 0 0 0 0 0 0 0 0 0 0 0 0 0 0 0 0 0 0 0 0 0 0 0 0 0 0 0 0 0 0 0
0 0 0 0 0 0 0 0 0 0 0 0 0 0 0 0 0 0 0 0 0 0 0 0 0 0 0 0 0 0 0 0 0 0 0 0 0 0 0 0 0 0 0 0 0 0 0 0 0 0 0 0 0 0 0 0 0 0 0 0 0 0 0 0 0 0 0 0 0 0 0 0 0 0 0 0 0 0 0 0 0 0 0 0 0
0 0 0 0 0 0 0 0 0 0 0 0 0 0 0 0 0 0 0 0 0 0 0 0 0 0 0 0 0 0 0 0 0 0 0 0 0 0 0 0 0 0 0 0 0 0 0 0 0 0 0 0 0 0 0 0 0 0 0 0 0 0 0 0 0 0 0 0 0 0 0 0 0 0 0 0 0 0 0 0 0 0 0 0 0
0 0 0 0 0 0 0 0 0 0 0 0 0 0 0 0 0 0 0 0 0 0 0 0 0 0 0 0 0 0 0 0 0 0 0 0 0 0 0 0 0 0 0 0 0 0 0 0 0 0 0 0 0 0 0 0 0 0 0 0 0 0 0 0 0 0 0 0 0 0 0 0 0 0 0 0 0 0 0 0 0 0 0 0 0
0 0 0 0 0 0 0 0 0 0 0 0 0 0 0 0 0 0 0 0 0 0 0 0 0 0 0 0 0 0 0 0 0 0 0 0 0 0 0 0 0 0 0 0 0 0 0 0 0 0 0 0 0 0 0 0 0 0 0 0 0 0 0 0 0 0 0 0 0 0 0 0 0 0 0 0 0 0 0 0 0 0 0 0 0
0 0 0 0 0 0 0 0 0 0 0 0 0 0 0 0 0 0 0 0 0 0 0 0 0 0 0 0 0 0 0 0 0 0 0 0 0 0 0 0 0 0 0 0 0 0 0 0 0 0 0 0 0 0 0 0 0 0 0 0 0 0 0 0 0 0 0 0 0 0 0 0 0 0 0 0 0 0 0 0 0 0 0 0 0
0 0 0 0 0 0 0 0 0 0 0 0 0 0 0 0 0 0 0 0 0 0 0 0 0 0 0 0 0 0 0 0 0 0 0 0 0 0 0 0 0 0 0 0 0 0 0 0 0 0 0 0 0 0 0 0 0 0 0 0 0 0 0 0 0 0 0 0 0 0 0 0 0 0 0 0 0 0 0 0 0 0 0 0 0
0 0 0 0 0 0 0 0 0 0 0 0 0 0 0 0 0 0 0 0 0 0 0 0 0 0 0 0 0 0 0 0 0 0 0 0 0 0 0 0 0 0 0 0 0 0 0 0 0 0 0 0 0 0 0 0 0 0 0 0 0 0 0 0 0 0 0 0 0 0 0 0 0 0 0 0 0 0 0 0 0 0 0 0 0
0 0 0 0 0 0 0 0 0 0 0 0 0 0 0 0 0 0 0 0 0 0 0 0 0 0 0 0 0 0 0 0 0 0 0 0 0 0 0 0 0 0 0 0 0 0 0 0 0 0 0 0 0 0 0 0 0 0 0 0 0 0 0 0 0 0 0 0 0 0 0 0 0 0 0 0 0 0 0 0 0 0 0 0 0
0 0 0 0 0 0 0 0 0 0 0 0 0 0 0 0 0 0 0 0 0 0 0 0 0 0 0 0 0 0 0 0 0 0 0 0 0 0 0 0 0 0 0 0 0 0 0 0 0 0 0 0 0 0 0 0 0 0 0 0 0 0 0 0 0 0 0 0 0 0 0 0 0 0 0 0 0 0 0 0 0 0 0 0 0
0 0 0 0 0 0 0 0 0 0 0 0 0 0 0 0 0 0 0 0 0 0 0 0 0 0 0 0 0 0 0 0 0 0 0 0 0 0 0 0 0 0 0 0 0 0 0 0 0 0 0 0 0 0 0 0 0 0 0 0 0 0 0 0 0 0 0 0 0 0 0 0 0 0 0 0 0 0 0 0 0 0 0 0 0
0 0 0 0 0 0 0 0 0 0 0 0 0 0 0 0 0 0 3.884081e-07 1.227086e-07 0 0 0 0 0 0 0 0 0 0 0 0 0 0 0 0 0 0 0 0 0 0 0 0 0 0 0 0 0 0 0 0 0 0 0 0 0 0 0 0 0 0 0 0 0 0 0 0 0 0 0 0 0 0 0 0 0 0 0 0 0 0 0 0 0
0 0 0 0 0 0 0 0 0 0 0 0 0 0 0 0 0 1.058335e-06 9.382927e-07 4.025871e-07 2.431244e-08 0 0 0 0 0 0 0 0 0 0 0 0 0 0 0 0 0 0 0 0 0 0 0 0 0 0 0 0 0 0 0 0 0 0 0 0 0 0 0 0 0 0 0 0 0 0 0 0 0 0 0 0 0 0 0 0 0 0 0 0 0 0 0 0
0 0 0 0 0 0 0 0 0 0 0 0 0 0 0 0 0 1.058335e-06 9.209326e-07 3.710481e-07 0 0 0 0 0 0 0 0 0 0 0 0 0 0 0 0 0 0 0 0 0 0 0 0 0 0 0 0 0 0 0 0 0 0 0 0 0 0 0 0 0 0 0 0 0 0 0 0 0 0 0 0 0 0 0 0 0 0 0 0 0 0 0 0 0
0 0 0 0 0 0 0 0 0 0 0 0 0 0 0 0 0 1.058335e-06 6.875205e-07 1.37636e-07 0 0 0 0 0 0 0 0 0 0 0 0 0 0 0 0 0 0 0 0 0 0 0 0 0 0 0 0 0 0 0 0 0 0 0 0 0 0 0 0 0 0 0 0 0 0 0 0 0 0 0 0 0 0 0 0 0 0 0 0 0 0 0 0 0
0 0 0 0 0 0 0 0 0 0 0 0 0 0 0 0 0 1.040177e-06 7.231698e-07 2.378632e-07 4.451083e-09 0 0 6.119721e-08 8.889491e-08 0 0 0 0 0 0 0 0 0 0 0 0 0 0 0 0 0 0 0 0 0 0 0 0 0 0 0 0 0 0 0 0 0 0 0 0 0 0 0 0 0 0 0 0 0 0 0 0 0 0 0 0 0 0 0 0 0 0 0 0
0 0 0 0 0 0 0 0 0 0 0 0 0 0 0 0 1.058335e-06 1.058335e-06 1.028912e-06 7.877477e-07 5.543356e-07 3.209235e-07 8.751134e-08 3.5525e-07 6.171757e-07 2.546696e-07 1.101995e-08 0 0 0 0 0 0 0 0 0 0 0 0 0 0 0 0 0 0 0 0 0 0 0 0 0 0 0 0 0 0 0 0 0 0 0 0 0 0 0 0 0 0 0 0 0 0 0 0 0 0 0 0 0 0 0 0 0 0
0 0 0 0 0 0 0 0 0 0 0 0 0 0 0 0 1.058335e-06 1.058335e-06 1.058335e-06 1.058335e-06 1.058335e-06 8.70808e-07 6.754128e-07 8.030659e-07 9.434017e-07 3.493796e-07 0 0 0 0 0 0 0 0 0 0 0 0 0 0 0 0 0 0 0 0 0 0 0 0 0 0 0 0 0 0 0 0 0 0 0 0 0 0 0 0 0 0 0 0 0 0 0 0 0 0 0 0 0 0 0 0 0 0 0
0 0 0 0 0 0 0 0 0 0 0 0 0 0 0 0 1.058335e-06 1.058335e-06 1.058335e-06 1.058335e-06 1.058335e-06 1.058335e-06 1.058335e-06 1.040622e-06 9.40074e-07 5.615486e-07 1.549283e-07 1.845344e-09 0 0 1.768489e-07 1.430279e-07 0 0 0 0 0 0 0 0 0 0 0 0 0 0 0 0 0 0 0 0 0 0 0 0 0 0 0 0 0 0 0 0 0 0 0 0 0 0 0 0 0 0 0 0 0 0 0 0 0 0 0 0 0
0 0 0 0 0 0 0 0 0 0 0 0 0 0 0 1.058335e-06 1.058335e-06 1.058335e-06 1.058335e-06 1.058335e-06 1.058335e-06 1.058335e-06 1.058335e-06 1.058335e-06 1.058335e-06 9.434679e-07 3.136068e-07 0 0 1.782572e-07 6.3861e-07 5.505654e-07 1.258843e-07 0 0 0 0 0 0 0 0 0 0 0 0 0 0 0 0 0 0 0 0 0 0 0 0 0 0 0 0 0 0 0 0 0 0 0 0 0 0 0 0 0 0 0 0 0 0 0 0 0 0 0 0
0 0 0 0 0 0 0 0 0 0 0 0 0 0 0 1.058335e-06 1.058335e-06 1.058335e-06 1.058335e-06 1.058335e-06 1.058335e-06 9.645029e-07 9.302186e-07 1.058335e-06 1.058335e-06 8.937199e-07 4.246279e-07 6.165333e-08 0 4.116694e-07 9.615539e-07 6.052325e-07 5.288622e-08 0 0 0 0 0 0 0 0 0 0 0 0 0 0 0 0 0 0 0 0 0 0 0 0 0 0 0 0 0 0 0 0 0 0 0 0 0 0 0 0 0 0 0 0 0 0 0 0 0 0 0 0
0 0 0 0 0 0 0 0 0 0 0 0 0 0 0 1.058335e-06 1.058335e-06 1.058335e-06 1.058335e-06 1.058335e-06 1.058335e-06 6.263916e-07 3.578793e-07 8.110518e-07 1.058335e-06 1.058335e-06 8.4495e-07 6.115378e-07 4.393104e-07 7.015886e-07 9.217048e-07 3.718203e-07 0 0 0 0 0 0 0 0 0 0 0 0 0 0 0 0 0 0 0 0 0 0 0 0 0 0 0 0 0 0 0 0 0 0 0 0 0 0 0 0 0 0 0 0 0 0 0 0 0 0 0 0 0
0 0 0 0 0 0 0 0 0 0 0 0 0 0 0 1.058335e-06 1.058335e-06 1.058335e-06 1.058335e-06 1.058335e-06 8.954607e-07 3.455762e-07 1.634187e-07 7.604002e-07 1.058335e-06 1.058335e-06 1.058335e-06 1.058335e-06 9.684757e-07 9.965259e-07 6.882927e-07 1.384082e-07 0 0 0 0 0 0 0 0 0 0 0 0 0 0 0 0 0 0 0 0 0 0 0 0 0 0 0 0 0 0 0 0 0 0 0 0 0 0 0 0 0 0 0 0 0 0 0 0 0 0 0 0 0
0 0 0 0 0 0 0 0 0 0 0 0 0 0 0 1.058335e-06 1.058335e-06 1.058335e-06 1.058335e-06 1.058335e-06 7.257734e-07 1.121641e-07 1.226878e-07 4.946266e-07 8.969645e-07 1.056634e-06 1.058335e-06 1.058335e-06 1.058335e-06 1.004765e-06 4.548806e-07 0 0 0 0 0 0 0 0 0 0 0 0 0 0 0 0 0 0 0 0 0 0 0 0 0 0 0 0 0 0 0 0 0 0 0 0 0 0 0 0 0 0 0 0 0 0 0 0 0 0 0 0 0 0
0 0 0 0 0 0 0 0 0 0 0 0 0 0 1.062207e-06 1.058335e-06 1.058335e-06 1.058335e-06 1.058335e-06 1.050428e-06 8.570709e-07 4.30904e-07 9.265255e-08 1.626817e-07 7.823445e-07 1.058335e-06 1.058335e-06 1.058335e-06 1.058335e-06 7.71353e-07 2.214685e-07 0 0 0 0 0 0 0 0 0 0 0 0 0 0 0 0 0 0 0 0 0 0 0 0 0 0 0 0 0 0 0 0 0 0 0 0 0 0 0 0 0 0 0 0 0 0 0 0 0 0 0 0 0 0
0 0 0 0 0 0 0 0 0 0 0 0 0 0 1.612092e-06 1.308953e-06 1.081178e-06 1.058335e-06 1.058335e-06 1.058335e-06 1.058335e-06 6.891853e-07 1.167059e-07 3.960938e-07 9.459783e-07 1.058335e-06 1.058335e-06 1.058335e-06 1.058335e-06 5.379408e-07 0 0 0 0 0 0 0 0 0 0 0 0 0 0 0 0 0 0 0 0 0 0 0 0 0 0 0 0 0 0 0 0 0 0 0 0 0 0 0 0 0 0 0 0 0 0 0 0 0 0 0 0 0 0 0
0 0 0 0 0 0 0 0 0 0 0 0 0 0 2.116671e-06 1.547223e-06 1.08522e-06 1.058335e-06 1.058335e-06 1.058335e-06 1.020148e-06 4.702631e-07 5.745189e-08 5.930637e-07 1.058335e-06 1.058335e-06 9.939492e-07 9.331684e-07 8.544132e-07 3.045287e-07 0 0 0 0 0 0 0 0 0 0 0 0 0 0 0 0 0 0 0 0 0 0 0 0 0 0 0 0 0 0 0 0 0 0 0 0 0 0 0 0 0 0 0 0 0 0 0 0 0 0 0 0 0 0 0
0 0 0 0 0 0 0 0 0 0 0 0 0 0 1.969372e-06 1.419487e-06 1.058335e-06 1.058335e-06 1.058335e-06 1.058335e-06 8.516762e-07 2.520961e-07 6.322917e-08 3.64613e-07 6.805958e-07 9.14008e-07 6.957594e-07 4.007506e-07 3.261915e-07 5.303973e-08 0 0 0 0 0 0 0 0 0 0 0 0 0 0 0 0 0 0 0 0 0 0 0 0 0 0 0 0 0 0 0 0 0 0 0 0 0 0 0 0 0 0 0 0 0 0 0 0 0 0 0 0 0 0 0
0 0 0 0 0 0 0 0 0 0 0 0 0 0 1.767162e-06 1.186075e-06 1.058335e-06 1.058335e-06 1.058335e-06 1.058335e-06 9.364656e-07 5.711134e-07 1.625692e-07 3.687007e-09 1.307113e-07 3.888967e-07 5.162291e-07 2.273877e-07 2.206288e-09 0 0 0 0 0 0 0 0 0 0 0 0 5.226765e-08 0 0 0 0 0 0 0 0 0 0 0 0 0 0 0 0 0 0 0 0 0 0 0 0 0 0 0 0 0 0 0 0 0 0 0 0 0 0 0 0 0 0 0
0 0 0 0 0 0 0 0 0 0 0 0 0 0 1.871963e-06 1.421287e-06 1.122957e-06 1.058335e-06 1.058335e-06 1.058335e-06 1.058335e-06 8.283622e-07 2.331307e-07 1.673535e-07 3.252875e-07 4.436912e-07 8.326885e-07 7.772722e-07 5.438601e-07 1.943726e-07 8.20654e-09 0 0 0 0 0 0 0 0 0 8.189695e-08 4.167255e-07 4.711406e-07 0 0 0 0 0 0 0 0 0 0 0 0 0 0 0 0 0 0 0 0 0 0 0 0 0 0 0 0 0 0 0 0 0 0 0 0 0 0 0 0 0 0
0 0 0 0 0 0 0 0 0 0 0 0 0 0 2.116671e-06 1.706065e-06 1.173507e-06 1.058335e-06 1.058335e-06 1.058335e-06 1.058335e-06 5.9495e-07 4.506552e-08 4.360678e-07 9.657322e-07 9.021997e-07 1.058335e-06 1.058335e-06 9.817512e-07 3.489141e-07 0 0 0 0 1.44547e-07 3.68899e-07 2.188652e-07 1.27892e-08 0 0 2.009968e-07 7.317093e-07 6.717344e-07 0 0 0 0 0 0 0 0 0 0 0 0 0 0 0 0 0 0 0 0 0 0 0 0 0 0 0 0 0 0 0 0 0 0 0 0 0 0 0 0 0 0
0 0 0 0 0 0 0 0 0 0 0 0 0 0 2.094059e-06 1.544174e-06 1.058335e-06 1.058335e-06 1.058335e-06 1.058335e-06 9.580532e-07 4.29028e-07 2.329639e-08 2.541253e-07 6.977332e-07 9.985127e-07 1.058335e-06 1.058335e-06 9.185921e-07 4.825832e-07 7.883383e-08 0 0 0 3.365578e-07 9.777468e-07 4.573866e-07 1.708269e-08 0 0 5.249089e-08 3.158107e-07 2.436002e-07 0 0 0 0 0 0 0 0 0 0 0 0 0 0 0 0 0 0 0 0 0 0 0 0 0 0 0 0 0 0 0 0 0 0 0 0 0 0 0 0 0 0
0 0 0 0 0 0 0 0 0 0 0 0 0 0 0 1.310762e-06 1.058335e-06 1.058335e-06 1.058335e-06 1.058335e-06 9.963344e-07 7.015372e-07 4.189801e-07 1.85568e-07 4.900969e-07 1.025104e-06 1.058335e-06 1.058335e-06 1.058335e-06 8.697213e-07 2.973436e-07 0 0 3.629341e-09 1.680402e-07 5.080268e-07 4.591253e-07 7.497353e-08 0 0 0 0 3.343203e-09 0 0 0 0 0 0 0 0 0 0 0 0 0 0 0 0 0 0 0 0 0 0 0 0 0 0 0 0 0 0 0 0 0 0 0 0 0 0 0 0 0 0
0 0 0 0 0 0 0 0 0 0 0 0 0 0 0 1.068617e-06 1.058335e-06 1.058335e-06 1.058335e-06 1.058335e-06 1.058335e-06 1.058335e-06 9.688646e-07 7.802147e-07 8.68198e-07 1.058335e-06 1.058335e-06 1.058335e-06 1.058335e-06 8.880357e-07 3.614601e-07 0 0 1.732104e-07 2.430275e-07 4.082663e-07 8.019312e-07 3.774633e-07 2.772601e-08 0 0 0 1.117143e-08 0 0 0 0 0 0 0 0 0 0 0 0 0 0 0 0 0 0 0 0 0 0 0 0 0 0 0 0 0 0 0 0 0 0 0 0 0 0 0 0 0 0
0 0 0 0 0 0 0 0 0 0 0 0 0 0 0 1.058335e-06 1.058335e-06 1.058335e-06 1.058335e-06 1.058335e-06 1.058335e-06 1.058335e-06 1.058335e-06 1.058335e-06 1.057558e-06 1.058335e-06 1.058335e-06 1.058335e-06 1.058335e-06 1.003458e-06 7.111108e-07 2.306713e-07 3.741556e-08 5.873001e-07 7.889819e-07 5.156403e-07 6.121869e-07 3.389333e-07 0 0 0 0 2.386875e-07 0 0 0 0 0 0 0 0 0 0 0 0 0 0 0 0 0 0 0 0 0 0 0 0 0 0 0 0 0 0 0 0 0 0 0 0 0 0 0 0 0 0
0 0 0 0 0 0 0 0 0 0 0 0 0 0 0 0 1.075187e-06 1.058335e-06 1.058335e-06 1.058335e-06 1.058335e-06 1.058335e-06 1.058335e-06 1.058335e-06 1.058335e-06 1.058335e-06 1.058335e-06 1.058335e-06 9.3967e-07 7.552394e-07 6.712444e-07 2.705993e-07 2.708277e-07 8.207122e-07 7.460741e-07 1.961896e-07 9.374521e-08 5.47196e-08 0 0 0 0 2.181183e-07 0 0 0 0 0 0 0 0 0 0 0 0 0 0 0 0 0 0 0 0 0 0 0 0 0 0 0 0 0 0 0 0 0 0 0 0 0 0 0 0 0 0
0 0 0 0 0 0 0 0 0 0 0 0 0 0 0 0 1.058335e-06 1.058335e-06 1.058335e-06 1.058335e-06 1.058335e-06 1.058335e-06 1.058335e-06 1.058335e-06 1.058335e-06 1.058335e-06 1.058335e-06 1.058335e-06 6.369628e-07 1.547163e-07 1.728143e-07 2.331224e-08 3.6874e-07 1.003342e-06 5.12662e-07 0 0 0 0 0 0 0 0 0 0 0 0 0 0 0 0 0 0 0 0 0 0 0 0 0 0 0 0 0 0 0 0 0 0 0 0 0 0 0 0 0 0 0 0 0 0 0 0 0 0
0 0 0 0 0 0 0 0 0 0 0 0 0 0 0 0 0 1.058335e-06 1.058335e-06 1.058335e-06 1.058335e-06 1.058335e-06 1.058335e-06 1.058335e-06 1.058335e-06 1.058335e-06 1.058335e-06 9.534352e-07 4.035507e-07 0 0 0 1.56164e-07 4.885226e-07 4.527943e-07 9.976741e-08 0 0 0 0 0 0 0 0 0 0 0 0 0 0 0 0 0 0 0 0 0 0 0 0 0 0 0 0 0 0 0 0 0 0 0 0 0 0 0 0 0 0 0 0 0 0 0 0 0
0 0 0 0 0 0 0 0 0 0 0 0 0 0 0 0 0 0 1.058335e-06 1.028139e-06 1.058335e-06 1.058335e-06 1.058335e-06 1.058335e-06 1.058335e-06 1.058335e-06 1.058335e-06 8.589351e-07 3.389462e-07 0 0 0 0 4.222158e-07 8.837171e-07 3.581987e-07 1.874785e-09 0 0 0 0 0 0 0 0 0 0 0 0 0 0 0 0 0 0 0 0 0 0 0 0 0 0 0 0 0 0 0 0 0 0 0 0 0 0 0 0 0 0 0 0 0 0 0 0
0 0 0 0 0 0 0 0 0 0 0 0 0 0 0 0 0 0 0 7.763552e-07 6.052479e-07 9.034958e-07 1.056327e-06 1.058335e-06 1.058335e-06 1.058335e-06 1.055044e-06 1.018416e-06 7.061272e-07 2.177296e-07 0 0 2.521723e-08 2.736081e-07 6.0681e-07 3.899485e-07 0 0 0 0 0 0 0 0 0 0 0 0 0 0 0 0 0 0 0 0 0 0 0 0 0 0 0 0 0 0 0 0 0 0 0 0 0 0 0 0 0 0 0 0 0 0 0 0 0
0 0 0 0 0 0 0 0 0 0 0 0 0 0 0 0 0 0 0 5.558448e-07 1.36907e-07 7.665163e-07 1.058335e-06 1.058335e-06 1.058335e-06 1.058335e-06 8.872401e-07 6.96223e-07 5.870748e-07 2.099314e-07 0 0 0 0 4.413402e-07 6.929346e-07 2.770021e-07 1.124479e-08 0 0 0 0 0 0 0 0 0 0 0 0 0 0 0 0 0 0 0 0 0 0 0 0 0 0 0 0 0 0 0 0 0 0 0 0 0 0 0 0 0 0 0 0 0 0 0
0 0 0 0 0 0 0 0 0 0 0 0 0 0 0 0 0 0 0 0 7.204772e-07 9.564089e-07 1.058335e-06 1.058335e-06 1.058335e-06 1.058335e-06 6.624559e-07 5.164138e-08 1.327032e-07 0 0 0 0 3.699288e-08 3.759504e-07 7.553012e-07 3.568516e-07 0 0 0 0 0 0 0 0 3.531157e-07 0 0 0 0 0 0 0 0 0 0 0 0 0 0 0 0 0 0 0 0 0 0 0 0 0 0 0 0 0 0 0 0 0 0 0 0 0 0 0
0 0 0 0 0 0 0 0 0 0 0 0 0 0 0 0 0 0 0 0 1.058335e-06 1.058335e-06 1.058335e-06 1.058335e-06 1.058335e-06 1.046281e-06 8.485354e-07 4.129809e-07 7.911822e-08 0 0 0 0 0 4.876089e-08 4.618947e-07 5.323559e-07 1.807036e-07 5.512915e-09 0 0 0 0 0 3.664332e-08 5.865278e-07 1.113105e-06 1.637333e-06 0 0 0 0 0 0 0 0 0 0 0 0 0 0 0 0 0 0 0 0 0 0 0 0 0 0 0 0 0 0 0 0 0 0 0 0 0
0 0 0 0 0 0 0 0 0 0 0 0 0 0 0 0 0 0 0 0 1.058335e-06 1.058335e-06 1.058335e-06 1.058335e-06 1.058335e-06 1.058335e-06 1.058335e-06 6.150876e-07 4.838948e-08 0 0 0 0 0 3.366665e-08 4.631908e-07 9.315384e-07 3.245215e-07 0 0 0 0 0 0 2.000604e-07 7.882564e-07 1.114997e-06 1.404997e-06 0 0 0 0 0 0 0 0 0 0 0 0 0 0 0 0 0 0 0 0 0 0 0 0 0 0 0 0 0 0 0 0 0 0 0 0 0
0 0 0 0 0 0 0 0 0 0 0 0 0 0 0 0 0 0 0 0 1.058335e-06 1.058335e-06 1.058335e-06 1.058335e-06 1.041428e-06 1.058335e-06 1.025511e-06 7.371988e-07 3.254444e-07 9.203226e-08 0 0 0 0 4.673486e-09 1.999696e-07 3.292185e-07 1.156463e-07 0 0 0 0 0 0 1.113859e-07 4.653539e-07 8.849642e-07 1.058335e-06 0 0 0 0 0 0 0 0 0 0 0 0 0 0 0 0 0 0 0 0 0 0 0 0 0 0 0 0 0 0 0 0 0 0 0 0 0
0 0 0 0 0 0 0 0 0 0 0 0 0 0 0 0 0 0 0 0 1.058335e-06 1.058335e-06 1.058335e-06 1.058335e-06 8.295659e-07 6.319622e-07 8.721268e-07 1.051455e-06 8.753289e-07 6.419168e-07 4.085046e-07 1.750925e-07 0 0 0 0 0 0 0 0 0 0 0 0 0 2.106591e-07 8.18288e-07 1.058335e-06 0 0 0 0 0 0 0 0 0 0 0 0 0 0 0 0 0 0 0 0 0 0 0 0 0 0 0 0 0 0 0 0 0 0 0 0 0
0 0 0 0 0 0 0 0 0 0 0 0 0 0 0 0 0 0 0 0 1.058335e-06 1.058335e-06 1.058335e-06 1.052264e-06 5.023796e-07 4.750493e-08 6.952259e-07 1.058335e-06 1.058335e-06 1.041894e-06 9.583892e-07 6.072873e-07 1.563615e-07 0 0 0 0 0 0 0 0 0 0 0 0 1.859529e-07 6.304876e-07 8.929462e-07 0 0 0 0 0 0 0 0 0 0 0 0 0 0 0 0 0 0 0 0 0 0 0 0 0 0 0 0 0 0 0 0 0 0 0 0 0
0 0 0 0 0 0 0 0 0 0 0 0 0 0 0 0 0 0 0 0 1.058335e-06 1.058335e-06 1.058335e-06 8.18852e-07 2.689675e-07 2.809171e-07 8.308016e-07 1.058335e-06 1.058335e-06 8.234457e-07 6.699004e-07 5.194955e-07 1.01586e-07 0 0 0 0 0 0 0 0 0 0 0 0 0 1.096495e-07 3.430616e-07 0 0 0 0 0 0 0 0 0 0 0 0 0 0 0 0 0 0 0 0 0 0 0 0 0 0 0 0 0 0 0 0 0 0 0 0 0
0 0 0 0 0 0 0 0 0 0 0 0 0 0 0 0 0 0 0 0 1.058335e-06 1.058335e-06 1.058335e-06 8.164672e-07 3.096515e-07 5.157372e-07 1.058335e-06 1.058335e-06 1.011024e-06 4.61139e-07 5.360616e-08 1.15769e-07 0 0 0 0 0 0 0 0 0 0 0 0 0 0 0 0 0 0 0 0 0 0 0 0 0 0 0 0 0 0 0 0 0 0 0 0 0 0 0 0 0 0 0 0 0 0 0 0 0 0 0 0 0
0 0 0 0 0 0 0 0 0 0 0 0 0 0 0 0 0 0 0 0 1.058335e-06 1.058335e-06 1.058335e-06 1.058335e-06 7.197153e-07 4.998702e-07 6.916505e-07 9.250626e-07 7.776114e-07 2.277269e-07 0 0 0 0 0 0 0 0 0 0 0 0 0 0 0 0 0 4.137534e-08 0 0 0 0 0 0 0 0 0 0 0 0 0 0 0 0 0 0 0 0 0 0 0 0 0 0 0 0 0 0 0 0 0 0 0 0 0
0 0 0 0 0 0 0 0 0 0 0 0 0 0 0 0 0 0 0 0 1.058335e-06 1.058335e-06 1.058335e-06 1.058335e-06 6.270665e-07 7.718199e-08 1.41766e-07 3.751781e-07 3.12939e-07 0 0 0 0 0 0 0 0 0 0 0 0 0 0 0 0 0 0 0 0 0 0 0 0 0 0 0 0 0 0 0 0 0 0 0 0 0 0 0 0 0 0 0 0 0 0 0 0 0 0 0 0 0 0 0 0
0 0 0 0 0 0 0 0 0 0 0 0 0 0 0 0 0 0 0 0 1.058335e-06 1.058335e-06 1.058335e-06 9.489644e-07 3.936544e-07 0 0 0 1.723933e-08 0 0 0 0 0 0 0 0 0 0 0 0 0 0 0 0 0 0 0 0 0 0 0 0 0 0 0 0 0 0 0 0 0 0 0 0 0 0 0 0 0 0 0 0 0 0 0 0 0 0 0 0 0 0 0 0
0 0 0 0 0 0 0 0 0 0 0 0 0 0 0 0 0 0 0 0 1.058335e-06 1.058335e-06 1.058335e-06 9.075044e-07 4.712437e-07 1.330797e-07 0 0 0 0 0 0 0 0 0 0 0 0 0 0 0 0 0 0 0 0 0 0 0 0 0 0 0 0 0 0 0 0 0 0 0 0 0 0 0 0 0 0 0 0 0 0 0 0 0 0 0 0 0 0 0 0 0 0 0
0 0 0 0 0 0 0 0 0 0 0 0 0 0 0 0 0 0 0 1.058335e-06 1.058335e-06 1.058335e-06 1.058335e-06 1.058335e-06 9.163764e-07 6.829642e-07 4.008717e-07 8.043403e-08 0 0 0 0 0 0 0 0 0 0 0 0 0 0 0 0 0 0 0 0 0 0 0 0 0 0 0 0 0 0 0 0 0 0 0 0 0 0 0 0 0 0 0 0 0 0 0 0 0 0 0 0 0 0 0 0 0
0 0 0 0 0 0 0 0 0 0 0 0 0 0 0 0 0 0 0 1.058335e-06 1.058335e-06 1.058335e-06 1.058335e-06 1.058335e-06 1.058335e-06 1.058335e-06 6.707889e-07 1.161233e-07 0 0 0 0 0 0 0 0 0 0 0 0 0 0 0 0 0 0 0 0 0 0 0 0 0 0 0 0 0 0 0 0 0 0 0 0 0 0 0 0 0 0 0 0 0 0 0 0 0 0 0 0 0 0 0 0 0
0 0 0 0 0 0 0 0 0 0 0 0 0 0 0 0 0 0 0 1.058335e-06 1.058335e-06 1.058335e-06 1.058335e-06 1.058335e-06 1.058335e-06 1.026792e-06 4.769077e-07 0 0 0 0 0 0 0 0 0 0 0 0 0 0 0 0 0 0 0 0 0 0 0 0 0 0 0 0 0 0 0 0 0 0 0 0 0 0 0 0 0 0 0 0 0 0 0 0 0 0 0 0 0 0 0 0 0 0
0 0 0 0 0 0 0 0 0 0 0 0 0 0 0 0 0 0 1.058335e-06 1.058335e-06 1.058335e-06 1.058335e-06 1.058335e-06 1.058335e-06 1.058335e-06 7.933801e-07 2.434956e-07 0 0 0 0 0 0 0 0 0 0 0 0 0 0 0 0 0 0 0 0 0 0 0 0 0 0 0 0 0 0 0 0 0 0 0 0 0 0 0 0 0 0 0 0 0 0 0 0 0 0 0 0 0 0 0 0 0 0
0 0 0 0 0 0 0 0 0 0 0 0 0 0 0 0 0 0 1.058335e-06 1.058335e-06 1.058335e-06 1.058335e-06 1.058335e-06 1.058335e-06 1.058335e-06 5.59968e-07 1.008344e-08 0 0 0 0 0 0 0 0 0 0 0 0 0 0 0 0 0 0 0 0 0 0 0 0 0 0 0 0 0 0 0 0 0 0 0 0 0 0 0 0 0 0 0 0 0 0 0 0 0 0 0 0 0 0 0 0 0 0
0 0 0 0 0 0 0 0 0 0 0 0 0 0 0 0 0 1.058335e-06 1.058335e-06 1.058335e-06 1.058335e-06 1.058335e-06 1.058335e-06 1.058335e-06 9.607924e-07 5.0452e-07 2.39684e-08 0 0 0 0 0 0 0 0 0 0 0 0 0 0 0 0 0 0 0 0 0 0 0 0 0 0 0 0 0 0 0 0 0 0 0 0 0 0 0 0 0 0 0 0 0 0 0 0 0 0 0 0 0 0 0 0 0 0
0 0 0 0 0 0 0 0 0 0 0 0 0 0 0 0 1.058335e-06 1.058335e-06 1.058335e-06 1.058335e-06 1.058335e-06 1.058335e-06 1.058335e-06 1.058335e-06 1.051406e-06 8.293617e-07 5.738529e-07 3.404408e-07 5.664866e-08 0 0 0 0 0 0 6.35462e-08 2.235763e-07 1.229904e-07 0 0 0 0 0 0 0 0 0 0 0 0 0 0 0 0 0 0 0 0 0 0 0 0 0 0 0 0 0 0 0 0 0 0 0 0 0 0 0 0 0 0 0 0 0 0 0
0 0 0 0 0 0 0 0 0 0 0 0 0 0 0 0 1.058335e-06 1.058335e-06 1.058335e-06 1.058335e-06 1.058335e-06 1.058335e-06 1.058335e-06 1.058335e-06 1.058335e-06 1.058335e-06 1.058335e-06 7.374684e-07 2.028144e-07 0 0 0 0 0 0 3.207259e-07 7.684051e-07 6.728749e-07 4.394628e-07 1.222735e-07 0 0 0 0 0 0 0 0 0 0 0 0 0 0 0 0 0 0 0 0 0 0 0 0 0 0 0 0 0 0 0 0 0 0 0 0 0 0 0 0 0 0 0 0 0
0 0 0 0 0 0 0 0 0 0 0 0 0 0 0 0 1.058335e-06 1.058335e-06 1.058335e-06 1.058335e-06 1.058335e-06 1.058335e-06 1.058335e-06 1.058335e-06 1.058335e-06 1.058335e-06 1.058335e-06 6.432213e-07 9.333676e-08 0 0 0 0 0 5.66641e-09 2.343992e-07 6.877141e-07 9.905898e-07 8.829362e-07 2.818642e-07 0 0 0 0 0 0 0 0 0 0 0 0 0 0 0 0 0 0 0 0 0 0 0 0 0 0 0 0 0 0 0 0 0 0 0 0 0 0 0 0 0 0 0 0 0
0 0 0 0 0 0 0 0 0 0 0 0 0 0 0 0 1.091589e-06 1.058335e-06 1.058335e-06 1.058335e-06 1.058335e-06 1.058335e-06 1.058335e-06 1.058335e-06 1.058335e-06 1.058335e-06 9.596937e-07 4.098091e-07 0 0 0 0 0 0 0 0 3.84462e-07 9.215657e-07 7.110921e-07 1.612076e-07 0 0 0 0 0 0 0 0 0 0 0 0 0 0 0 0 0 0 0 0 0 0 0 0 0 0 0 0 0 0 0 0 0 0 0 0 0 0 0 0 0 0 0 0 0
0 0 0 0 0 0 0 0 0 0 0 0 0 0 0 0 1.058335e-06 1.058335e-06 1.058335e-06 1.058335e-06 1.058335e-06 1.058335e-06 1.058335e-06 1.058335e-06 1.058335e-06 1.058335e-06 7.262815e-07 1.76397e-07 0 0 0 0 0 0 0 0 3.15414e-07 8.276922e-07 4.776799e-07 0 0 0 0 0 0 0 0 0 0 0 0 0 0 0 0 0 0 0 0 0 0 0 0 0 0 0 0 0 0 0 0 0 0 0 0 0 0 0 0 0 0 0 0 0 0
0 0 0 0 0 0 0 0 0 0 0 0 0 0 0 0 1.424055e-06 1.190643e-06 1.058335e-06 1.058335e-06 1.058335e-06 1.058335e-06 1.058335e-06 1.058335e-06 1.058335e-06 1.042754e-06 4.928694e-07 0 0 0 0 0 0 1.081135e-07 2.747302e-07 1.29665e-07 5.050551e-08 2.270596e-07 1.237121e-07 0 0 0 0 0 0 0 0 0 0 0 0 0 0 0 0 0 0 0 0 0 0 0 0 0 0 0 0 0 0 0 0 0 0 0 0 0 0 0 0 0 0 0 0 0 0
0 0 0 0 0 0 0 0 0 0 0 0 0 0 0 0 0 1.686859e-06 1.238635e-06 1.058335e-06 1.058335e-06 1.058335e-06 1.058335e-06 1.058335e-06 1.058335e-06 8.093418e-07 2.594573e-07 0 0 0 0 0 0 3.666833e-07 8.636175e-07 4.063188e-07 2.375015e-08 0 0 0 0 0 0 0 3.518667e-08 0 0 0 0 0 0 0 0 0 0 0 0 0 0 0 0 0 0 0 0 0 0 0 0 0 0 0 0 0 0 0 0 0 0 0 0 0 0 0 0
0 0 0 0 0 0 0 0 0 0 0 0 0 0 0 0 0 0 1.239302e-06 1.058335e-06 1.058335e-06 1.058335e-06 1.058335e-06 1.058335e-06 1.058335e-06 7.68792e-07 2.110794e-07 0 0 0 0 0 1.415199e-08 2.362982e-07 5.375231e-07 2.971008e-07 0 0 0 0 0 0 0 0 0 0 0 0 0 0 0 0 0 0 0 0 0 0 0 0 0 0 0 0 0 0 0 0 0 0 0 0 0 0 0 0 0 0 0 0 0 0 0 0 0
0 0 0 0 0 0 0 0 0 0 0 0 0 0 0 0 0 0 0 0 1.058335e-06 1.058335e-06 1.058335e-06 1.058335e-06 1.058335e-06 1.000617e-06 7.395873e-07 5.061752e-07 2.086401e-07 9.654294e-09 0 0 0 0 4.491735e-08 3.872307e-08 0 0 0 0 0 0 0 0 0 0 0 0 0 0 0 0 0 0 0 0 0 0 0 0 0 0 0 0 0 0 0 0 0 0 0 0 0 0 0 0 0 0 0 0 0 0 0 0 0
0 0 0 0 0 0 0 0 0 0 0 0 0 0 0 0 0 0 0 0 0 0 1.094335e-06 1.058335e-06 1.058335e-06 1.058335e-06 1.058335e-06 1.05606e-06 4.478221e-07 1.46083e-08 0 0 0 0 0 0 0 0 0 0 0 0 0 0 0 0 0 0 0 0 0 0 0 0 0 0 0 0 0 0 0 0 0 0 0 0 0 0 0 0 0 0 0 0 0 0 0 0 0 0 0 0 0 0 0
0 0 0 0 0 0 0 0 0 0 0 0 0 0 0 0 0 0 0 0 0 0 0 1.44814e-06 1.134541e-06 1.058335e-06 1.058335e-06 8.925951e-07 3.427106e-07 0 0 0 0 0 0 0 0 0 0 0 0 0 0 0 0 0 0 0 0 0 0 0 0 0 0 0 0 0 0 0 0 0 0 0 0 0 0 0 0 0 0 0 0 0 0 0 0 0 0 0 0 0 0 0 0
0 0 0 0 0 0 0 0 0 0 0 0 0 0 0 0 0 0 0 0 0 0 0 1.740417e-06 1.19259e-06 1.058335e-06 1.058335e-06 6.739514e-07 1.092985e-07 0 0 0 0 0 0 0 0 0 0 0 0 0 0 0 0 0 0 0 0 0 0 0 0 0 0 0 0 0 0 0 0 0 0 0 0 0 0 0 0 0 0 0 0 0 0 0 0 0 0 0 0 0 0 0 0
0 0 0 0 0 0 0 0 0 0 0 0 0 0 0 0 0 0 0 0 0 0 0 0 1.058335e-06 1.058335e-06 1.039908e-06 7.778401e-07 3.556303e-07 1.222181e-07 0 0 0 0 0 0 0 0 0 0 0 0 0 0 0 0 0 0 0 0 0 0 0 0 0 0 0 0 0 0 0 0 0 0 0 0 0 0 0 0 0 0 0 0 0 0 0 0 0 0 0 0 0 0 0
0 0 0 0 0 0 0 0 0 0 0 0 0 0 0 0 0 0 0 0 0 0 0 0 1.058335e-06 1.058335e-06 1.058335e-06 1.058335e-06 9.055148e-07 6.721026e-07 2.733179e-07 2.123735e-08 0 0 0 0 0 0 0 0 0 0 0 1.391101e-07 0 0 0 0 0 0 0 0 0 0 0 0 0 0 0 0 0 0 0 0 0 0 0 0 0 0 0 0 0 0 0 0 0 0 0 0 0 0 0 0 0
0 0 0 0 0 0 0 0 0 0 0 0 0 0 0 0 0 0 0 0 0 0 0 0 0 1.058335e-06 1.058335e-06 1.058335e-06 1.058335e-06 9.758484e-07 3.978864e-07 0 0 0 0 0 0 0 0 0 0 0 0 0 0 0 0 0 0 0 0 0 0 0 0 0 0 0 0 0 0 0 0 0 0 0 0 0 0 0 0 0 0 0 0 0 0 0 0 0 0 0 0 0 0
0 0 0 0 0 0 0 0 0 0 0 0 0 0 0 0 0 0 0 0 0 0 0 0 0 1.058335e-06 1.058335e-06 1.058335e-06 1.058335e-06 7.424363e-07 1.925518e-07 0 0 0 0 0 0 0 0 0 0 0 1.081188e-08 0 0 0 0 0 0 0 0 0 0 0 0 0 0 0 0 0 0 0 0 0 0 0 0 0 0 0 0 0 0 0 0 0 0 0 0 0 0 0 0 0 0
0 0 0 0 0 0 0 0 0 0 0 0 0 0 0 0 0 0 0 0 0 0 0 0 0 1.058335e-06 1.058335e-06 1.058335e-06 1.058335e-06 5.090242e-07 0 0 0 0 0 0 0 0 0 0 0 0 0 0 0 0 0 0 0 0 0 0 0 0 0 0 0 0 0 0 0 0 0 0 0 0 0 0 0 0 0 0 0 0 0 0 0 0 0 0 0 0 0 0 0
0 0 0 0 0 0 0 0 0 0 0 0 0 0 0 0 0 0 0 0 0 0 0 0 0 1.058335e-06 1.058335e-06 1.058335e-06 8.254966e-07 2.75612e-07 0 0 0 0 0 0 0 0 0 0 0 0 0 9.024645e-09 0 0 0 0 0 0 0 0 0 0 0 0 0 0 0 0 0 0 0 0 0 0 0 0 0 0 0 0 0 0 0 0 0 0 0 0 0 0 0 0 0
0 0 0 0 0 0 0 0 0 0 0 0 0 0 0 0 0 0 0 0 0 0 0 0 0 1.058335e-06 1.058335e-06 1.058335e-06 8.035187e-07 2.788892e-07 6.819451e-09 0 0 0 0 0 0 0 0 0 0 0 0 2.118297e-07 0 0 0 0 0 0 0 0 0 0 0 0 0 0 0 0 0 0 0 0 0 0 0 0 0 0 0 0 0 0 0 0 0 0 0 0 0 0 0 0 0
0 0 0 0 0 0 0 0 0 0 0 0 0 0 0 0 0 0 0 0 0 0 0 0 0 1.058335e-06 1.058335e-06 1.058335e-06 1.039481e-06 6.525152e-07 1.687581e-07 0 0 0 0 0 0 0 0 0 0 0 0 1.612875e-07 5.729909e-07 0 0 0 0 0 0 0 0 0 0 0 0 0 0 0 0 0 0 0 0 0 0 0 0 0 0 0 0 0 0 0 0 0 0 0 0 0 0 0 0
0 0 0 0 0 0 0 0 0 0 0 0 0 0 0 0 0 0 0 0 0 0 0 0 0 1.058335e-06 1.058335e-06 1.058335e-06 1.058335e-06 7.492431e-07 1.34047e-07 0 0 0 0 0 0 0 0 0 0 0 0 0 3.822311e-08 0 0 0 0 0 0 0 0 0 0 0 0 0 0 0 0 0 0 0 0 0 0 0 0 0 0 0 0 0 0 0 0 0 0 0 0 0 0 0 0
0 0 0 0 0 0 0 0 0 0 0 0 0 0 0 0 0 0 0 0 0 0 0 0 0 1.058335e-06 1.058335e-06 1.058335e-06 1.058335e-06 9.212371e-07 5.189952e-07 1.258048e-07 0 0 0 0 0 0 0 0 0 0 0 0 0 0 0 0 0 0 0 0 0 0 0 0 0 0 0 0 0 0 0 0 0 0 0 0 0 0 0 0 0 0 0 0 0 0 0 0 0 0 0 0 0
0 0 0 0 0 0 0 0 0 0 0 0 0 0 0 0 0 0 0 0 0 0 0 0 0 1.058335e-06 1.058335e-06 1.058335e-06 1.058335e-06 1.058335e-06 6.753377e-07 1.091616e-07 0 0 0 0 0 0 0 0 0 0 0 0 0 1.64582e-07 0 0 0 0 0 0 0 0 0 0 0 0 0 0 0 0 0 0 0 0 0 0 0 0 0 0 0 0 0 0 0 0 0 0 0 0 0 0 0
0 0 0 0 0 0 0 0 0 0 0 0 0 0 0 0 0 0 0 0 0 0 0 0 0 1.058335e-06 1.058335e-06 1.058335e-06 1.058335e-06 9.918101e-07 4.419256e-07 0 0 0 0 0 0 0 0 0 0 0 0 0 0 2.777752e-07 0 0 0 0 0 0 0 0 0 0 0 0 0 0 0 0 0 0 0 0 0 0 0 0 0 0 0 0 0 0 0 0 0 0 0 0 0 0 0
0 0 0 0 0 0 0 0 0 0 0 0 0 0 0 0 0 0 0 0 0 0 0 0 1.058335e-06 1.058335e-06 1.058335e-06 1.058335e-06 1.058335e-06 7.58398e-07 2.085135e-07 0 0 0 0 0 0 0 0 0 0 0 0 0 3.438855e-09 0 0 0 0 0 0 0 0 0 0 0 0 0 0 0 0 0 0 0 0 0 0 0 0 0 0 0 0 0 0 0 0 0 0 0 0 0 0 0 0
0 0 0 0 0 0 0 0 0 0 0 0 0 0 0 0 0 0 0 0 0 0 0 0 1.058335e-06 1.058335e-06 1.058335e-06 1.058335e-06 1.058335e-06 5.249859e-07 0 0 0 0 0 0 0 0 0 0 0 0 0 0 1.769167e-07 0 0 0 0 0 0 0 0 0 0 0 0 0 0 0 0 0 0 0 0 0 0 0 0 0 0 0 0 0 0 0 0 0 0 0 0 0 0 0 0
0 0 0 0 0 0 0 0 0 0 0 0 0 0 0 0 0 0 0 0 0 0 0 0 9.923674e-07 8.725105e-07 1.004181e-06 1.058335e-06 8.414583e-07 2.915737e-07 0 0 0 0 0 0 0 0 0 0 0 0 0 0 5.48346e-07 0 0 0 0 0 0 0 0 0 0 0 0 0 0 0 0 0 0 0 0 0 0 0 0 0 0 0 0 0 0 0 0 0 0 0 0 0 0 0 0
0 0 0 0 0 0 0 0 0 0 0 0 0 0 0 0 0 0 0 0 0 0 0 0 6.952625e-07 3.324793e-07 4.542966e-07 6.877088e-07 5.292122e-07 5.816162e-08 0 0 0 0 0 0 0 0 0 0 0 0 0 2.318736e-07 0 0 0 0 0 0 0 0 0 0 0 0 0 0 0 0 0 0 0 0 0 0 0 0 0 0 0 0 0 0 0 0 0 0 0 0 0 0 0 0 0
0 0 0 0 0 0 0 0 0 0 0 0 0 0 0 0 0 0 0 0 0 0 0 0 7.767917e-07 3.29e-07 9.558787e-08 1.203976e-07 1.314118e-07 0 0 0 0 0 0 0 0 0 0 0 0 0 0 4.652857e-07 0 0 0 0 0 0 0 0 0 0 0 0 0 0 0 0 0 0 0 0 0 0 0 0 0 0 0 0 0 0 0 0 0 0 0 0 0 0 0 0 0
0 0 0 0 0 0 0 0 0 0 0 0 0 0 0 0 0 0 0 0 0 0 0 0 1.058335e-06 8.788845e-07 6.454724e-07 4.120603e-07 1.786481e-07 0 0 0 0 0 0 0 0 0 0 0 0 0 1.36737e-07 0 0 0 0 0 0 0 0 0 0 0 0 0 0 0 0 0 0 0 0 0 0 0 0 0 0 0 0 0 0 0 0 0 0 0 0 0 0 0 0 0 0
0 0 0 0 0 0 0 0 0 0 0 0 0 0 0 0 0 0 0 0 0 0 0 1.058335e-06 1.058335e-06 1.058335e-06 1.058335e-06 9.619448e-07 6.650711e-07 1.94739e-07 0 0 0 0 0 0 0 0 0 0 0 0 1.526129e-07 0 0 0 0 0 0 0 0 0 0 0 0 0 0 0 0 0 0 0 0 0 0 0 0 0 0 0 0 0 0 0 0 0 0 0 0 0 0 0 0 0 0
0 0 0 0 0 0 0 0 0 0 0 0 0 0 0 0 0 0 0 0 0 0 0 1.058335e-06 1.058335e-06 1.058335e-06 1.058335e-06 1.058335e-06 7.32733e-07 1.805454e-07 0 0 0 0 0 0 0 0 0 0 0 0 0 0 0 0 0 0 0 0 0 0 0 0 0 0 0 0 0 0 0 0 0 0 0 0 0 0 0 0 0 0 0 0 0 0 0 0 0 0 0 0 0 0 0
0 0 0 0 0 0 0 0 0 0 0 0 0 0 0 0 0 0 0 0 0 0 0 1.058335e-06 1.058335e-06 1.058335e-06 9.710616e-07 1.049205e-06 4.993209e-07 0 0 0 0 0 0 0 0 0 0 0 0 0 0 0 0 0 0 0 0 0 0 0 0 0 0 0 0 0 0 0 0 0 0 0 0 0 0 0 0 0 0 0 0 0 0 0 0 0 0 0 0 0 0 0 0
0 0 0 0 0 0 0 0 0 0 0 0 0 0 0 0 0 0 0 0 0 0 0 1.058335e-06 1.058335e-06 8.755801e-07 5.415069e-07 4.3429e-07 2.002026e-07 0 0 0 0 0 0 0 0 0 0 0 0 0 0 0 0 0 0 0 0 0 0 0 0 0 0 0 0 0 0 0 0 0 0 0 0 0 0 0 0 0 0 0 0 0 0 0 0 0 0 0 0 0 0 0 0
0 0 0 0 0 0 0 0 0 0 0 0 0 0 0 0 0 0 0 0 0 0 0 1.058335e-06 1.058335e-06 6.238148e-07 7.393026e-08 7.441696e-09 7.582268e-09 0 0 0 0 0 0 0 0 0 0 0 0 0 0 0 0 0 0 0 0 0 0 0 0 0 0 0 0 0 0 0 0 0 0 0 0 0 0 0 0 0 0 0 0 0 0 0 0 0 0 0 0 0 0 0 0
0 0 0 0 0 0 0 0 0 0 0 0 0 0 0 0 0 0 0 0 0 0 0 1.058335e-06 9.402872e-07 3.904026e-07 0 0 0 0 0 0 0 0 0 0 0 0 0 0 0 0 0 0 0 0 0 0 0 0 0 0 0 0 0 0 0 0 0 0 0 0 0 0 0 0 0 0 0 0 0 0 0 0 0 0 0 0 0 0 0 0 0 0 0
0 0 0 0 0 0 0 0 0 0 0 0 0 0 0 0 0 0 0 0 0 0 0 1.058335e-06 7.06875e-07 1.569905e-07 0 0 0 0 0 0 0 0 0 0 0 0 0 0 0 1.637865e-07 0 0 0 0 0 0 0 0 0 0 0 0 0 0 0 0 0 0 0 0 0 0 0 0 0 0 0 0 0 0 0 0 0 0 0 0 0 0 0 0 0 0 0
0 0 0 0 0 0 0 0 0 0 0 0 0 0 0 0 0 0 0 0 0 0 0 5.852192e-07 3.751786e-07 0 0 0 0 0 0 0 0 0 0 0 0 0 0 0 0 2.209558e-07 0 0 0 0 0 0 0 0 0 0 0 0 0 0 0 0 0 0 0 0 0 0 0 0 0 0 0 0 0 0 0 0 0 0 0 0 0 0 0 0 0 0 0
0 0 0 0 0 0 0 0 0 0 0 0 0 0 0 0 0 0 0 0 0 0 0 4.130782e-08 6.549524e-08 0 0 0 0 0 0 0 0 0 0 0 0 0 0 0 0 1.41913e-08 0 0 0 0 0 0 0 0 0 0 0 0 0 0 0 0 0 0 0 0 0 0 0 0 0 0 0 0 0 0 0 0 0 0 0 0 0 0 0 0 0 0 0
0 0 0 0 0 0 0 0 0 0 0 0 0 0 0 0 0 0 0 0 0 0 0 0 0 0 0 0 0 0 0 0 0 0 0 0 0 0 0 0 0 0 0 0 0 0 0 0 0 0 0 0 0 0 0 0 0 0 0 0 0 0 0 0 0 0 0 0 0 0 0 0 0 0 0 0 0 0 0 0 0 0 0 0 0
0 0 0 0 0 0 0 0 0 0 0 0 0 0 0 0 0 0 0 0 0 0 0 0 0 0 0 0 0 0 0 0 0 0 0 0 0 0 0 0 0 0 0 0 0 0 0 0 0 0 0 0 0 0 0 0 0 0 0 0 0 0 0 0 0 0 0 0 0 0 0 0 0 0 0 0 0 0 0 0 0 0 0 0 0
0 0 0 0 0 0 0 0 0 0 0 0 0 0 0 0 0 0 0 0 0 0 4.649634e-07 4.54264e-08 0 0 0 0 0 0 0 0 0 0 0 0 0 0 0 0 0 0 0 0 0 0 0 0 0 0 0 0 0 0 0 0 0 0 0 0 0 0 0 0 0 0 0 0 0 0 0 0 0 0 0 0 0 0 0 0 0 0 0 0 0
0 0 0 0 0 0 0 0 0 0 0 0 0 0 0 0 0 0 0 0 0 0 5.669645e-07 2.378648e-08 0 0 0 0 0 0 0 0 0 0 0 0 0 0 0 0 0 0 0 0 0 0 0 0 0 0 0 0 0 0 0 0 0 0 0 0 0 0 0 0 0 0 0 0 0 0 0 0 0 0 0 0 0 0 0 0 0 0 0 0 0
0 0 0 0 0 0 0 0 0 0 0 0 0 0 0 0 0 0 0 0 0 0 8.512241e-07 3.716558e-07 4.268545e-08 4.373475e-08 0 0 0 0 0 0 0 0 0 0 0 0 0 0 0 0 0 0 0 0 0 0 0 0 0 0 0 0 0 0 0 0 0 0 0 0 0 0 0 0 0 0 0 0 0 0 0 0 0 0 0 0 0 0 0 0 0 0 0
0 0 0 0 0 0 0 0 0 0 0 0 0 0 0 0 0 0 0 0 0 0 9.976825e-07 4.47798e-07 8.622335e-08 4.068715e-07 3.691438e-07 6.677169e-08 0 0 0 0 0 0 0 0 0 0 0 0 0 0 0 0 0 0 0 0 0 0 0 0 0 0 0 0 0 0 0 0 0 0 0 0 0 0 0 0 0 0 0 0 0 0 0 0 0 0 0 0 0 0 0 0 0
0 0 0 0 0 0 0 0 0 0 0 0 0 0 0 0 0 0 0 0 0 0 7.642703e-07 2.143858e-07 3.354987e-07 8.853832e-07 6.289979e-07 9.239785e-08 0 0 0 0 0 0 0 0 0 0 0 0 0 0 0 0 0 0 0 0 0 0 0 0 0 0 0 0 0 0 0 0 0 0 0 0 0 0 0 0 0 0 0 0 0 0 0 0 0 0 0 0 0 0 0 0 0
0 0 0 0 0 0 0 0 0 0 0 0 0 0 0 0 0 0 0 0 0 1.058335e-06 7.022107e-07 1.274329e-07 5.689108e-07 1.037973e-06 7.181704e-07 2.350781e-07 1.666002e-09 0 0 0 0 0 0 0 0 0 0 0 0 0 0 0 0 0 0 0 0 0 0 0 0 0 0 0 0 0 0 0 0 0 0 0 0 0 0 0 0 0 0 0 0 0 0 0 0 0 0 0 0 0 0 0 0
0 0 0 0 0 0 0 0 0 0 0 0 0 0 0 0 0 0 0 0 0 1.058335e-06 9.399622e-07 7.552225e-07 9.055817e-07 1.058335e-06 1.026477e-06 7.849626e-07 5.515505e-07 2.048896e-07 1.054433e-08 0 0 0 0 0 0 0 0 0 0 0 0 0 0 0 0 0 0 0 0 0 0 0 0 0 0 0 0 0 0 0 0 0 0 0 0 0 0 0 0 0 0 0 0 0 0 0 0 0 0 0 0 0 0
0 0 0 0 0 0 0 0 0 0 0 0 0 0 0 0 0 0 0 0 0 1.058335e-06 1.058335e-06 1.058335e-06 1.056593e-06 1.058335e-06 1.049261e-06 9.097463e-07 9.574233e-07 3.675905e-07 0 0 0 0 0 0 0 0 0 0 0 0 0 0 0 0 0 0 0 0 0 0 0 0 0 0 0 0 0 0 0 0 0 0 0 0 0 0 0 0 0 0 0 0 0 0 0 0 0 0 0 0 0 0 0
0 0 0 0 0 0 0 0 0 0 0 0 0 0 0 0 0 0 0 0 1.058335e-06 1.058335e-06 1.058335e-06 1.058335e-06 1.058335e-06 1.058335e-06 8.060901e-07 4.319961e-07 3.362203e-07 1.418027e-07 0 0 0 0 0 0 0 0 0 0 0 0 0 0 0 0 0 0 0 0 0 0 0 0 0 0 0 0 0 0 0 0 0 0 0 0 0 0 0 0 0 0 0 0 0 0 0 0 0 0 0 0 0 0 0
0 0 0 0 0 0 0 0 0 0 0 0 0 0 0 0 0 0 0 0 1.058335e-06 1.058335e-06 1.058335e-06 1.058335e-06 1.058335e-06 1.058335e-06 5.726779e-07 2.279342e-08 0 0 0 0 0 0 0 0 0 0 0 0 0 0 0 0 0 0 0 0 0 0 0 0 0 0 0 0 0 0 0 0 0 0 0 0 0 0 0 0 0 0 0 0 0 0 0 0 0 0 0 0 0 0 0 0 0
0 0 0 0 0 0 0 0 0 0 0 0 0 0 0 0 0 0 0 0 1.058335e-06 1.058335e-06 1.058335e-06 1.058335e-06 1.058335e-06 8.891503e-07 3.392658e-07 0 0 0 0 0 0 0 0 0 0 0 0 0 0 0 0 0 0 0 0 0 0 0 0 0 0 0 0 0 0 0 0 0 0 0 0 0 0 0 0 0 0 0 0 0 0 0 0 0 0 0 0 0 0 0 0 0 0
0 0 0 0 0 0 0 0 0 0 0 0 0 0 0 0 0 0 0 0 1.058335e-06 1.058335e-06 1.058335e-06 1.058335e-06 1.058335e-06 6.557382e-07 1.058537e-07 0 0 0 0 0 0 0 0 0 0 0 0 0 0 0 0 0 0 0 0 0 0 0 0 0 0 0 0 0 0 0 0 0 0 0 0 0 0 0 0 0 0 0 0 0 0 0 0 0 0 0 0 0 0 0 0 0 0
0 0 0 0 0 0 0 0 0 0 0 0 0 0 0 0 0 0 0 0 1.058335e-06 1.058335e-06 1.058335e-06 1.058335e-06 1.017063e-06 6.132801e-07 7.417484e-08 0 0 0 0 0 0 0 0 0 0 0 0 0 0 0 0 0 0 0 0 0 0 0 0 0 0 0 0 0 0 0 0 0 0 0 0 0 0 0 0 0 0 0 0 0 0 0 0 0 0 0 0 0 0 0 0 0 0
0 0 0 0 0 0 0 0 0 0 0 0 0 0 0 0 0 0 0 0 1.058335e-06 1.058335e-06 1.058335e-06 1.058335e-06 1.058335e-06 9.016767e-07 4.179072e-07 5.585372e-08 0 0 0 0 0 0 0 0 0 0 0 0 0 0 0 0 0 0 0 0 0 0 0 0 0 0 0 0 0 0 0 0 0 0 0 0 0 0 0 0 0 0 0 0 0 0 0 0 0 0 0 0 0 0 0 0 0
0 0 0 0 0 0 0 0 0 0 0 0 0 0 0 0 0 0 0 0 1.058335e-06 1.058335e-06 1.058335e-06 1.058335e-06 1.058335e-06 1.013837e-06 4.639527e-07 0 0 0 0 0 0 0 0 0 0 0 0 0 0 0 0 0 0 0 0 0 0 0 0 0 0 0 0 0 0 0 0 0 0 0 0 0 0 0 0 0 0 0 0 0 0 0 0 0 0 0 0 0 0 0 0 0 0
0 0 0 0 0 0 0 0 0 0 0 0 0 0 0 0 0 0 0 1.058335e-06 1.058335e-06 1.058335e-06 1.058335e-06 1.058335e-06 1.058335e-06 7.804251e-07 2.305406e-07 1.334441e-07 1.715188e-07 0 0 0 0 0 0 0 0 0 0 0 0 0 0 0 0 0 0 0 0 0 0 0 0 0 0 0 0 0 0 0 0 0 0 0 0 0 0 0 0 0 0 0 0 0 0 0 0 0 0 0 0 0 0 0 0
0 0 0 0 0 0 0 0 0 0 0 0 0 0 0 0 0 0 0 1.058335e-06 1.058335e-06 1.058335e-06 1.058335e-06 1.058335e-06 1.058335e-06 7.405676e-07 1.696252e-07 5.181781e-07 7.269562e-07 2.303795e-07 0 0 0 0 0 0 0 0 0 0 0 0 0 0 0 0 0 0 0 0 0 0 0 0 0 0 0 0 0 0 0 0 0 0 0 0 0 0 0 0 0 0 0 0 0 0 0 0 0 0 0 0 0 0 0
0 0 0 0 0 0 0 0 0 0 0 0 0 0 0 0 0 0 0 1.058335e-06 1.058335e-06 1.058335e-06 1.058335e-06 1.058335e-06 1.058335e-06 9.824561e-07 7.932778e-07 9.105539e-07 8.462908e-07 2.439144e-07 0 0 0 0 0 0 0 0 0 0 0 0 0 0 0 0 0 0 0 0 0 0 0 0 0 0 0 0 0 0 0 0 0 0 0 0 0 0 0 0 0 0 0 0 0 0 0 0 0 0 0 0 0 0 0
0 0 0 0 0 0 0 0 0 0 0 1.058335e-06 1.058335e-06 0 0 0 0 0 1.058335e-06 1.058335e-06 1.058335e-06 1.058335e-06 1.058335e-06 1.058335e-06 1.058335e-06 1.058335e-06 1.058335e-06 1.057428e-06 9.336443e-07 5.653057e-07 1.592955e-07 0 0 0 0 0 0 0 0 0 0 0 0 0 0 0 0 0 0 0 0 0 0 0 0 0 0 0 0 0 0 0 0 0 0 0 0 0 0 0 0 0 0 0 0 0 0 0 0 0 0 0 0 0 0
0 0 0 0 0 0 0 0 0 0 0 1.058335e-06 1.058335e-06 0 0 0 0 0 1.058335e-06 1.058335e-06 1.058335e-06 1.058335e-06 1.058335e-06 1.058335e-06 1.058335e-06 1.058335e-06 1.058335e-06 1.058335e-06 1.058335e-06 8.352478e-07 2.272928e-07 0 0 0 0 0 0 0 0 0 0 0 0 0 0 0 0 0 0 0 0 0 0 0 0 0 0 0 0 0 0 0 0 0 0 0 0 0 0 0 0 0 0 0 0 0 0 0 0 0 0 0 0 0 0
0 0 0 0 0 0 0 0 0 0 0 1.058335e-06 1.058335e-06 0 0 0 0 0 1.058335e-06 1.058335e-06 1.058335e-06 1.058335e-06 1.058335e-06 1.058335e-06 1.058335e-06 1.058335e-06 1.058335e-06 1.058335e-06 1.058335e-06 8.586329e-07 3.999179e-07 7.310961e-08 0 0 0 0 0 0 0 0 0 0 0 0 0 0 0 0 0 0 0 0 0 0 0 0 0 0 0 0 0 0 0 0 0 0 0 0 0 0 0 0 0 0 0 0 0 0 0 0 0 0 0 0 0
0 0 0 0 0 0 0 0 0 0 0 1.058335e-06 1.058335e-06 1.058335e-06 0 0 0 1.058335e-06 1.058335e-06 1.058335e-06 1.058335e-06 1.058335e-06 1.058335e-06 1.058335e-06 1.058335e-06 1.058335e-06 1.058335e-06 1.058335e-06 1.058335e-06 1.058335e-06 7.547468e-07 2.050753e-07 0 0 0 0 0 0 0 0 0 0 0 0 0 0 0 0 0 0 0 0 0 0 0 0 0 0 0 0 0 0 0 0 0 0 0 0 0 0 0 0 0 0 0 0 0 0 0 0 0 0 0 0 0
0 0 0 0 0 0 0 0 0 0 0 1.058335e-06 1.058335e-06 1.058335e-06 0 0 0 1.058335e-06 1.058335e-06 1.058335e-06 1.058335e-06 1.058335e-06 1.058335e-06 1.058335e-06 1.058335e-06 1.058335e-06 1.058335e-06 1.058335e-06 1.058335e-06 1.058335e-06 6.304594e-07 8.057485e-08 0 0 0 0 0 0 0 0 0 0 0 0 0 0 0 0 0 0 0 0 0 0 0 1.27431e-07 3.608431e-07 0 0 0 0 0 0 0 0 0 0 0 0 0 0 0 0 0 0 0 0 0 0 0 0 0 0 0 0
0 0 0 0 0 0 0 0 0 0 0 1.058335e-06 1.058335e-06 1.058335e-06 0 0 0 1.058335e-06 1.058335e-06 1.058335e-06 1.058335e-06 1.058335e-06 1.058335e-06 1.058335e-06 1.058335e-06 1.058335e-06 1.058335e-06 1.058335e-06 1.058335e-06 9.469317e-07 3.970472e-07 0 0 0 0 0 0 0 0 0 0 0 0 0 0 0 0 0 0 0 0 0 0 0 0 0 0 4.437075e-08 2.297445e-07 1.571874e-07 0 0 0 0 0 0 0 0 0 0 0 0 0 0 0 0 0 0 0 0 0 0 0 0 0
0 0 0 0 0 0 0 0 0 0 0 0 1.058335e-06 1.058335e-06 0 0 1.058335e-06 1.058335e-06 1.058335e-06 1.058335e-06 1.058335e-06 1.058335e-06 1.058335e-06 1.058335e-06 1.058335e-06 1.058335e-06 1.058335e-06 1.058335e-06 1.058335e-06 7.135196e-07 1.636351e-07 0 0 0 0 0 0 0 0 0 0 0 0 0 0 0 0 0 0 0 0 0 0 0 0 0 0 0 0 0 0 0 0 0 0 0 0 0 0 0 0 0 0 0 0 0 0 0 0 0 0 0 0 0 0
0 0 0 0 0 0 0 0 0 0 0 0 1.058335e-06 1.058335e-06 1.058335e-06 0 1.058335e-06 1.058335e-06 1.058335e-06 1.058335e-06 1.058335e-06 1.058335e-06 1.058335e-06 1.058335e-06 1.058335e-06 1.058335e-06 1.058335e-06 1.058335e-06 1.029992e-06 4.801075e-07 0 0 0 0 0 0 0 0 0 0 0 0 0 0 0 0 0 0 0 0 0 0 0 0 0 0 0 0 0 0 0 0 0 7.312207e-08 4.231497e-07 6.080699e-07 0 0 0 0 0 0 0 0 0 0 0 0 0 0 0 0 0 0 0
0 0 0 0 0 0 0 0 0 0 0 1.058335e-06 1.058335e-06 1.058335e-06 1.058335e-06 1.058335e-06 1.058335e-06 1.058335e-06 1.058335e-06 1.058335e-06 1.058335e-06 1.058335e-06 1.058335e-06 1.058335e-06 1.058335e-06 1.058335e-06 1.058335e-06 1.058335e-06 7.965799e-07 2.466954e-07 0 0 1.049757e-08 0 0 0 0 0 0 0 0 0 0 0 0 0 0 0 0 0 0 0 0 0 0 0 0 0 0 0 0 0 0 0 2.722988e-08 1.384487e-07 4.372928e-09 0 0 0 0 0 0 0 0 0 0 0 0 0 0 0 0 0 0
0 0 0 0 0 0 0 0 0 0 0 1.058335e-06 1.058335e-06 1.058335e-06 1.058335e-06 1.058335e-06 1.058335e-06 1.058335e-06 1.058335e-06 1.058335e-06 1.058335e-06 1.058335e-06 1.058335e-06 1.058335e-06 1.058335e-06 1.058335e-06 1.058335e-06 1.058335e-06 7.7719e-07 2.34495e-07 0 2.169218e-08 3.179399e-07 3.257832e-07 4.781149e-08 0 0 0 0 0 0 0 0 0 0 0 0 0 0 0 0 0 0 0 0 0 0 0 0 0 0 0 0 0 0 0 0 1.308681e-07 0 0 0 0 0 0 0 0 0 0 0 0 0 0 0 0 0
0 0 0 0 0 0 0 0 0 0 1.058335e-06 1.058335e-06 1.058335e-06 1.058335e-06 1.058335e-06 1.058335e-06 1.058335e-06 1.058335e-06 1.058335e-06 1.058335e-06 1.058335e-06 1.058335e-06 1.058335e-06 1.058335e-06 1.058335e-06 1.058335e-06 1.058335e-06 1.027539e-06 1.023215e-06 6.129387e-07 1.472471e-07 1.856682e-07 7.549615e-07 6.413317e-07 1.29132e-07 0 0 0 0 0 0 0 0 0 0 0 0 0 0 0 0 0 0 0 0 0 0 0 0 0 0 0 0 0 0 0 0 0 0 0 0 0 0 0 0 0 0 0 0 0 0 0 0 0 0
0 0 0 0 0 0 0 0 0 0 1.058335e-06 1.058335e-06 1.058335e-06 1.058335e-06 1.058335e-06 1.058335e-06 1.058335e-06 1.058335e-06 1.058335e-06 1.058335e-06 1.058335e-06 1.058335e-06 1.058335e-06 1.058335e-06 1.058335e-06 1.058335e-06 1.058335e-06 7.731909e-07 6.048798e-07 4.530968e-07 5.32473e-08 9.417775e-08 4.292431e-07 3.295244e-07 0 0 0 0 0 0 0 0 0 0 0 0 0 0 0 0 0 0 0 0 0 0 0 0 0 0 0 0 0 0 0 0 0 0 0 0 0 0 0 0 0 0 0 0 0 0 0 0 0 0 0
0 0 0 0 0 0 0 0 0 1.058335e-06 1.058335e-06 1.058335e-06 1.058335e-06 1.058335e-06 1.058335e-06 1.058335e-06 1.058335e-06 1.058335e-06 1.058335e-06 1.058335e-06 1.058335e-06 1.058335e-06 1.058335e-06 1.058335e-06 1.058335e-06 1.058335e-06 1.004018e-06 5.493387e-07 8.340767e-09 8.526939e-08 0 0 0 3.225191e-08 0 0 6.860753e-08 5.140268e-09 0 0 0 0 0 0 0 0 0 0 0 0 0 0 0 0 0 0 0 0 0 0 0 0 0 0 0 0 0 0 0 0 0 0 0 0 0 0 0 0 0 0 0 0 0 0 0
0 0 0 0 0 0 0 0 0 1.058335e-06 1.058335e-06 1.058335e-06 1.058335e-06 1.058335e-06 1.058335e-06 1.058335e-06 1.058335e-06 1.058335e-06 1.058335e-06 1.058335e-06 1.058335e-06 1.058335e-06 1.058335e-06 1.058335e-06 1.058335e-06 1.058335e-06 1.042414e-06 8.219624e-07 3.511645e-07 4.000787e-08 0 0 0 0 9.264417e-08 0 4.000968e-07 5.562645e-07 3.228524e-07 8.359231e-08 0 0 0 0 0 0 0 0 0 0 0 0 0 0 0 0 0 0 0 0 0 0 0 0 0 0 0 0 0 0 0 0 0 0 0 0 0 0 0 0 0 0 0 0 0
0 0 0 0 0 0 0 0 0 1.058335e-06 1.058335e-06 1.058335e-06 1.058335e-06 1.058335e-06 1.058335e-06 1.058335e-06 1.058335e-06 1.058335e-06 1.058335e-06 1.058335e-06 1.058335e-06 1.058335e-06 1.058335e-06 1.058335e-06 1.058335e-06 1.058335e-06 1.058335e-06 1.017864e-06 4.726174e-07 0 0 0 0 1.653575e-07 5.147e-07 6.275261e-07 8.463441e-07 1.058335e-06 8.727369e-07 4.565225e-07 7.894797e-08 0 0 0 0 0 0 0 0 0 0 0 0 0 0 0 0 0 0 0 0 0 0 0 0 0 0 0 0 0 0 0 0 0 0 0 0 0 0 0 0 0 0 0 0
0 0 0 0 0 0 0 0 0 1.058335e-06 1.058335e-06 1.058335e-06 1.058335e-06 1.058335e-06 1.058335e-06 1.058335e-06 1.058335e-06 1.058335e-06 1.058335e-06 1.058335e-06 1.058335e-06 1.058335e-06 1.058335e-06 1.058335e-06 1.058335e-06 1.058335e-06 1.058335e-06 9.922912e-07 6.812728e-07 2.400903e-07 1.950029e-08 0 0 2.277071e-07 7.439056e-07 1.052149e-06 1.046463e-06 1.058335e-06 1.058335e-06 5.885979e-07 0 0 0 0 0 0 0 0 0 0 0 0 0 0 0 0 0 0 0 0 0 0 0 0 0 0 0 0 0 0 0 0 0 0 0 0 0 0 0 0 0 0 0 0 0
0 0 0 0 0 0 0 0 0 1.058335e-06 1.058335e-06 1.058335e-06 1.058335e-06 1.058335e-06 1.058335e-06 1.058335e-06 1.058335e-06 1.058335e-06 1.058335e-06 1.058335e-06 1.058335e-06 1.058335e-06 1.058335e-06 1.058335e-06 1.058335e-06 1.058335e-06 1.058335e-06 1.058335e-06 1.045954e-06 4.210137e-07 0 0 0 2.160313e-08 2.688519e-07 5.02264e-07 7.356761e-07 9.690883e-07 1.028429e-06 7.838282e-07 3.370316e-07 5.002361e-08 0 0 0 0 0 0 0 0 0 0 0 0 0 0 0 0 0 0 0 0 0 0 0 0 0 0 0 0 0 0 0 0 0 0 0 0 0 0 0 0 0 0 0
0 0 0 0 0 0 0 0 0 1.058335e-06 1.058335e-06 1.058335e-06 1.058335e-06 1.058335e-06 1.058335e-06 1.058335e-06 1.058335e-06 1.058335e-06 1.058335e-06 1.058335e-06 1.058335e-06 1.058335e-06 1.058335e-06 1.058335e-06 1.058335e-06 1.058335e-06 1.058335e-06 1.058335e-06 8.125416e-07 2.626571e-07 0 0 0 0 0 0 1.857916e-07 4.192037e-07 8.262616e-07 1.049301e-06 5.3138e-07 1.014407e-08 0 7.682959e-09 3.468054e-08 0 0 0 0 0 0 0 0 0 0 0 0 0 0 0 0 0 0 0 0 0 0 0 0 0 0 0 0 0 0 0 0 0 0 0 0 0 0 0 0
0 0 0 0 0 0 0 0 0 1.058335e-06 1.058335e-06 1.058335e-06 1.058335e-06 1.058335e-06 1.058335e-06 1.058335e-06 1.058335e-06 1.058335e-06 1.058335e-06 1.058335e-06 1.058335e-06 1.058335e-06 1.058335e-06 1.058335e-06 1.058335e-06 1.058335e-06 1.058335e-06 1.058335e-06 5.791295e-07 2.924494e-08 0 0 0 0 0 0 0 1.196361e-07 7.224798e-07 8.804124e-07 3.305279e-07 0 0 2.086841e-07 4.699096e-07 2.715242e-07 2.857473e-08 0 0 0 0 0 0 0 0 0 0 0 0 0 0 0 7.637444e-08 2.628063e-07 1.504439e-07 0 0 0 0 0 0 0 0 0 0 0 0 0 0 0 0 0 0 0 0
0 0 0 0 0 0 0 0 0 1.058335e-06 1.058335e-06 1.058335e-06 1.058335e-06 1.058335e-06 1.058335e-06 1.058335e-06 1.058335e-06 1.058335e-06 1.058335e-06 1.058335e-06 1.058335e-06 1.058335e-06 1.058335e-06 1.058335e-06 1.058335e-06 1.058335e-06 1.058335e-06 8.956018e-07 3.457173e-07 0 0 0 0 0 0 0 0 1.320354e-07 5.311709e-07 5.163323e-07 9.711573e-08 0 0 3.361694e-07 9.404849e-07 4.59286e-07 0 0 0 0 0 0 0 0 0 0 0 0 0 0 0 0 3.586539e-07 8.257203e-07 4.530709e-07 5.06872e-08 0 0 0 0 0 0 0 0 0 0 0 0 0 0 0 0 0 0 0
0 0 0 0 0 0 0 0 0 1.058335e-06 1.058335e-06 1.058335e-06 1.058335e-06 1.058335e-06 1.058335e-06 1.058335e-06 1.058335e-06 1.058335e-06 1.058335e-06 1.027814e-06 1.058335e-06 1.058335e-06 1.058335e-06 1.058335e-06 1.058335e-06 1.058335e-06 1.058335e-06 6.621897e-07 1.123052e-07 0 0 0 0 0 0 0 0 0 5.580339e-08 1.1517e-07 0 0 0 1.168922e-07 3.198904e-07 1.74077e-07 0 0 0 0 0 0 0 0 0 0 0 0 0 0 0 4.218147e-08 5.92066e-07 9.747204e-07 4.248358e-07 0 0 0 0 0 0 0 0 0 0 0 0 0 0 0 0 0 0 0 0
0 0 0 0 0 0 0 0 0 1.058335e-06 1.058335e-06 1.058335e-06 1.058335e-06 1.058335e-06 1.058335e-06 1.058335e-06 1.058335e-06 1.018998e-06 1.058335e-06 7.559047e-07 6.209285e-07 8.350842e-07 1.058335e-06 1.058335e-06 1.03733e-06 8.649838e-07 8.727578e-07 4.287776e-07 0 0 0 0 0 0 0 0 0 0 0 0 0 0 0 0 0 4.591227e-09 0 0 0 0 0 0 0 0 0 0 0 0 0 0 0 1.683636e-07 6.863513e-07 7.413082e-07 1.914237e-07 1.817043e-07 2.601093e-07 6.964762e-08 0 0 0 0 0 0 0 0 0 0 0 0 0 0 0 0 0
0 0 0 0 0 0 0 0 0 1.058335e-06 1.058335e-06 1.058335e-06 1.058335e-06 1.058335e-06 1.058335e-06 1.058335e-06 9.700794e-07 6.565214e-07 5.537329e-07 2.991303e-07 5.178757e-08 2.851997e-07 5.186118e-07 7.52024e-07 7.324959e-07 3.613976e-07 2.773908e-07 1.158045e-07 0 0 0 0 0 0 0 0 0 0 0 0 0 0 0 0 0 0 0 0 0 0 0 0 0 0 0 0 0 0 0 0 0 4.649143e-08 3.302868e-07 5.27788e-07 2.930494e-07 6.042232e-07 8.529443e-07 6.195321e-07 0 0 0 0 0 0 0 0 0 0 0 0 0 0 0 0 0
0 0 0 0 0 0 0 0 0 1.058335e-06 1.058335e-06 1.058335e-06 1.058335e-06 1.058335e-06 1.058335e-06 1.058335e-06 7.190058e-07 1.691213e-07 5.980607e-08 3.943146e-08 0 0 0 2.021394e-07 2.276955e-07 2.140844e-09 0 0 0 0 0 0 0 0 0 0 0 0 0 0 0 0 0 0 0 0 0 0 0 0 0 0 0 0 0 0 0 0 0 0 0 0 2.339669e-07 7.773031e-07 8.755967e-07 9.525425e-07 1.058335e-06 1.058335e-06 0 0 0 0 0 0 0 0 0 0 0 0 0 0 0 0 0
0 0 0 0 0 0 0 0 0 0 1.058335e-06 1.058335e-06 1.058335e-06 1.058335e-06 1.058335e-06 1.035478e-06 4.855937e-07 0 0 0 0 0 0 0 0 0 0 0 0 0 0 0 0 0 0 0 0 0 0 0 0 0 0 0 0 0 0 0 0 0 0 0 0 0 0 0 0 0 0 0 0 0 4.673791e-07 1.017264e-06 1.058335e-06 1.058335e-06 1.058335e-06 1.01654e-06 0 0 0 0 0 0 0 0 0 0 0 0 0 0 0 0 0
0 0 0 0 0 0 0 0 0 0 0 1.058335e-06 1.058335e-06 1.058335e-06 1.058335e-06 8.020661e-07 2.521816e-07 0 0 0 0 0 0 0 0 0 0 0 0 0 0 0 0 0 0 0 0 0 0 0 0 0 0 0 0 0 0 0 0 0 0 0 0 0 0 0 0 0 0 0 0 8.037487e-08 5.278076e-07 1.030508e-06 1.058335e-06 1.058335e-06 1.058335e-06 7.83128e-07 0 0 0 0 0 0 0 0 0 0 0 0 0 0 0 0 0
0 0 0 0 0 0 0 0 0 0 0 0 1.058335e-06 1.058335e-06 1.058335e-06 5.68654e-07 1.876945e-08 0 0 0 0 0 0 0 0 0 0 0 0 0 0 0 0 0 0 0 0 0 0 0 0 0 0 0 0 0 0 0 0 0 0 0 0 0 0 0 0 0 0 0 0 5.010814e-09 2.182155e-07 4.80623e-07 7.140351e-07 9.963972e-07 1.058335e-06 5.497158e-07 0 0 0 0 0 0 0 0 0 0 0 0 0 0 0 0 0
0 0 0 0 0 0 0 0 0 0 0 0 0 0 8.851263e-07 3.352418e-07 0 0 0 0 0 0 0 0 0 0 0 0 0 0 0 0 0 0 0 0 0 0 0 0 0 0 0 0 0 0 0 0 0 0 0 0 0 0 0 0 0 0 0 0 0 0 0 0 2.914882e-07 8.349818e-07 9.437781e-07 4.522869e-07 0 0 0 0 0 0 0 0 0 0 0 0 0 0 0 0 0
0 0 0 0 0 0 0 0 0 0 0 0 0 0 0 1.018297e-07 0 0 0 0 0 0 0 0 0 0 0 0 0 0 0 0 0 0 0 0 0 0 0 0 0 0 0 0 0 0 0 0 0 0 0 0 0 0 0 0 0 0 0 0 0 0 0 0 2.441226e-07 7.995821e-07 1.025729e-06 7.684656e-07 5.104208e-07 0 0 0 0 0 0 0 0 0 0 0 0 0 0 0 0
0 0 0 0 0 0 0 0 0 0 0 0 0 0 0 0 3.204782e-07 2.210913e-07 9.789366e-09 0 0 0 0 0 0 0 0 0 0 0 0 0 0 0 0 0 0 0 0 0 0 0 0 0 0 0 0 0 0 0 0 0 0 0 0 0 0 0 0 0 0 0 0 0 7.160529e-08 3.561292e-07 5.895413e-07 8.564304e-07 1.057669e-06 0 0 0 0 0 0 0 0 0 0 0 0 0 0 0 0
0 0 0 0 0 0 0 0 0 0 0 0 0 0 0 0 0 5.015158e-07 5.598591e-08 0 0 0 0 0 0 0 0 0 0 0 0 0 0 0 0 0 0 0 0 0 0 0 0 0 0 0 0 0 0 0 0 0 0 0 0 5.258156e-08 1.151119e-07 0 0 0 0 0 0 0 0 6.270321e-08 3.965677e-08 5.579403e-07 9.934071e-07 0 0 0 0 0 0 0 0 0 0 0 0 0 0 0 0
0 0 0 0 0 0 0 0 0 0 0 0 0 0 0 0 0 4.184952e-07 0 0 0 0 0 0 0 0 0 0 0 0 0 0 0 0 0 0 0 0 0 0 0 0 0 0 0 0 0 0 0 0 0 0 0 0 0 3.348613e-07 6.316195e-07 3.027044e-07 2.422217e-08 0 0 0 0 0 2.402777e-08 4.046643e-07 5.451652e-07 7.326892e-07 1.05387e-06 0 0 0 0 0 0 0 0 0 0 0 0 0 0 0 0
0 0 0 0 0 0 0 0 0 0 0 0 0 0 0 0 0 0 0 0 0 0 0 0 0 0 0 0 0 0 0 0 0 0 0 0 0 0 0 0 0 0 0 0 0 0 0 0 0 0 0 0 0 0 1.838698e-08 3.446196e-07 7.64814e-07 4.091876e-07 0 0 0 0 0 0 1.445666e-07 6.294712e-07 1.056559e-06 1.012903e-06 8.664435e-07 0 0 0 0 0 0 0 0 0 0 0 0 0 0 0 0
0 0 0 0 0 0 0 0 0 0 0 0 0 0 0 0 0 0 0 0 0 0 0 0 0 0 0 0 0 0 0 0 0 0 0 0 0 0 0 0 0 0 0 0 0 0 0 0 0 0 0 0 0 0 0 4.406382e-08 1.998287e-07 8.9548e-08 0 0 0 0 0 0 1.855747e-08 2.692341e-07 5.066741e-07 7.220209e-07 4.439303e-07 2.063989e-07 0 0 0 0 0 0 0 0 0 0 0 0 0 0 0
0 0 0 0 0 0 0 0 0 0 0 0 0 0 0 0 0 0 0 0 0 0 0 0 0 0 0 0 0 0 0 0 0 0 0 0 0 0 0 0 0 0 0 0 0 0 0 0 0 0 0 0 0 0 0 0 0 0 0 0 0 0 0 0 0 5.693068e-08 3.134403e-08 1.436106e-07 9.974791e-08 3.006794e-07 0 0 0 0 0 0 0 0 0 0 0 0 0 0 0
0 0 0 0 0 0 0 0 0 0 0 0 0 0 0 0 0 0 0 0 0 0 0 0 0 0 0 0 0 0 0 0 0 0 0 0 0 0 0 0 0 0 0 0 0 0 0 0 0 0 0 0 0 0 0 0 0 0 0 0 0 0 0 0 0 3.523836e-07 5.610249e-07 3.596828e-07 1.262707e-07 5.340915e-07 0 0 0 0 0 0 0 0 0 0 0 0 0 0 0
0 0 0 0 0 0 0 0 0 0 0 0 0 0 0 0 0 0 0 0 0 0 0 0 0 0 0 0 0 0 0 0 0 0 0 0 0 0 0 0 0 0 0 0 0 0 0 0 0 0 0 0 0 0 0 0 0 0 0 0 0 0 0 0 6.453655e-08 4.788861e-07 9.736914e-07 9.095673e-07 6.157069e-07 5.680932e-07 0 0 0 0 0 0 0 0 0 0 0 0 0 0 0
0 0 0 0 0 0 0 0 0 0 0 0 0 0 0 0 0 0 0 0 0 0 0 0 0 0 0 0 0 0 0 0 0 0 0 0 0 0 0 0 0 0 0 0 0 0 0 0 0 0 0 0 0 0 0 0 0 0 0 0 0 0 0 0 0 1.651571e-07 4.238069e-07 6.57219e-07 5.110705e-07 1.159976e-07 0 0 0 0 0 0 0 0 0 0 0 0 0 0 0
0 0 0 0 0 0 0 0 0 0 0 0 0 0 0 0 0 0 0 0 0 0 0 0 0 0 0 0 0 0 0 0 0 0 0 0 0 0 0 0 0 0 0 0 0 0 0 0 0 0 0 0 0 0 0 0 0 0 0 0 0 0 0 0 0 0 0 9.368778e-08 1.2038e-07 9.547786e-08 0 0 0 0 0 0 0 0 0 0 0 0 0 0 0
0 0 0 0 0 0 0 0 0 0 0 0 0 0 0 0 0 0 0 0 0 0 0 0 0 0 0 0 0 0 0 0 0 0 0 0 0 0 0 0 0 0 0 0 0 0 0 0 0 0 0 0 0 0 0 0 0 0 0 0 0 0 0 0 0 0 0 0 0 9.390206e-09 2.335703e-07 0 0 0 0 0 0 0 0 0 0 0 0 0 0
0 0 0 0 0 0 0 0 0 0 0 0 0 0 0 0 0 0 0 0 0 0 0 0 0 0 0 0 0 0 0 0 0 0 0 0 0 0 0 0 0 0 0 0 0 0 0 0 0 0 0 0 0 0 0 0 0 0 0 0 0 0 0 0 0 0 0 0 0 0 0 0 0 0 0 0 0 0 0 0 0 0 0 0 0
0 0 0 0 0 0 0 0 0 0 0 0 0 0 0 0 0 0 0 0 0 0 0 0 0 0 0 0 0 0 0 0 0 0 0 0 0 0 0 0 0 0 0 0 0 0 0 0 0 0 0 0 0 0 0 0 0 0 0 0 0 0 0 0 0 0 0 0 0 0 0 0 0 0 0 0 0 0 0 0 0 0 0 0 0
0 0 0 0 0 0 0 0 0 0 0 0 0 0 0 0 0 0 0 0 0 0 0 0 0 0 0 0 0 0 0 0 0 0 0 0 0 0 0 0 0 0 0 0 0 0 0 0 0 0 0 0 0 0 0 0 0 0 0 0 0 0 0 0 0 0 0 0 0 0 0 8.395715e-08 0 0 0 0 0 0 0 0 0 0 0 0 0
0 0 0 0 0 0 0 0 0 0 0 0 0 0 0 0 0 0 0 0 0 0 0 0 0 0 0 0 0 0 0 0 0 0 0 0 0 0 0 0 0 0 0 0 0 0 0 0 0 0 0 0 0 0 0 0 0 0 0 0 0 0 0 0 0 0 0 0 0 0 0 1.258062e-07 0 0 0 0 0 0 0 0 0 0 0 0 0
0 0 0 0 0 0 0 0 0 0 0 0 0 0 0 0 0 0 0 0 0 0 0 0 0 0 0 0 0 0 0 0 0 0 0 0 0 0 0 0 0 0 0 0 0 0 0 0 0 0 0 0 0 0 0 0 0 0 0 0 0 0 0 0 0 0 0 0 0 0 0 0 0 0 0 0 0 0 0 0 0 0 0 0 0
0 0 0 0 0 0 0 0 0 0 0 0 0 0 0 0 0 0 0 0 0 0 0 0 0 0 0 0 0 0 0 0 0 0 0 0 0 0 0 0 0 0 0 0 0 0 0 0 0 0 0 0 0 0 0 0 0 0 0 0 0 0 0 0 0 0 0 0 0 0 0 0 0 0 0 0 0 0 0 0 0 0 0 0 0
0 0 0 0 0 0 0 0 0 0 0 0 0 0 0 0 0 0 0 0 0 0 0 0 0 0 0 0 0 0 0 0 0 0 0 0 0 0 0 0 0 0 0 0 0 0 0 0 0 0 0 0 0 0 0 0 0 0 0 0 0 0 0 0 0 0 0 0 0 0 0 0 0 0 0 0 0 0 0 0 0 0 0 0 0
0 0 0 0 0 0 0 0 0 0 0 0 0 0 0 0 0 0 0 0 0 0 0 0 0 0 0 0 0 0 0 0 0 0 0 0 0 0 0 0 0 0 0 0 0 0 0 0 0 0 0 0 0 0 0 0 0 0 0 0 0 0 0 0 0 0 0 0 0 0 0 0 0 1.818147e-07 0 0 0 0 0 0 0 0 0 0 0
0 0 0 0 0 0 0 0 0 0 0 0 0 0 0 0 0 0 0 0 0 0 0 0 0 0 0 0 0 0 0 0 0 0 0 0 0 0 0 0 0 0 0 0 0 0 0 0 0 0 0 0 0 0 0 0 0 0 0 0 0 0 0 0 0 0 0 0 0 0 0 0 0 1.090503e-07 0 0 0 0 0 0 0 0 0 0 0
0 0 0 0 0 0 0 0 0 0 0 0 0 0 0 0 0 0 0 0 0 0 0 0 0 0 0 0 0 0 0 0 0 0 0 0 0 0 0 0 0 0 0 0 0 0 0 0 0 0 0 0 0 0 0 0 0 0 0 0 0 0 0 0 0 0 0 0 0 0 0 0 0 0 0 0 0 0 0 0 0 0 0 0 0
0 0 0 0 0 0 0 0 0 0 0 0 0 0 0 0 0 0 0 0 0 0 0 0 0 0 0 0 0 0 0 0 0 0 0 0 0 0 0 0 0 0 0 0 0 0 0 0 0 0 0 0 0 0 0 0 0 0 0 0 0 0 0 0 0 0 0 0 0 0 0 0 0 0 0 0 0 0 0 0 0 0 0 0 0
0 0 0 0 0 0 0 0 0 0 0 0 0 0 0 0 0 0 0 0 0 0 0 0 0 0 0 0 0 0 0 0 0 0 0 0 0 0 0 0 0 0 0 0 0 0 0 0 0 0 0 0 0 0 0 0 0 0 0 0 0 0 0 0 0 0 0 0 0 0 0 0 0 0 0 1.777105e-08 2.354663e-07 0 0 0 0 0 0 0 0
0 0 0 0 0 0 0 0 0 0 0 0 0 0 0 0 0 0 0 0 0 0 0 0 0 0 0 0 0 0 0 0 0 0 0 0 0 0 0 0 0 0 0 0 0 0 0 0 0 0 0 0 0 0 0 0 0 0 0 0 0 0 0 0 0 0 0 0 0 0 0 0 0 0 0 0 0 2.048354e-08 0 0 0 0 0 0 0
0 0 0 0 0 0 0 0 0 0 0 0 0 0 0 0 0 0 0 0 0 0 0 0 0 0 0 0 0 0 0 0 0 0 0 0 0 0 0 0 0 0 0 0 0 0 0 0 0 0 0 0 0 0 0 0 0 0 0 0 0 0 0 0 0 0 0 0 0 0 0 0 0 0 0 0 0 0 0 0 0 0 0 0 0
0 0 0 0 0 0 0 0 0 0 0 0 0 0 0 0 0 0 0 0 0 0 0 0 0 0 0 0 0 0 0 0 0 0 0 0 0 0 0 0 0 0 0 0 0 0 0 0 0 0 0 0 0 0 0 0 0 0 0 0 0 0 0 0 0 0 0 0 0 0 0 0 0 0 0 0 0 0 0 0 0 0 0 0 0
0 0 0 0 0 0 0 0 0 0 0 0 0 0 0 0 0 0 0 0 0 0 0 0 0 0 0 0 0 0 0 0 0 0 0 0 0 0 0 0 0 0 0 0 0 0 0 0 0 0 0 0 0 0 0 0 0 0 0 0 0 0 0 0 0 0 0 0 0 0 0 0 0 0 0 0 0 0 0 0 0 0 0 0 0
0 0 0 0 0 0 0 0 0 0 0 0 0 0 0 0 0 0 0 0 0 0 0 0 0 0 0 0 0 0 0 0 0 0 0 0 0 0 0 0 0 0 0 0 0 0 0 0 0 0 0 0 0 0 0 0 0 0 0 0 0 0 0 0 0 0 0 0 0 0 0 0 0 0 0 0 0 0 0 0 0 0 0 0 0
0 0 0 0 0 0 0 0 0 0 0 0 0 0 0 0 0 0 0 0 0 0 0 0 0 0 0 0 0 0 0 0 0 0 0 0 0 0 0 0 0 0 0 0 0 0 0 0 0 0 0 0 0 0 0 0 0 0 0 0 0 0 0 0 0 0 0 0 0 0 0 0 0 0 0 0 0 0 0 0 0 0 0 0 0
0 0 0 0 0 0 0 0 0 0 0 0 0 0 0 0 0 0 0 0 0 0 0 0 0 0 0 0 0 0 0 0 0 0 0 0 0 0 0 0 0 0 0 0 0 0 0 0 0 0 0 0 0 0 0 0 0 0 0 0 0 0 0 0 0 0 0 0 0 0 0 0 0 0 0 0 0 0 0 0 0 0 0 0 0
0 0 0 0 0 0 0 0 0 0 0 0 0 0 0 0 0 0 0 0 0 0 0 0 0 0 0 0 0 0 0 0 0 0 0 0 0 0 0 0 0 0 0 0 0 0 0 0 0 0 0 0 0 0 0 0 0 0 0 0 0 0 0 0 0 0 0 0 0 0 0 0 0 0 0 0 0 0 0 0 0 0 0 5.465448e-08 0
0 0 0 0 0 0 0 0 0 0 0 0 0 0 0 0 0 0 0 0 0 0 0 0 0 0 0 0 0 0 0 0 0 0 0 0 0 0 0 0 0 0 0 0 0 0 0 0 0 0 0 0 0 0 0 0 0 0 0 0 0 0 0 0 0 0 0 0 0 0 0 0 0 0 0 0 0 0 0 0 0 0 0 6.173307e-08 0
0 0 0 0 0 0 0 0 0 0 0 0 0 0 0 0 0 0 0 0 0 0 0 0 0 0 0 0 0 0 0 0 0 0 0 0 0 0 0 0 0 0 0 0 0 0 0 0 0 0 0 0 0 0 0 0 0 0 0 0 0 0 0 0 0 0 0 0 0 0 0 0 0 0 0 0 0 0 0 0 0 0 0 0 0
0 0 0 0 0 0 0 0 0 0 0 0 0 0 0 0 0 0 0 0 0 0 0 0 0 0 0 0 0 0 0 0 0 0 0 0 0 0 0 0 0 0 0 0 0 0 0 0 0 0 0 0 0 0 0 0 0 0 0 0 0 0 0 0 0 0 0 0 0 0 0 0 0 0 0 0 0 0 0 0 0 0 0 0 0
0 0 0 0 0 0 0 0 0 0 0 0 0 0 0 0 0 0 0 0 0 0 0 0 0 0 0 0 0 0 0 0 0 0 0 0 0 0 0 0 0 0 0 0 0 0 0 0 0 0 0 0 0 0 0 0 0 0 0 0 0 0 0 0 0 0 0 0 0 0 0 0 0 0 0 0 0 0 0 0 0 0 0 0 0
0 0 0 0 0 0 0 0 0 0 0 0 0 0 0 0 0 0 0 0 0 0 0 0 0 0 0 0 0 0 0 0 0 0 0 0 0 0 0 0 0 0 0 0 0 0 0 0 0 0 0 0 0 0 0 0 0 0 0 0 0 0 0 0 0 0 0 0 0 0 0 0 0 0 0 0 0 0 0 0 0 0 0 0 0
0 0 0 0 0 0 0 0 0 0 0 0 0 0 0 0 0 0 0 0 0 0 0 0 0 0 0 0 0 0 0 0 0 0 0 0 0 0 0 0 0 0 0 0 0 0 0 0 0 0 0 0 0 0 0 0 0 0 0 0 0 0 0 0 0 0 0 0 0 0 0 0 0 0 0 0 0 0 0 0 0 0 0 0 0
0 0 0 0 0 0 0 0 0 0 0 0 0 0 0 0 0 0 0 0 0 0 0 0 0 0 0 0 0 0 0 0 0 0 0 0 0 0 0 0 0 0 0 0 0 0 0 0 0 0 0 0 0 0 0 0 0 0 0 0 0 0 0 0 0 0 0 0 0 0 0 0 0 0 0 0 0 0 0 0 0 0 0 0 0
0 0 0 0 0 0 0 0 0 0 0 0 0 0 0 0 0 0 0 0 0 0 0 0 0 0 0 0 0 0 0 0 0 0 0 0 0 0 0 0 0 0 0 0 0 0 0 0 0 0 0 0 0 0 0 0 0 0 0 0 0 0 0 0 0 0 0 0 0 0 0 0 0 0 0 0 0 0 0 0 0 0 0 0 0
0 0 0 0 0 0 0 0 0 0 0 0 0 0 0 0 0 0 0 0 0 0 0 0 0 0 0 0 0 0 0 0 0 0 0 0 0 0 0 0 0 0 0 0 0 0 0 0 0 0 0 0 0 0 0 0 0 0 0 0 0 0 0 0 0 0 0 0 0 0 0 0 0 0 0 0 0 0 0 0 0 0 0 0 0
0 0 0 0 0 0 0 0 0 0 0 0 0 0 0 0 0 0 0 0 0 0 0 0 0 0 0 0 0 0 0 0 0 0 0 0 0 0 0 0 0 0 0 0 0 0 0 0 0 0 0 0 0 0 0 0 0 0 0 0 0 0 0 0 0 0 0 0 0 0 0 0 0 0 0 0 0 0 0 0 0 0 0 0 0
0 0 0 0 0 0 0 0 0 0 0 0 0 0 0 0 0 0 0 0 0 0 0 0 0 0 0 0 0 0 0 0 0 0 0 0 0 0 0 0 0 0 0 0 0 0 0 0 0 0 0 0 0 0 0 0 0 0 0 0 0 0 0 0 0 0 0 0 0 0 0 0 0 0 0 0 0 0 0 0 0 2.122939e-07 0 0 0
0 0 0 0 0 0 0 0 0 0 0 0 0 0 0 0 0 0 0 0 0 0 0 0 0 0 0 0 0 0 0 0 0 0 0 0 0 0 0 0 0 0 0 0 0 0 0 0 0 0 0 0 0 0 0 0 0 0 0 0 0 0 0 0 0 0 0 0 0 0 0 0 0 0 0 0 5.134251e-09 0 7.888153e-08 2.696073e-07 3.267804e-07 6.87866e-07 0 0 0
0 0 0 0 0 0 0 0 0 0 0 0 0 0 0 0 0 0 0 0 0 0 0 0 0 0 0 0 0 0 0 0 0 0 0 0 0 0 0 0 0 0 0 0 0 0 0 0 0 0 0 0 0 0 0 0 0 0 0 0 0 0 0 0 0 0 0 0 0 0 0 0 0 0 0 0 1.850614e-07 3.118189e-07 4.572624e-07 8.35746e-07 8.595949e-07 1.002802e-06 0 0 0
0 0 0 0 0 0 0 0 0 0 0 0 0 0 0 0 0 0 0 0 0 0 0 0 0 0 0 0 0 0 0 0 0 0 0 0 0 0 0 0 0 0 0 0 0 0 0 0 0 0 0 0 0 0 0 0 0 0 0 0 0 0 0 0 0 0 0 0 0 0 0 0 0 0 0 3.034291e-09 5.529188e-07 9.348852e-07 8.995103e-07 1.058335e-06 1.058335e-06 1.185671e-06 0 0 0
0 0 0 0 0 0 0 0 0 0 0 0 0 0 0 0 0 0 0 0 0 0 0 0 0 0 0 0 0 0 0 0 0 0 0 0 0 0 0 0 0 0 0 0 0 0 0 0 0 0 0 0 0 0 0 0 0 0 0 0 0 0 0 0 0 0 0 0 0 1.818833e-08 0 0 0 5.460341e-08 4.428609e-08 2.364464e-07 7.863309e-07 1.058335e-06 1.058335e-06 1.058335e-06 1.058335e-06 0 0 0 0
0 0 0 0 0 0 0 0 0 0 0 0 0 0 0 0 0 0 0 0 0 0 0 0 0 0 0 0 0 0 0 0 0 0 0 0 0 0 0 0 0 0 0 0 0 0 0 0 0 0 0 0 2.252406e-07 2.198171e-07 0 0 0 0 0 0 0 0 0 0 0 0 0 3.736247e-08 0 2.355874e-07 4.129899e-07 2.547063e-07 2.129415e-08 3.425574e-07 5.664681e-07 8.492517e-07 1.165724e-06 1.058335e-06 1.058335e-06 1.058335e-06 1.069659e-06 0 0 0 0
0 0 0 0 0 0 0 0 0 0 0 0 0 0 0 0 0 0 0 0 0 0 0 0 0 0 0 0 0 0 0 0 0 0 0 0 0 0 0 0 0 0 0 0 0 0 0 0 0 0 0 2.060675e-07 7.186264e-07 5.919723e-07 1.329622e-07 8.349781e-08 5.740761e-08 0 0 1.512487e-07 1.716666e-07 0 0 0 0 0 0 3.453281e-07 4.633065e-07 6.754828e-07 1.038003e-06 8.045908e-07 6.227109e-07 7.883791e-07 1.211722e-06 1.632548e-06 1.754201e-06 1.520789e-06 1.287377e-06 1.058335e-06 0 0 0 0 0
0 0 0 0 0 0 0 0 0 0 0 0 0 0 0 0 0 0 0 0 0 0 0 0 0 0 0 0 0 0 0 0 0 0 0 0 0 0 0 0 0 0 0 0 0 0 0 0 0 0 0 4.394796e-07 9.893641e-07 6.974836e-07 5.754051e-08 4.223487e-07 6.223155e-07 3.889034e-07 2.108207e-07 5.606546e-07 7.470024e-07 5.135903e-07 2.801782e-07 4.676604e-08 0 0 3.056316e-07 8.95844e-07 1.011744e-06 9.896922e-07 1.058335e-06 1.058335e-06 1.078805e-06 1.032033e-06 1.445134e-06 1.995018e-06 2.116671e-06 2.070673e-06 1.837261e-06 1.603849e-06 0 0 0 0 0
0 0 0 0 0 0 0 0 0 0 0 0 0 0 0 0 0 0 0 0 0 0 0 0 0 0 0 0 0 0 0 0 0 0 0 0 0 0 0 0 0 0 0 0 0 0 0 0 0 0 1.230072e-07 6.728917e-07 1.056654e-06 8.93489e-07 6.736038e-07 8.550448e-07 1.058335e-06 9.387879e-07 9.941174e-07 1.31059e-06 1.222465e-06 1.059201e-06 8.300627e-07 5.966506e-07 3.632384e-07 1.298263e-07 8.644697e-07 1.68891e-06 1.546261e-06 1.312849e-06 1.079437e-06 1.081432e-06 1.393358e-06 1.482664e-06 1.738899e-06 2.116671e-06 2.116671e-06 2.116671e-06 2.116671e-06 2.311298e-06 0 0 0 0 0
0 0 0 0 0 0 0 0 0 0 0 0 0 0 0 0 0 0 0 0 0 0 0 0 0 0 0 0 0 0 0 0 0 0 0 0 0 0 0 0 0 0 0 0 0 0 0 0 1.233279e-07 1.478828e-07 3.564194e-07 9.063039e-07 1.058335e-06 1.058335e-06 1.088319e-06 1.047802e-06 1.058335e-06 1.058335e-06 1.580489e-06 2.066953e-06 1.426912e-06 1.058335e-06 1.058335e-06 1.058335e-06 9.131229e-07 8.670859e-07 1.531993e-06 2.116671e-06 2.096145e-06 1.862733e-06 1.629321e-06 1.574547e-06 1.89475e-06 2.024515e-06 2.046521e-06 2.116671e-06 2.116671e-06 2.116671e-06 2.116671e-06 0 0 0 0 0 0
0 0 0 0 0 0 0 0 0 0 0 0 0 0 0 0 0 0 0 0 0 0 0 0 0 0 0 0 0 0 0 0 0 0 0 0 0 0 0 0 0 0 0 0 0 0 0 0 4.996507e-07 7.432087e-07 8.100363e-07 1.058335e-06 1.058335e-06 1.157616e-06 1.453769e-06 1.447046e-06 1.213634e-06 1.264017e-06 1.813901e-06 1.869556e-06 1.319671e-06 1.071033e-06 1.058335e-06 1.058335e-06 1.058335e-06 1.429751e-06 1.971588e-06 2.116671e-06 2.116671e-06 2.116671e-06 2.116671e-06 2.025831e-06 2.111806e-06 2.116671e-06 2.116671e-06 2.116671e-06 2.116671e-06 2.116671e-06 2.195357e-06 2.729062e-06 0 0 0 0 0
0 0 0 0 0 0 0 0 0 0 0 0 0 0 0 0 0 0 0 0 0 0 0 0 0 0 0 0 0 0 0 0 0 0 0 0 0 0 0 0 0 0 0 0 0 0 0 8.088839e-08 4.450964e-07 8.359387e-07 1.055889e-06 1.058335e-06 1.058335e-06 1.297736e-06 1.867125e-06 1.99693e-06 1.763518e-06 1.773466e-06 2.062934e-06 1.640635e-06 1.086259e-06 1.352502e-06 1.421381e-06 1.187969e-06 1.113279e-06 1.663163e-06 2.161086e-06 2.271969e-06 2.134856e-06 2.116671e-06 2.116671e-06 2.116671e-06 2.147029e-06 2.116671e-06 2.116671e-06 2.116671e-06 2.116671e-06 2.116671e-06 2.180736e-06 0 0 0 0 0 0
0 0 0 0 0 0 0 0 0 0 0 0 0 0 0 0 0 0 0 0 0 0 0 0 0 0 0 0 0 0 0 0 0 0 0 0 0 0 0 0 0 0 0 0 0 0 0 7.948248e-08 5.049757e-08 2.860542e-07 5.194663e-07 9.111014e-07 1.058335e-06 1.148239e-06 1.605824e-06 2.455995e-06 2.510134e-06 2.103299e-06 2.19699e-06 2.151295e-06 1.781847e-06 1.864094e-06 1.971265e-06 1.737853e-06 1.67125e-06 1.940808e-06 2.440004e-06 2.785115e-06 2.487252e-06 2.160417e-06 2.116671e-06 2.116671e-06 2.415074e-06 2.555004e-06 2.345326e-06 2.116671e-06 2.116671e-06 2.132475e-06 2.309776e-06 0 0 0 0 0 0
0 0 0 0 0 0 0 0 0 0 0 0 0 0 0 0 0 0 0 0 0 0 0 0 0 0 0 0 0 0 0 0 0 0 0 0 0 0 0 0 0 0 0 0 0 0 1.356054e-07 4.824035e-07 4.972425e-07 2.638303e-07 2.554903e-07 8.346929e-07 1.058335e-06 1.058335e-06 2.002134e-06 3.538203e-06 3.609903e-06 3.143079e-06 2.968644e-06 3.115266e-06 2.517169e-06 2.130961e-06 2.116671e-06 2.116671e-06 2.085062e-06 2.129988e-06 2.679872e-06 3.135556e-06 2.605988e-06 2.116671e-06 2.116671e-06 2.199618e-06 2.682678e-06 3.128623e-06 2.895211e-06 2.661798e-06 2.428386e-06 2.437514e-06 0 0 0 0 0 0 0
0 0 0 0 0 0 0 0 0 0 0 0 0 0 0 0 0 0 1.699478e-06 1.330421e-06 1.084089e-06 9.992419e-07 7.658297e-07 5.324176e-07 2.990055e-07 6.559335e-08 0 0 3.753167e-09 1.005504e-07 0 0 0 0 0 0 0 0 0 0 0 0 0 0 0 0 3.822774e-07 9.321619e-07 1.047127e-06 8.137149e-07 7.904009e-07 1.029224e-06 1.221287e-06 1.058335e-06 2.702371e-06 4.233342e-06 4.233342e-06 4.233342e-06 3.912329e-06 3.717818e-06 3.09605e-06 2.35551e-06 2.116671e-06 2.116671e-06 2.116671e-06 2.3634e-06 2.913284e-06 3.117093e-06 2.821753e-06 2.377511e-06 2.141243e-06 2.147525e-06 2.396358e-06 2.867734e-06 3.15051e-06 3.159276e-06 2.978271e-06 2.94618e-06 0 0 0 0 0 0 0
0 0 0 0 0 0 0 0 0 0 0 0 0 0 0 0 2.116671e-06 2.116671e-06 2.085518e-06 1.486169e-06 1.111061e-06 1.34907e-06 1.315714e-06 1.082302e-06 8.4889e-07 6.154779e-07 3.820657e-07 1.486536e-07 2.233431e-07 5.543683e-07 5.067527e-07 2.733405e-07 3.99284e-08 0 0 0 6.354214e-08 0 0 0 0 0 0 5.963353e-08 8.985269e-07 7.768852e-07 6.156895e-07 1.058335e-06 1.058335e-06 1.058335e-06 1.058335e-06 1.541591e-06 2.44981e-06 2.760616e-06 3.556879e-06 4.233342e-06 4.233342e-06 4.233342e-06 4.233342e-06 4.233342e-06 3.96314e-06 3.220318e-06 2.609426e-06 2.329171e-06 2.116671e-06 2.596812e-06 3.146696e-06 3.175006e-06 3.164456e-06 2.551325e-06 2.116671e-06 2.116671e-06 2.212662e-06 2.764475e-06 3.068533e-06 2.794079e-06 2.881539e-06 3.137717e-06 0 0 0 0 0 0 0
0 0 0 0 0 0 0 0 0 0 0 0 0 0 0 2.342338e-06 2.207736e-06 2.116671e-06 2.021152e-06 1.645308e-06 1.521261e-06 1.904329e-06 1.865599e-06 1.632187e-06 1.27225e-06 1.069977e-06 9.319502e-07 6.985381e-07 9.413252e-07 1.257798e-06 1.056637e-06 8.23225e-07 5.898129e-07 3.564008e-07 1.229887e-07 8.2445e-08 4.333801e-07 4.204104e-07 8.775144e-08 2.35739e-09 0 0 0 1.031134e-06 2.942318e-06 3.014544e-06 2.438517e-06 1.849247e-06 1.149011e-06 1.058335e-06 1.058335e-06 2.328889e-06 3.978543e-06 4.101302e-06 4.194881e-06 4.233342e-06 4.233342e-06 4.233342e-06 4.233342e-06 4.233342e-06 4.15254e-06 3.602656e-06 3.112468e-06 2.879056e-06 2.645704e-06 2.727238e-06 3.124902e-06 3.175006e-06 3.233006e-06 3.011077e-06 2.388667e-06 2.116671e-06 2.446074e-06 2.995958e-06 2.913326e-06 2.322239e-06 2.623746e-06 3.114152e-06 0 0 0 0 0 0 0
0 0 0 0 0 0 0 0 0 0 0 0 0 0 2.516647e-06 2.917607e-06 2.757621e-06 2.524208e-06 2.20813e-06 2.057721e-06 1.97439e-06 2.116671e-06 2.116671e-06 2.044561e-06 1.421411e-06 1.058335e-06 1.058335e-06 1.218062e-06 1.724622e-06 1.691373e-06 1.217503e-06 1.058335e-06 1.058335e-06 9.062853e-07 6.728732e-07 6.297784e-07 9.109723e-07 6.735634e-07 1.066765e-07 2.176603e-07 2.99447e-07 9.73237e-08 0 1.964783e-06 4.164321e-06 4.233342e-06 4.199137e-06 3.498901e-06 2.7627e-06 1.896799e-06 1.583126e-06 3.029126e-06 4.233342e-06 4.233342e-06 4.233342e-06 4.233342e-06 4.233342e-06 4.233342e-06 4.233342e-06 4.233342e-06 3.919128e-06 3.369244e-06 3.175006e-06 3.175006e-06 2.785625e-06 2.396126e-06 2.816565e-06 3.149986e-06 3.589103e-06 4.033183e-06 2.864231e-06 2.123452e-06 2.535957e-06 3.138523e-06 3.062571e-06 2.783619e-06 2.916204e-06 3.175006e-06 0 0 0 0 0 0 0
0 0 0 0 0 0 0 0 0 0 0 0 0 0 2.399879e-06 2.809095e-06 3.042507e-06 2.905855e-06 2.33728e-06 2.222086e-06 2.30556e-06 2.134406e-06 2.116671e-06 1.986782e-06 1.566879e-06 1.206796e-06 1.058335e-06 1.451474e-06 2.001359e-06 1.794258e-06 1.169175e-06 1.058335e-06 1.058335e-06 1.058335e-06 1.058335e-06 1.025777e-06 1.007913e-06 4.580285e-07 9.185606e-08 6.417406e-07 8.806203e-07 6.472082e-07 1.044374e-06 2.955312e-06 4.233342e-06 4.233342e-06 4.233342e-06 4.233342e-06 3.954564e-06 3.028918e-06 2.979376e-06 3.865796e-06 4.233342e-06 4.233342e-06 4.233342e-06 4.233342e-06 4.233342e-06 4.233342e-06 4.233342e-06 4.233342e-06 3.916349e-06 3.379455e-06 3.175006e-06 3.155621e-06 2.884327e-06 2.536847e-06 2.826416e-06 3.19506e-06 3.419846e-06 3.540619e-06 2.821084e-06 2.117868e-06 2.296145e-06 2.588638e-06 2.82205e-06 3.092648e-06 3.155721e-06 3.175006e-06 0 0 0 0 0 0 0
0 0 0 0 0 0 0 0 0 0 0 0 0 2.440955e-06 2.207543e-06 2.259211e-06 2.492623e-06 2.662477e-06 2.385016e-06 2.569714e-06 2.887416e-06 2.41809e-06 2.118664e-06 2.116671e-06 1.990093e-06 1.75668e-06 1.566255e-06 1.779343e-06 2.11646e-06 1.968155e-06 1.559076e-06 1.175772e-06 1.058335e-06 1.058335e-06 1.058335e-06 1.058335e-06 1.03999e-06 2.689529e-07 3.252682e-07 8.751527e-07 1.445193e-06 1.418854e-06 2.224589e-06 3.901299e-06 4.233342e-06 4.233342e-06 4.233342e-06 4.233342e-06 4.013597e-06 3.578326e-06 3.819701e-06 4.233342e-06 4.233342e-06 4.233342e-06 4.233342e-06 4.233342e-06 4.233342e-06 4.233342e-06 4.233342e-06 4.233342e-06 4.187047e-06 3.740887e-06 3.292852e-06 3.175006e-06 3.175006e-06 3.061135e-06 3.116477e-06 3.175006e-06 3.175006e-06 3.183036e-06 2.931956e-06 2.414475e-06 2.125112e-06 2.193413e-06 2.283032e-06 2.861453e-06 3.175006e-06 3.175006e-06 0 0 0 0 0 0 0
0 0 0 0 0 0 0 0 0 0 0 0 0 2.99084e-06 2.757428e-06 2.524015e-06 2.376601e-06 2.75557e-06 2.922061e-06 2.993938e-06 3.041647e-06 2.48467e-06 2.116671e-06 2.116671e-06 2.224122e-06 2.263537e-06 2.085903e-06 2.064764e-06 2.116671e-06 2.116671e-06 1.723725e-06 1.157225e-06 1.058335e-06 1.058335e-06 1.335985e-06 1.058335e-06 2.099897e-06 2.259928e-06 1.706363e-06 1.486586e-06 2.626848e-06 3.220319e-06 3.520806e-06 4.233342e-06 4.233342e-06 4.233342e-06 4.233342e-06 4.233342e-06 4.233342e-06 4.142285e-06 4.149431e-06 4.233342e-06 4.233342e-06 4.233342e-06 4.233342e-06 4.233342e-06 4.233342e-06 4.233342e-06 4.233342e-06 4.233342e-06 4.233342e-06 3.848658e-06 3.19774e-06 3.175006e-06 3.175006e-06 3.175006e-06 3.175006e-06 3.175006e-06 3.259805e-06 3.494337e-06 3.323037e-06 2.522584e-06 2.449844e-06 3.011925e-06 2.968144e-06 2.992499e-06 3.175006e-06 3.175006e-06 0 0 0 0 0 0 0
0 0 0 0 0 0 0 0 0 0 0 0 0 3.175006e-06 3.175006e-06 3.0739e-06 2.946793e-06 3.082638e-06 3.175006e-06 3.175006e-06 3.091895e-06 2.769146e-06 2.33223e-06 2.123371e-06 2.578337e-06 2.85198e-06 2.623037e-06 2.380588e-06 2.134359e-06 2.040197e-06 1.490313e-06 1.102636e-06 1.161961e-06 1.50511e-06 2.577675e-06 2.930374e-06 3.562291e-06 4.233342e-06 3.654861e-06 3.330091e-06 3.822484e-06 4.233342e-06 4.205677e-06 4.233342e-06 4.233342e-06 4.233342e-06 4.233342e-06 4.233342e-06 4.233342e-06 4.233342e-06 4.233342e-06 4.233342e-06 4.233342e-06 4.233342e-06 4.233342e-06 4.233342e-06 4.233342e-06 4.233342e-06 4.233342e-06 4.233342e-06 4.229528e-06 4.055387e-06 3.74522e-06 3.511808e-06 3.278395e-06 3.175006e-06 3.175006e-06 3.175006e-06 3.530267e-06 4.075588e-06 3.905104e-06 3.338879e-06 3.260344e-06 3.997137e-06 3.629026e-06 3.184926e-06 3.175006e-06 3.177899e-06 0 0 0 0 0 0 0
0 0 0 0 0 0 0 0 0 0 0 0 0 3.175006e-06 3.175006e-06 3.175006e-06 3.175006e-06 3.175006e-06 3.175006e-06 3.175006e-06 3.175006e-06 3.04538e-06 2.437333e-06 2.302256e-06 2.85214e-06 3.175006e-06 3.172922e-06 2.730793e-06 2.250335e-06 1.911028e-06 1.3565e-06 1.372871e-06 1.666424e-06 2.538905e-06 3.913281e-06 4.233342e-06 4.187127e-06 4.233342e-06 4.233342e-06 4.233342e-06 4.233342e-06 4.233342e-06 4.233342e-06 4.233342e-06 4.233342e-06 4.233342e-06 4.233342e-06 4.233342e-06 4.233342e-06 4.233342e-06 4.233342e-06 4.233342e-06 4.233342e-06 4.233342e-06 4.233342e-06 4.233342e-06 4.233342e-06 4.233342e-06 4.233342e-06 4.233342e-06 4.233342e-06 4.233342e-06 4.233342e-06 4.061692e-06 3.82828e-06 3.594868e-06 3.361456e-06 3.213795e-06 3.763679e-06 4.233342e-06 4.233342e-06 4.111686e-06 3.546789e-06 3.504146e-06 3.378148e-06 3.175006e-06 3.175006e-06 3.359513e-06 0 0 0 0 0 0 0
0 0 0 0 0 0 0 0 0 0 0 0 0 3.175006e-06 3.175006e-06 3.175006e-06 3.175006e-06 3.175006e-06 3.175006e-06 3.154358e-06 3.175006e-06 3.03166e-06 2.618344e-06 2.650266e-06 3.085552e-06 3.175006e-06 3.175006e-06 2.673142e-06 2.123258e-06 2.038418e-06 1.787812e-06 2.324731e-06 2.650911e-06 3.357669e-06 4.233342e-06 4.233342e-06 4.233342e-06 4.233342e-06 4.233342e-06 4.233342e-06 4.233342e-06 4.233342e-06 4.233342e-06 4.233342e-06 4.233342e-06 4.233342e-06 4.233342e-06 4.233342e-06 4.233342e-06 4.233342e-06 4.233342e-06 4.233342e-06 4.233342e-06 4.233342e-06 4.233342e-06 4.233342e-06 4.233342e-06 4.233342e-06 4.233342e-06 4.233342e-06 4.233342e-06 4.233342e-06 4.233342e-06 4.233342e-06 4.233342e-06 4.144752e-06 3.91134e-06 3.820779e-06 4.057254e-06 4.233342e-06 4.233342e-06 3.878274e-06 0 0 3.182689e-06 3.175006e-06 3.175006e-06 3.654375e-06 0 0 0 0 0 0 0
0 0 0 0 0 0 0 0 0 0 0 0 0 3.175006e-06 3.175006e-06 3.175006e-06 3.175006e-06 3.175006e-06 3.15925e-06 2.844099e-06 2.815541e-06 3.112415e-06 3.097936e-06 3.052749e-06 3.175006e-06 3.175006e-06 2.996507e-06 2.43973e-06 2.116671e-06 2.116671e-06 2.61161e-06 3.629951e-06 3.804971e-06 4.031942e-06 4.233342e-06 4.233342e-06 4.233342e-06 4.233342e-06 4.233342e-06 4.233342e-06 4.233342e-06 4.233342e-06 4.233342e-06 4.233342e-06 4.233342e-06 4.233342e-06 4.233342e-06 4.233342e-06 4.233342e-06 4.233342e-06 4.233342e-06 4.233342e-06 4.233342e-06 4.233342e-06 4.233342e-06 4.233342e-06 4.233342e-06 4.233342e-06 4.233342e-06 4.233342e-06 4.233342e-06 4.233342e-06 4.233342e-06 4.233342e-06 4.233342e-06 4.233342e-06 4.233342e-06 4.230454e-06 4.232701e-06 4.233342e-06 4.207604e-06 3.711118e-06 3.175006e-06 0 0 3.329687e-06 3.346729e-06 0 0 0 0 0 0 0 0
0 0 0 0 0 0 0 0 0 0 0 0 0 3.335938e-06 3.175006e-06 3.175006e-06 3.175006e-06 3.175006e-06 3.003204e-06 2.452814e-06 2.502808e-06 3.03391e-06 3.175006e-06 3.175006e-06 3.175006e-06 3.175006e-06 2.989374e-06 2.531999e-06 2.23908e-06 2.116671e-06 2.781601e-06 3.742352e-06 4.113047e-06 4.233342e-06 4.233342e-06 4.233342e-06 4.233342e-06 4.233342e-06 4.233342e-06 4.233342e-06 4.233342e-06 4.233342e-06 4.233342e-06 4.233342e-06 4.233342e-06 4.233342e-06 4.233342e-06 4.233342e-06 4.233342e-06 4.233342e-06 4.233342e-06 4.233342e-06 4.233342e-06 4.233342e-06 4.233342e-06 4.233342e-06 4.233342e-06 4.233342e-06 4.233342e-06 4.233342e-06 4.233342e-06 4.233342e-06 4.233342e-06 4.233342e-06 4.233342e-06 4.233342e-06 4.233342e-06 4.233342e-06 4.233342e-06 4.233342e-06 4.193278e-06 3.931021e-06 3.610636e-06 0 0 0 0 0 0 0 0 0 0 0 0
0 0 0 0 0 0 0 0 0 0 0 0 0 3.313002e-06 3.175006e-06 3.175006e-06 3.175006e-06 3.175006e-06 3.097511e-06 2.781348e-06 2.856547e-06 3.175006e-06 3.175006e-06 3.085125e-06 2.542941e-06 2.637756e-06 3.162792e-06 3.022377e-06 2.788965e-06 2.740751e-06 3.057224e-06 3.423597e-06 4.021118e-06 4.233342e-06 4.233342e-06 4.233342e-06 4.233342e-06 4.233342e-06 4.233342e-06 4.233342e-06 4.233342e-06 4.233342e-06 4.233342e-06 4.233342e-06 4.233342e-06 4.233342e-06 4.233342e-06 4.233342e-06 4.233342e-06 4.233342e-06 4.233342e-06 4.233342e-06 4.233342e-06 4.233342e-06 4.233342e-06 4.233342e-06 4.233342e-06 4.233342e-06 4.233342e-06 4.233342e-06 4.233342e-06 4.233342e-06 4.233342e-06 4.233342e-06 4.233342e-06 4.233342e-06 4.233342e-06 4.233342e-06 4.233342e-06 4.233342e-06 4.233342e-06 4.233342e-06 4.160521e-06 0 0 0 0 0 0 0 0 0 0 0 0
0 0 0 0 0 0 0 0 0 0 0 0 0 3.665025e-06 3.431613e-06 3.198201e-06 3.175006e-06 3.273752e-06 3.434367e-06 3.322888e-06 3.151003e-06 3.175006e-06 3.175006e-06 2.662184e-06 1.51785e-06 2.269203e-06 3.496922e-06 3.572261e-06 3.338849e-06 3.524048e-06 3.84052e-06 3.930112e-06 4.198132e-06 4.233342e-06 4.233342e-06 4.233342e-06 4.233342e-06 4.233342e-06 4.233342e-06 4.233342e-06 4.233342e-06 4.233342e-06 4.233342e-06 4.233342e-06 4.233342e-06 4.233342e-06 4.233342e-06 4.233342e-06 4.233342e-06 4.233342e-06 4.233342e-06 4.233342e-06 4.233342e-06 4.233342e-06 4.233342e-06 4.233342e-06 4.233342e-06 4.233342e-06 4.233342e-06 4.233342e-06 4.233342e-06 4.233342e-06 4.233342e-06 4.233342e-06 4.233342e-06 4.233342e-06 4.233342e-06 4.233342e-06 4.233342e-06 4.233342e-06 4.233342e-06 4.233342e-06 0 0 0 0 0 0 0 0 0 0 0 0 0
0 0 0 0 0 0 0 0 0 0 0 0 0 4.214909e-06 3.981497e-06 3.748085e-06 3.514673e-06 3.64418e-06 4.013774e-06 3.872772e-06 3.63936e-06 3.299834e-06 3.175006e-06 2.529665e-06 1.694464e-06 2.93018e-06 4.233342e-06 4.122146e-06 3.921991e-06 4.01143e-06 4.233342e-06 4.233342e-06 4.233342e-06 4.233342e-06 4.233342e-06 4.233342e-06 4.233342e-06 4.233342e-06 4.233342e-06 4.233342e-06 4.233342e-06 4.233342e-06 4.233342e-06 4.233342e-06 4.233342e-06 4.233342e-06 4.233342e-06 4.233342e-06 4.233342e-06 4.233342e-06 4.233342e-06 4.233342e-06 4.233342e-06 4.233342e-06 4.233342e-06 4.233342e-06 4.233342e-06 4.233342e-06 4.233342e-06 4.233342e-06 4.233342e-06 4.233342e-06 4.233342e-06 4.233342e-06 4.233342e-06 4.233342e-06 4.233342e-06 4.233342e-06 4.233342e-06 4.233342e-06 4.233342e-06 4.233342e-06 0 0 0 0 0 0 0 0 0 0 0 0 0
0 0 0 0 0 0 0 0 0 0 0 0 0 4.233342e-06 4.233342e-06 4.233342e-06 4.078424e-06 4.07316e-06 4.233342e-06 4.233342e-06 4.026504e-06 3.424847e-06 3.073023e-06 2.639696e-06 2.683386e-06 3.684874e-06 4.233342e-06 4.233342e-06 4.233342e-06 4.228745e-06 4.233342e-06 4.233342e-06 4.233342e-06 4.233342e-06 4.233342e-06 4.233342e-06 4.233342e-06 4.233342e-06 4.233342e-06 4.233342e-06 4.233342e-06 4.233342e-06 4.233342e-06 4.233342e-06 4.233342e-06 4.233342e-06 4.233342e-06 4.233342e-06 4.233342e-06 4.233342e-06 4.233342e-06 4.233342e-06 4.233342e-06 4.233342e-06 4.233342e-06 4.233342e-06 4.233342e-06 4.233342e-06 4.233342e-06 4.233342e-06 4.233342e-06 4.233342e-06 4.233342e-06 4.233342e-06 4.233342e-06 4.233342e-06 4.233342e-06 4.233342e-06 4.233342e-06 4.233342e-06 4.233342e-06 4.233342e-06 0 0 0 0 0 0 0 0 0 0 0 0 0
0 0 0 0 0 0 0 0 0 0 0 0 0 4.233342e-06 4.233342e-06 4.233342e-06 4.233342e-06 4.233342e-06 4.233342e-06 4.233342e-06 4.02282e-06 3.525524e-06 3.213969e-06 2.992277e-06 3.429758e-06 4.197018e-06 4.233342e-06 4.233342e-06 4.233342e-06 4.233342e-06 4.233342e-06 4.233342e-06 4.233342e-06 4.233342e-06 4.233342e-06 4.233342e-06 4.233342e-06 4.233342e-06 4.233342e-06 4.233342e-06 4.233342e-06 4.233342e-06 4.233342e-06 4.233342e-06 4.233342e-06 4.233342e-06 4.233342e-06 4.233342e-06 4.233342e-06 4.233342e-06 4.233342e-06 4.233342e-06 4.233342e-06 4.233342e-06 4.233342e-06 4.233342e-06 4.233342e-06 4.233342e-06 4.233342e-06 4.233342e-06 4.233342e-06 4.233342e-06 4.233342e-06 4.233342e-06 0 0 4.233342e-06 4.233342e-06 4.233342e-06 4.233342e-06 4.233342e-06 0 0 0 0 0 0 0 0 0 0 0 0 0 0
0 0 0 0 0 0 0 0 0 0 0 0 0 4.233342e-06 4.233342e-06 4.233342e-06 4.233342e-06 4.233342e-06 4.233342e-06 4.233342e-06 4.231739e-06 3.997266e-06 3.763854e-06 3.643098e-06 3.93358e-06 4.233342e-06 4.233342e-06 4.233342e-06 4.233342e-06 4.233342e-06 4.233342e-06 4.233342e-06 4.233342e-06 4.233342e-06 4.233342e-06 4.233342e-06 4.233342e-06 4.233342e-06 4.233342e-06 4.233342e-06 4.233342e-06 4.233342e-06 4.233342e-06 4.233342e-06 4.233342e-06 4.233342e-06 4.233342e-06 4.233342e-06 4.233342e-06 4.233342e-06 4.233342e-06 4.233342e-06 4.233342e-06 4.233342e-06 4.233342e-06 4.233342e-06 4.233342e-06 4.233342e-06 4.233342e-06 4.233342e-06 4.233342e-06 4.233342e-06 4.233342e-06 0 0 0 0 0 0 0 0 0 0 0 0 0 0 0 0 0 0 0 0 0 0
0 0 0 0 0 0 0 0 0 0 0 0 0 4.180832e-06 4.233342e-06 4.233342e-06 4.233342e-06 4.233342e-06 4.233342e-06 4.233342e-06 4.233342e-06 4.233342e-06 4.233342e-06 4.138598e-06 4.194852e-06 4.233342e-06 4.233342e-06 4.233342e-06 4.233342e-06 4.233342e-06 4.233342e-06 4.233342e-06 4.233342e-06 4.233342e-06 4.233342e-06 4.233342e-06 4.233342e-06 4.233342e-06 4.233342e-06 4.233342e-06 4.233342e-06 4.233342e-06 4.233342e-06 4.233342e-06 4.233342e-06 4.233342e-06 4.233342e-06 4.233342e-06 4.233342e-06 4.233342e-06 4.233342e-06 4.233342e-06 4.233342e-06 4.233342e-06 4.233342e-06 4.233342e-06 4.233342e-06 4.233342e-06 4.233342e-06 4.233342e-06 4.233342e-06 4.233342e-06 4.233342e-06 0 0 0 0 0 0 0 0 0 0 0 0 0 0 0 0 0 0 0 0 0 0
0 0 0 0 0 0 0 0 0 0 0 0 0 0 4.204847e-06 4.167741e-06 4.233342e-06 4.233342e-06 4.233342e-06 4.233342e-06 4.233342e-06 4.233342e-06 4.233342e-06 4.233342e-06 4.233342e-06 4.233342e-06 4.233342e-06 4.233342e-06 4.233342e-06 4.233342e-06 4.233342e-06 4.233342e-06 4.233342e-06 4.233342e-06 4.233342e-06 4.233342e-06 4.233342e-06 4.233342e-06 4.233342e-06 4.233342e-06 4.233342e-06 4.233342e-06 4.233342e-06 4.233342e-06 4.233342e-06 4.233342e-06 4.233342e-06 4.233342e-06 4.233342e-06 4.233342e-06 4.233342e-06 4.233342e-06 4.233342e-06 4.233342e-06 4.233342e-06 4.233342e-06 4.233342e-06 4.233342e-06 4.233342e-06 4.233342e-06 4.233342e-06 4.233342e-06 0 0 0 0 0 0 0 0 0 0 0 0 0 0 0 0 0 0 0 0 0 0 0
0 0 0 0 0 0 0 0 0 0 0 0 0 0 4.097689e-06 3.769365e-06 3.769374e-06 4.002786e-06 4.233342e-06 4.233342e-06 4.233342e-06 4.233342e-06 4.233342e-06 4.233342e-06 4.233342e-06 4.233342e-06 4.233342e-06 4.233342e-06 4.233342e-06 4.233342e-06 4.233342e-06 4.233342e-06 4.233342e-06 4.233342e-06 4.233342e-06 4.233342e-06 4.233342e-06 4.233342e-06 4.233342e-06 4.233342e-06 4.233342e-06 4.233342e-06 4.233342e-06 4.233342e-06 4.233342e-06 4.233342e-06 4.233342e-06 4.233342e-06 4.233342e-06 4.233342e-06 4.233342e-06 4.233342e-06 4.233342e-06 4.233342e-06 4.233342e-06 4.233342e-06 4.233342e-06 4.233342e-06 4.233342e-06 4.233342e-06 4.233342e-06 4.233342e-06 0 0 0 0 0 0 0 0 0 0 0 0 0 0 0 0 0 0 0 0 0 0 0
0 0 0 0 0 0 0 0 0 0 0 0 0 3.515877e-06 3.578045e-06 3.27424e-06 3.21949e-06 3.452902e-06 3.929514e-06 4.222102e-06 4.233342e-06 4.233342e-06 4.233342e-06 4.233342e-06 4.233342e-06 4.233342e-06 4.233342e-06 4.233342e-06 4.233342e-06 4.233342e-06 4.233342e-06 4.233342e-06 4.233342e-06 4.233342e-06 4.233342e-06 4.233342e-06 4.233342e-06 4.233342e-06 4.233342e-06 4.233342e-06 4.233342e-06 4.233342e-06 4.233342e-06 4.233342e-06 4.233342e-06 4.233342e-06 4.233342e-06 4.233342e-06 4.233342e-06 4.233342e-06 4.233342e-06 4.233342e-06 4.233342e-06 4.233342e-06 4.233342e-06 4.233342e-06 4.233342e-06 4.233342e-06 4.233342e-06 4.233342e-06 4.233342e-06 4.233342e-06 0 0 0 0 0 0 0 0 0 0 0 0 0 0 0 0 0 0 0 0 0 0 0
0 0 0 0 0 0 0 0 0 0 0 0 3.175006e-06 3.175006e-06 3.210584e-06 3.175006e-06 3.175006e-06 3.329054e-06 3.878938e-06 4.233342e-06 4.233342e-06 4.233342e-06 4.233342e-06 4.233342e-06 4.233342e-06 4.233342e-06 4.233342e-06 4.233342e-06 4.233342e-06 4.233342e-06 4.233342e-06 4.233342e-06 4.233342e-06 4.233342e-06 4.233342e-06 4.233342e-06 4.233342e-06 4.233342e-06 4.233342e-06 4.233342e-06 4.233342e-06 4.233342e-06 4.233342e-06 4.233342e-06 4.233342e-06 4.233342e-06 4.233342e-06 4.233342e-06 4.233342e-06 4.233342e-06 4.233342e-06 4.233342e-06 4.233342e-06 4.233342e-06 4.233342e-06 4.233342e-06 4.233342e-06 4.233342e-06 4.233342e-06 4.233342e-06 4.233342e-06 4.233342e-06 0 0 0 0 0 0 0 0 0 0 0 0 0 0 0 0 0 0 0 0 0 0 0
0 0 0 0 0 0 0 0 0 0 0 0 3.175006e-06 3.175006e-06 3.175006e-06 3.250324e-06 3.175006e-06 3.562466e-06 4.11235e-06 4.233342e-06 4.233342e-06 4.233342e-06 4.233342e-06 4.233342e-06 4.233342e-06 4.233342e-06 4.233342e-06 4.233342e-06 4.233342e-06 4.233342e-06 4.233342e-06 4.233342e-06 4.233342e-06 4.233342e-06 4.233342e-06 4.233342e-06 4.233342e-06 0 0 0 0 4.233342e-06 4.233342e-06 4.233342e-06 4.233342e-06 4.233342e-06 4.233342e-06 4.233342e-06 4.233342e-06 4.233342e-06 4.233342e-06 4.233342e-06 4.233342e-06 4.233342e-06 4.233342e-06 4.233342e-06 4.233342e-06 4.233342e-06 4.233342e-06 4.233342e-06 4.233342e-06 4.233342e-06 0 0 0 0 0 0 0 0 0 0 0 0 0 0 0 0 0 0 0 0 0 0 0
0 0 0 0 0 0 0 0 0 0 0 0 3.175006e-06 3.175006e-06 3.203312e-06 3.602191e-06 3.75615e-06 3.925432e-06 4.233342e-06 4.233342e-06 4.233342e-06 4.233342e-06 4.233342e-06 4.233342e-06 4.233342e-06 4.233342e-06 4.233342e-06 4.233342e-06 4.233342e-06 4.233342e-06 4.233342e-06 4.233342e-06 4.233342e-06 4.233342e-06 4.233342e-06 4.233342e-06 0 0 0 0 0 0 0 0 4.233342e-06 4.233342e-06 4.233342e-06 4.233342e-06 4.233342e-06 4.233342e-06 4.233342e-06 4.233342e-06 4.233342e-06 4.233342e-06 4.233342e-06 4.233342e-06 4.233342e-06 4.233342e-06 4.233342e-06 4.233342e-06 4.233342e-06 4.233342e-06 0 0 0 0 0 0 0 0 0 0 0 0 0 0 0 0 0 0 0 0 0 0 0
0 0 0 0 0 0 0 0 0 0 0 0 3.175006e-06 3.175006e-06 3.437972e-06 3.987857e-06 4.233342e-06 4.195739e-06 4.233342e-06 4.233342e-06 4.233342e-06 4.233342e-06 4.233342e-06 4.233342e-06 4.233342e-06 4.233342e-06 4.233342e-06 4.233342e-06 4.233342e-06 4.233342e-06 4.233342e-06 4.233342e-06 4.233342e-06 4.233342e-06 4.233342e-06 4.233342e-06 0 0 0 0 0 0 0 0 0 0 4.233342e-06 4.233342e-06 4.233342e-06 4.233342e-06 4.233342e-06 4.233342e-06 4.233342e-06 4.233342e-06 4.233342e-06 4.233342e-06 4.233342e-06 4.233342e-06 4.233342e-06 4.233342e-06 4.233342e-06 0 0 0 0 0 0 0 0 0 0 0 0 0 0 0 0 0 0 0 0 0 0 0 0
0 0 0 0 0 0 0 0 0 0 0 0 3.175006e-06 3.175006e-06 3.671384e-06 4.221269e-06 4.233342e-06 4.233342e-06 4.233342e-06 4.233342e-06 4.233342e-06 4.233342e-06 4.233342e-06 4.235188e-06 4.233342e-06 4.233342e-06 4.233342e-06 4.233342e-06 4.233342e-06 4.233342e-06 4.233342e-06 4.233342e-06 4.233342e-06 4.233342e-06 4.233342e-06 4.233342e-06 0 0 0 0 0 0 0 0 0 0 0 0 4.233342e-06 4.233342e-06 4.233342e-06 4.233342e-06 4.233342e-06 4.233342e-06 4.233342e-06 4.233342e-06 4.233342e-06 4.233342e-06 4.233342e-06 4.233342e-06 4.233342e-06 0 0 0 0 0 0 0 0 0 0 0 0 0 0 0 0 0 0 0 0 0 0 0 0
0 0 0 0 0 0 0 0 0 0 0 0 3.175006e-06 3.222311e-06 3.527852e-06 3.985621e-06 4.211688e-06 4.233342e-06 4.233342e-06 4.233342e-06 4.233342e-06 4.233342e-06 4.233342e-06 4.439107e-06 4.524779e-06 4.290341e-06 4.233342e-06 4.233342e-06 4.233342e-06 4.233342e-06 4.233342e-06 4.233342e-06 4.233342e-06 4.233342e-06 4.233342e-06 4.233342e-06 0 0 0 0 0 0 0 0 0 0 0 0 0 4.233342e-06 4.233342e-06 4.233342e-06 4.233342e-06 4.233342e-06 4.233342e-06 4.233342e-06 4.233342e-06 4.233342e-06 4.233342e-06 4.233342e-06 4.233342e-06 0 0 0 0 0 0 0 0 0 0 0 0 0 0 0 0 0 0 0 0 0 0 0 0
0 0 0 0 0 0 0 0 0 0 0 0 3.10984e-06 3.175006e-06 3.175006e-06 3.741095e-06 4.201391e-06 4.233342e-06 4.233342e-06 4.233342e-06 4.254133e-06 4.518386e-06 4.553141e-06 4.844482e-06 5.019359e-06 4.475185e-06 4.233342e-06 4.233342e-06 4.233342e-06 4.233342e-06 4.233342e-06 4.233342e-06 4.233342e-06 4.233342e-06 4.233342e-06 4.233342e-06 0 0 0 0 0 0 0 0 0 0 0 0 0 0 0 4.233342e-06 4.233342e-06 4.233342e-06 4.233342e-06 4.233342e-06 4.233342e-06 4.233342e-06 4.233342e-06 4.233342e-06 4.233342e-06 0 0 0 0 0 0 0 0 0 0 0 0 0 0 0 0 0 0 0 0 0 0 0 0
0 0 0 0 0 0 0 0 0 0 0 0 3.175006e-06 3.175006e-06 3.236449e-06 3.632556e-06 4.13268e-06 4.233342e-06 4.382278e-06 4.582563e-06 4.558803e-06 5.029484e-06 4.89368e-06 4.716565e-06 4.69658e-06 4.375212e-06 4.233342e-06 4.233342e-06 4.233342e-06 4.233342e-06 4.233342e-06 4.233342e-06 4.233342e-06 4.233342e-06 4.233342e-06 0 0 0 0 0 0 0 0 0 0 0 0 0 0 0 0 0 4.233342e-06 4.233342e-06 4.233342e-06 4.233342e-06 4.233342e-06 4.233342e-06 4.233342e-06 4.233342e-06 0 0 0 0 0 0 0 0 0 0 0 0 0 0 0 0 0 0 0 0 0 0 0 0 0
0 0 0 0 0 0 0 0 0 0 0 0 3.175006e-06 3.175006e-06 3.175006e-06 3.308921e-06 3.824186e-06 4.193915e-06 4.6879e-06 5.210166e-06 4.406263e-06 4.17426e-06 4.430388e-06 4.235959e-06 4.295783e-06 4.233342e-06 4.233342e-06 4.233342e-06 4.233342e-06 4.233342e-06 4.233342e-06 4.233342e-06 4.233342e-06 4.233342e-06 4.233342e-06 0 0 0 0 0 0 0 0 0 0 0 0 0 0 0 0 0 0 4.233342e-06 4.233342e-06 4.233342e-06 4.233342e-06 4.233342e-06 4.233342e-06 4.233342e-06 0 0 0 0 0 0 0 0 0 0 0 0 0 0 0 0 0 0 0 0 0 0 0 0 0
0 0 0 0 0 0 0 0 0 0 0 0 3.175006e-06 3.175006e-06 3.175006e-06 3.235485e-06 3.722159e-06 4.371428e-06 4.921312e-06 4.932638e-06 3.832869e-06 3.395959e-06 4.043341e-06 4.393369e-06 4.549596e-06 4.411988e-06 4.233342e-06 4.233342e-06 4.233342e-06 4.233342e-06 4.233342e-06 4.233342e-06 4.233342e-06 4.233342e-06 4.233342e-06 0 0 0 0 0 0 0 0 0 0 0 0 0 0 0 0 0 0 0 4.233342e-06 4.233342e-06 4.233342e-06 4.233342e-06 0 0 0 0 0 0 0 0 0 0 0 0 0 0 0 0 0 0 0 0 0 0 0 0 0 0 0
0 0 0 0 0 0 0 0 0 0 0 0 3.175006e-06 3.175006e-06 3.175006e-06 3.210046e-06 3.462492e-06 3.957488e-06 4.695035e-06 4.450772e-06 3.366045e-06 3.629371e-06 4.179256e-06 4.664951e-06 5.183785e-06 4.961873e-06 4.714996e-06 4.351955e-06 4.233342e-06 4.233342e-06 4.233342e-06 4.233342e-06 4.233342e-06 4.233342e-06 0 0 0 0 0 0 0 0 0 0 0 0 0 0 0 0 0 0 0 0 0 0 0 0 0 0 0 0 0 0 0 0 0 0 0 0 0 0 0 0 0 0 0 0 0 0 0 0 0 0 0
0 0 0 0 0 0 0 0 0 0 0 0 3.095575e-06 3.175006e-06 3.175006e-06 3.175006e-06 3.175006e-06 3.221043e-06 3.652531e-06 3.561267e-06 3.312899e-06 3.862784e-06 4.256728e-06 4.489264e-06 4.838185e-06 5.071597e-06 5.019454e-06 4.422186e-06 4.233342e-06 4.233342e-06 4.233342e-06 4.233342e-06 4.233342e-06 0 0 0 0 0 0 0 0 0 0 0 0 0 0 0 0 0 0 0 0 0 0 0 0 0 0 0 0 0 0 0 0 0 0 0 0 0 0 0 0 0 0 0 0 0 0 0 0 0 0 0 0
0 0 0 0 0 0 0 0 0 0 0 0 2.54569e-06 2.779103e-06 3.050438e-06 3.175006e-06 3.175006e-06 3.175006e-06 3.175006e-06 3.175006e-06 3.546311e-06 4.096196e-06 4.233342e-06 4.233342e-06 4.2883e-06 4.521713e-06 4.51078e-06 4.242508e-06 4.233342e-06 4.233342e-06 4.233342e-06 4.233342e-06 4.233342e-06 0 0 0 0 0 0 0 0 0 0 0 0 0 0 0 0 0 0 0 0 0 0 0 0 0 0 0 0 0 0 0 0 0 0 0 0 0 0 0 0 0 0 0 0 0 0 0 0 0 0 0 0
0 0 0 0 0 0 0 0 0 0 0 0 2.116671e-06 2.229218e-06 2.786003e-06 3.162319e-06 3.175006e-06 3.174853e-06 3.175006e-06 3.198564e-06 3.568174e-06 4.096515e-06 4.233342e-06 4.233342e-06 4.233342e-06 4.189078e-06 4.213984e-06 4.233342e-06 4.233342e-06 4.233342e-06 4.233342e-06 4.233342e-06 0 0 0 0 0 0 0 0 0 0 0 0 0 0 0 0 0 0 0 0 0 0 0 0 0 0 0 0 0 0 0 0 0 0 0 0 0 0 0 0 0 0 0 0 0 0 0 0 0 0 0 0 0
0 0 0 0 0 0 0 0 0 0 0 0 2.116671e-06 2.212868e-06 2.692955e-06 3.175006e-06 3.175006e-06 3.043938e-06 2.927633e-06 3.079806e-06 3.284461e-06 3.54663e-06 3.780043e-06 4.090559e-06 4.233342e-06 3.917054e-06 3.707732e-06 4.036575e-06 4.22762e-06 4.233342e-06 0 0 0 0 0 0 0 0 0 0 0 0 0 0 0 0 0 0 0 0 0 0 0 0 0 0 0 0 0 0 0 0 0 0 0 0 0 0 0 0 0 0 0 0 0 0 0 0 0 0 0 0 0 0 0
0 0 0 0 0 0 0 0 0 0 0 0 2.116671e-06 2.143371e-06 2.38923e-06 2.870367e-06 3.156116e-06 2.694783e-06 2.319941e-06 2.529922e-06 2.768471e-06 3.09159e-06 3.28195e-06 3.903266e-06 4.137269e-06 3.587384e-06 3.312513e-06 3.919836e-06 0 0 0 0 0 0 0 0 0 0 0 0 0 0 0 0 0 0 0 0 0 0 0 0 0 0 0 0 0 0 0 0 0 0 0 0 0 0 0 0 0 0 0 0 0 0 0 0 0 0 0 0 0 0 0 0 0
0 0 0 0 0 0 0 0 0 0 0 0 2.116671e-06 2.116671e-06 2.210631e-06 2.781285e-06 3.011255e-06 2.461371e-06 2.188413e-06 2.214152e-06 2.437516e-06 2.994863e-06 3.328404e-06 3.806042e-06 3.884637e-06 3.353972e-06 0 0 0 0 0 0 0 0 0 0 0 0 0 0 0 0 0 0 0 0 0 0 0 0 0 0 0 0 0 0 0 0 0 0 0 0 0 0 0 0 0 0 0 0 0 0 0 0 0 0 0 0 0 0 0 0 0 0 0
0 0 0 0 0 0 0 0 0 0 0 0 1.973441e-06 2.116671e-06 2.205102e-06 2.541528e-06 2.572671e-06 2.217968e-06 2.497909e-06 2.757876e-06 2.844291e-06 3.152485e-06 3.181766e-06 0 0 0 0 0 0 0 0 0 0 0 0 0 0 0 0 0 0 0 0 0 0 0 0 0 0 0 0 0 0 0 0 0 0 0 0 0 0 0 0 0 0 0 0 0 0 0 0 0 0 0 0 0 0 0 0 0 0 0 0 0 0
0 0 0 0 0 0 0 0 0 0 0 0 1.753065e-06 2.116671e-06 2.116671e-06 2.116671e-06 2.189437e-06 2.238795e-06 2.78868e-06 3.175006e-06 0 0 0 0 0 0 0 0 0 0 0 0 0 0 0 0 0 0 0 0 0 0 0 0 0 0 0 0 0 0 0 0 0 0 0 0 0 0 0 0 0 0 0 0 0 0 0 0 0 0 0 0 0 0 0 0 0 0 0 0 0 0 0 0 0
0 0 0 0 0 0 0 0 0 0 0 0 1.658507e-06 2.104917e-06 2.116671e-06 0 0 0 0 0 0 0 0 0 0 0 0 0 0 0 0 0 0 0 0 0 0 0 0 0 0 0 0 0 0 0 0 0 0 0 0 0 0 0 0 0 0 0 0 0 0 0 0 0 0 0 0 0 0 0 0 0 0 0 0 0 0 0 0 0 0 0 0 0 0
0 0 0 0 0 0 0 0 0 0 0 0 0 0 0 0 0 0 0 0 0 0 0 0 0 0 0 0 0 0 0 0 0 0 0 0 0 0 0 0 0 0 0 0 0 0 0 0 0 0 0 0 0 0 0 0 0 0 0 0 0 0 0 0 0 0 0 0 0 0 0 0 0 0 0 0 0 0 0 0 0 0 0 0 0
0 0 0 0 0 0 0 0 0 0 0 0 0 0 0 0 0 0 0 0 0 0 0 0 0 0 0 0 0 0 0 0 0 0 0 0 0 0 0 0 0 0 0 0 0 0 0 0 0 0 0 0 0 0 0 0 0 0 0 0 0 0 0 0 0 0 0 0 0 0 0 0 0 0 0 0 0 0 0 0 0 0 0 0 0
0 0 0 0 0 0 0 0 0 0 0 0 0 0 0 0 0 0 0 0 0 0 0 0 0 0 0 0 0 0 0 0 0 0 0 0 0 0 0 0 0 0 0 0 0 0 0 0 0 0 0 0 0 0 0 0 0 0 0 0 0 0 0 0 0 0 0 0 0 0 0 0 0 0 0 0 0 0 0 0 0 0 0 0 0
0 0 0 0 0 0 0 0 0 0 0 0 0 0 0 0 0 0 0 0 0 0 0 0 0 0 0 0 0 0 0 0 0 0 0 0 0 0 0 0 0 0 0 0 0 0 0 0 0 0 0 0 0 0 0 0 0 0 0 0 0 0 0 0 0 0 0 0 0 0 0 0 0 0 0 0 0 0 0 0 0 0 0 0 0
0 0 0 0 0 0 0 0 0 0 0 0 0 0 0 0 0 0 0 0 0 0 0 0 0 0 0 0 0 0 0 0 0 0 0 0 0 0 0 0 0 0 0 0 0 0 0 0 0 0 0 0 0 0 0 0 0 0 0 0 0 0 0 0 0 0 0 0 0 0 0 0 0 0 0 0 0 0 0 0 0 0 0 0 0
0 0 0 0 0 0 0 0 0 0 0 0 0 0 0 0 0 0 0 0 0 0 0 0 0 0 0 0 0 0 0 0 0 0 0 0 0 0 0 0 0 0 0 0 0 0 0 0 0 0 0 0 0 0 0 0 0 0 0 0 0 0 0 0 0 0 0 0 0 0 0 0 0 0 0 0 0 0 0 0 0 0 0 0 0
0 0 0 0 0 0 0 0 0 0 0 0 0 0 0 0 0 0 0 0 0 0 0 0 0 0 0 0 0 0 0 0 0 0 0 0 0 0 0 0 0 0 0 0 0 0 0 0 0 0 0 0 0 0 0 0 0 0 0 0 0 0 0 0 0 0 0 0 0 0 0 0 0 0 0 0 0 0 0 0 0 0 0 0 0
0 0 0 0 0 0 0 0 0 0 0 0 0 0 0 0 0 0 0 0 0 0 0 0 0 0 0 0 0 0 0 0 0 0 0 0 0 0 0 0 0 0 0 0 0 0 0 0 0 0 0 0 0 0 0 0 0 0 0 0 0 0 0 0 0 0 0 0 0 0 0 0 0 0 0 0 0 0 0 0 0 0 0 0 0
0 0 0 0 0 0 0 0 0 0 0 0 0 0 0 0 0 0 0 0 0 0 0 0 0 0 0 0 0 0 0 0 0 0 0 0 0 0 0 0 0 0 0 0 0 0 0 0 0 0 0 0 0 0 0 0 0 0 0 0 0 0 0 0 0 0 0 0 0 0 0 0 0 0 0 0 0 0 0 0 0 0 0 0 0
0 0 0 0 0 0 0 0 0 0 0 0 0 0 0 0 0 0 0 0 0 0 0 0 0 0 0 0 0 0 0 0 0 0 0 0 0 0 0 0 0 0 0 0 0 0 0 0 0 0 0 0 0 0 0 0 0 0 0 0 0 0 0 0 0 0 0 0 0 0 0 0 0 0 0 0 0 0 0 0 0 0 0 0 0
0 0 0 0 0 0 0 0 0 0 0 0 0 0 0 0 0 0 0 0 0 0 0 0 0 0 0 0 0 0 0 0 0 0 0 0 0 0 0 0 0 0 0 0 0 0 0 0 0 0 0 0 0 0 0 0 0 0 0 0 0 0 0 0 0 0 0 0 0 0 0 0 0 0 0 0 0 0 0 0 0 0 0 0 0
0 0 0 0 0 0 0 0 0 0 0 0 0 0 0 0 0 0 0 0 0 0 0 0 0 0 0 0 0 0 0 0 0 0 0 0 0 0 0 0 0 0 0 0 0 0 0 0 0 0 0 0 0 0 0 0 0 0 0 0 0 0 0 0 0 0 0 0 0 0 0 0 0 0 0 0 0 0 0 0 0 0 0 0 0
0 0 0 0 0 0 0 0 0 0 0 0 0 0 0 0 0 0 0 0 0 0 0 0 0 0 0 0 0 0 0 0 0 0 0 0 0 0 0 0 0 0 0 0 0 0 0 0 0 0 0 0 0 0 0 0 0 0 0 0 0 0 0 0 0 0 0 0 0 0 0 0 0 0 0 0 0 0 0 0 0 0 0 0 0
0 0 0 0 0 0 0 0 0 0 0 0 0 0 0 0 0 0 0 0 0 0 0 0 0 0 0 0 0 0 0 0 0 0 0 0 0 0 0 0 0 0 0 0 0 0 0 0 0 0 0 0 0 0 0 0 0 0 0 0 0 0 0 0 0 0 0 0 0 0 0 0 0 0 0 0 0 0 0 0 0 0 0 0 0
0 0 0 0 0 0 0 0 0 0 0 0 0 0 0 0 0 0 0 0 0 0 0 0 0 0 0 0 0 0 0 0 0 0 0 0 0 0 0 0 0 0 0 0 0 0 0 0 0 0 0 0 0 0 0 0 0 0 0 0 0 0 0 0 0 0 0 0 0 0 0 0 0 0 0 0 0 0 0 0 0 0 0 0 0
0 0 0 0 0 0 0 0 0 0 0 0 0 0 0 0 0 0 0 0 0 0 0 0 0 0 0 0 0 0 0 0 0 0 0 0 0 0 0 0 0 0 0 0 0 0 0 0 0 0 0 0 0 0 0 0 0 0 0 0 0 0 0 0 0 0 0 0 0 0 0 0 0 0 0 0 0 0 0 0 0 0 0 0 0
0 0 0 0 0 0 0 0 0 0 0 0 0 0 0 0 0 0 0 0 0 0 0 0 0 0 0 0 0 0 0 0 0 0 0 0 0 0 0 0 0 0 0 0 0 0 0 0 0 0 0 0 0 0 0 0 0 0 0 0 0 0 0 0 0 0 0 0 0 0 0 0 0 0 0 0 0 0 0 0 0 0 0 0 0
0 0 0 0 0 0 0 0 0 0 0 0 0 0 0 0 0 0 0 0 0 0 0 0 0 0 0 0 0 0 0 0 0 0 0 0 0 0 0 0 0 0 0 0 0 0 0 0 0 0 0 0 0 0 0 0 0 0 0 0 0 0 0 0 0 0 0 0 0 0 0 0 0 0 0 0 0 0 0 0 0 0 0 0 0
0 0 0 0 0 0 0 0 0 0 0 0 0 0 0 0 0 0 0 0 0 0 0 0 0 0 0 0 0 0 0 0 0 0 0 0 0 0 0 0 0 0 0 0 0 0 0 0 0 0 0 0 0 0 0 0 0 0 0 0 0 0 0 0 0 0 0 0 0 0 0 0 0 0 0 0 0 0 0 0 0 0 0 0 0
0 0 0 0 0 0 0 0 0 0 0 0 0 0 0 0 0 0 0 0 0 0 0 0 0 0 0 0 0 0 0 0 0 0 0 0 0 0 0 0 0 0 0 0 0 0 0 0 0 0 0 0 0 0 0 0 0 0 0 0 0 0 0 0 0 0 0 0 0 0 0 0 0 0 0 0 0 0 0 0 0 0 0 0 0
0 0 0 0 0 0 0 0 0 0 0 0 0 0 0 0 0 0 0 0 0 0 0 0 0 0 0 0 0 0 0 0 0 0 0 0 0 0 0 0 0 0 0 0 0 0 0 0 0 0 0 0 0 0 0 0 0 0 0 0 0 0 0 0 0 0 0 0 0 0 0 0 0 0 0 0 0 0 0 0 0 0 0 0 0
0 0 0 0 0 0 0 0 0 0 0 0 0 0 0 0 0 0 0 0 0 0 0 0 0 0 0 0 0 0 0 0 0 0 0 0 0 0 0 0 0 0 0 0 0 0 0 0 0 0 0 0 0 0 0 0 0 0 0 0 0 0 0 0 0 0 0 0 0 0 0 0 0 0 0 0 0 0 0 0 0 0 0 0 0
0 0 0 0 0 0 0 0 0 0 0 0 0 0 0 0 0 0 0 0 0 0 0 0 0 0 0 0 0 0 0 0 0 0 0 0 0 0 0 0 0 0 0 0 0 0 0 0 0 0 0 0 0 0 0 0 0 0 0 0 0 0 0 0 0 0 0 0 0 0 0 0 0 0 0 0 0 0 0 0 0 0 0 0 0
0 0 0 0 0 0 0 0 0 0 0 0 0 0 0 0 0 0 0 0 0 0 0 0 0 0 0 0 0 0 0 0 0 0 0 0 0 0 0 0 0 0 0 0 0 0 0 0 0 0 0 0 0 0 0 0 0 0 0 0 0 0 0 0 0 0 0 0 0 0 0 0 0 0 0 0 0 0 0 0 0 0 0 0 0
0 0 0 0 0 0 0 0 0 0 0 0 0 0 0 0 0 0 0 0 0 0 0 0 0 0 0 0 0 0 0 0 0 0 0 0 0 0 0 0 0 0 0 0 0 0 0 0 0 0 0 0 0 0 0 0 0 0 0 0 0 0 0 0 0 0 0 0 0 0 0 0 0 0 0 0 0 0 0 0 0 0 0 0 0
0 0 0 0 0 0 0 0 0 0 0 0 0 0 0 0 0 0 0 0 0 0 0 0 0 0 0 0 0 0 0 0 0 0 0 0 0 0 0 0 0 0 0 0 0 0 0 0 0 0 0 0 0 0 0 0 0 0 0 0 0 0 0 0 0 0 0 0 0 0 0 0 0 0 0 0 0 0 0 0 0 0 0 0 0
0 0 0 0 0 0 0 0 0 0 0 0 0 0 0 0 0 0 0 0 0 0 0 0 0 0 0 0 0 0 0 0 0 0 0 0 0 0 0 0 0 0 0 0 0 0 0 0 0 0 0 0 0 0 0 0 0 0 0 0 0 0 0 0 0 0 0 0 0 0 0 0 0 0 0 0 0 0 0 0 0 0 0 0 0
