0,0,0,0,0,0,0,0,0,0,0,0,0,0,0,0,0,0,0,0,0,0,0,0,0,0,0,0,0,0,0,1.73129777e-10,6.121495e-08,0,0,0,0,0,0,0,0,0,0,0,0,0,0,0,0,0,0,0,0,0,0,0,0,0,0,0,0,0,0,0,0,0,0,0,0,0,0,0,0,0,0,0,0,0,0,0,0,0,0,0,0
0,0,0,0,0,0,0,0,0,0,0,0,0,0,0,0,0,0,0,0,0,0,0,0,0,0,0,0,0,0,0,0,0,1.73129777e-10,0,0,0,0,0,0,0,0,0,0,0,0,0,0,0,0,0,0,0,0,0,0,0,0,0,0,0,0,0,0,0,0,0,0,0,0,0,0,0,0,0,0,0,0,0,0,0,0,0,0,0
0,0,0,0,0,0,0,0,0,0,0,0,0,0,0,0,0,0,0,0,0,0,0,0,0,0,0,0,0,0,0,0,0,1.73129777e-10,1.46290318e-10,0,0,0,0,0,0,0,0,0,0,0,0,0,0,0,0,0,0,0,0,0,0,0,0,0,0,0,0,0,0,0,0,0,0,0,0,0,0,0,0,0,0,0,0,0,0,0,0,0,0
0,0,0,0,0,0,0,0,0,0,0,0,0,0,0,0,0,0,0,0,0,0,0,0,0,0,0,0,0,0,0,0,0,0,0,0,0,0,0,0,0,0,0,0,0,0,0,0,0,0,0,0,0,0,0,0,0,0,0,0,0,0,0,0,0,0,0,0,0,0,0,0,0,0,0,0,0,0,0,0,0,0,0,0,0
0,0,0,0,0,0,0,0,0,0,0,0,0,0,0,0,0,0,0,0,0,0,0,0,0,0,0,0,0,0,0,0,0,0,0,0,0,0,0,0,0,0,0,0,0,0,0,0,0,0,0,0,0,0,0,0,0,0,0,0,0,0,0,0,0,0,0,0,0,0,0,0,0,0,0,0,0,0,0,0,0,0,0,0,0
0,0,0,0,0,0,0,0,0,0,0,0,0,0,0,0,0,0,0,0,0,0,0,0,0,0,0,0,0,0,0,0,0,0,0,1.73129777e-10,0,0,0,0,0,0,0,0,0,0,0,0,0,0,0,0,0,0,0,0,0,0,0,0,0,0,0,0,0,0,0,0,0,0,0,0,0,0,0,0,0,0,0,0,0,0,0,0,0
0,0,0,0,0,0,0,0,0,0,0,0,0,0,0,0,0,0,0,0,0,0,0,0,0,0,0,0,0,0,0,0,0,0,0,0,1.73129777e-10,0,0,0,0,0,0,0,0,0,0,0,0,0,0,0,0,0,0,0,0,0,0,0,0,0,0,0,0,0,0,0,0,0,0,0,0,0,0,0,0,0,0,0,0,0,0,0,0
0,0,0,0,0,0,0,0,0,0,0,0,0,0,0,0,0,0,0,0,0,0,0,0,0,0,0,0,0,0,0,0,0,0,0,0,0,0,0,0,0,0,0,0,0,0,0,1.73129777e-10,0,0,0,0,0,0,0,0,0,0,0,0,0,0,0,0,0,0,0,0,0,0,0,0,0,0,0,0,0,0,0,0,0,0,0,0,0
0,0,0,0,0,0,0,0,0,0,0,0,0,0,0,0,0,0,0,0,0,0,0,0,0,0,0,0,0,0,0,0,0,0,0,0,0,0,0,0,0,0,0,0,0,0,0,1.73129777e-10,0,0,8.173672e-08,0,0,0,0,0,0,0,0,0,0,0,0,0,0,0,0,0,0,0,0,0,0,0,0,0,0,0,0,0,0,0,0,0,0
0,0,0,0,0,0,0,0,0,0,0,0,0,0,0,0,0,0,0,0,0,0,0,0,0,0,0,0,0,0,0,0,0,0,0,0,0,1.46290318e-10,1.73129777e-10,0,0,0,0,0,6.121495e-08,1.73129777e-10,1.20463342e-10,0,1.20463342e-10,0,0,0,0,0,0,0,0,0,0,0,0,0,0,0,0,0,0,0,0,0,0,0,0,0,0,0,0,0,0,0,0,0,0,0,0
0,0,0,0,0,0,0,0,0,0,0,0,0,0,0,0,0,0,0,0,0,0,0,0,0,0,0,0,0,0,0,0,0,0,0,0,0,0,1.73129777e-10,1.73129777e-10,1.73129777e-10,1.20463342e-10,1.73129777e-10,1.73129777e-10,1.20463342e-10,1.20463342e-10,0,0,0,1.73129777e-10,1.73129777e-10,1.73129777e-10,1.73129777e-10,0,0,0,0,0,0,0,0,0,0,0,0,0,0,0,0,0,0,0,0,0,0,0,0,0,0,0,0,0,0,0,0
0,0,0,0,0,0,0,0,0,0,0,0,6.121495e-08,1.49077819e-10,0,0,0,0,0,0,0,0,0,0,0,0,0,0,0,0,0,0,0,0,0,0,0,0,1.20463342e-10,1.20463342e-10,1.20463342e-10,1.20463342e-10,1.20463342e-10,1.20463342e-10,0,0,0,0,0,0,0,0,0,0,0,0,0,0,0,0,0,0,0,0,0,0,0,0,0,0,0,0,0,0,0,0,0,0,0,0,0,0,0,0,0
0,0,0,0,0,0,0,0,0,0,0,0,0,0,0,1.49600703e-10,1.48456122e-10,0,0,0,0,0,0,0,0,0,0,0,0,0,0,0,0,0,0,0,0,0,0,1.20463342e-10,1.20463342e-10,1.20463342e-10,0,0,0,0,0,0,0,0,0,0,0,0,8.173672e-08,0,0,0,0,0,0,0,0,0,0,0,0,0,0,0,0,0,0,0,0,0,0,0,0,0,0,0,0,0,0
0,0,0,0,0,0,0,0,0,0,0,0,0,0,0,0,0,0,0,0,0,0,0,0,0,0,0,0,0,0,0,0,0,0,0,0,0,0,0,1.73129777e-10,0,1.73129777e-10,0,0,0,0,0,0,0,0,0,0,0,0,0,0,0,0,0,0,0,0,0,0,0,0,0,0,0,0,0,0,0,0,0,0,0,0,0,0,0,0,0,0,0
0,0,0,0,0,0,0,0,0,0,0,0,0,0,0,0,0,0,0,0,0,0,0,0,0,0,0,0,0,0,0,0,0,0,0,0,0,0,0,0,1.71985196e-10,0,1.73129777e-10,1.73129777e-10,0,0,0,0,0,0,0,0,0,0,0,0,0,0,0,0,0,0,0,0,0,0,0,0,0,0,0,0,0,0,0,0,0,0,0,0,0,0,0,0,0
0,0,0,0,0,0,0,0,0,0,0,0,0,0,0,0,0,0,0,0,0,0,0,0,0,0,0,0,0,0,0,0,0,0,0,0,0,0,0,0,0,1.20463342e-10,1.73129777e-10,8.173672e-08,0,0,0,0,0,0,0,0,0,0,0,0,0,0,0,0,0,0,0,0,0,0,0,0,0,0,0,0,0,0,0,0,0,0,0,0,0,0,0,0,0
0,0,0,0,0,0,0,0,0,0,0,0,0,0,0,0,0,0,0,0,0,0,0,0,0,0,0,0,0,0,0,0,0,0,0,0,0,0,0,0,0,1.20463342e-10,1.11142285e-07,8.173672e-08,0,0,0,0,0,0,0,0,0,0,0,0,0,0,0,0,0,0,0,0,0,0,0,0,0,0,0,0,0,0,0,0,0,0,0,0,0,0,0,0,0
0,0,0,0,0,0,0,0,0,0,0,0,0,0,0,0,0,0,0,0,0,0,0,0,0,0,0,0,0,0,0,0,0,0,0,0,0,0,0,0,0,1.20463342e-10,1.73129777e-10,1.73129777e-10,0,0,0,0,0,0,0,0,0,0,0,0,0,0,0,0,0,0,0,0,0,0,0,0,0,0,0,0,0,0,0,0,0,0,0,0,0,0,0,0,0
0,0,0,0,0,0,0,0,0,0,0,0,0,0,0,0,0,0,0,0,0,0,0,0,0,0,0,0,0,0,0,0,0,0,0,0,0,0,0,0,0,1.20463342e-10,1.73129777e-10,0,0,0,0,0,0,0,0,0,0,0,0,0,0,0,0,0,0,0,0,0,0,0,0,0,0,0,0,0,0,0,0,0,0,0,0,0,0,0,0,0,0
0,0,0,0,0,0,0,0,0,0,0,0,0,0,0,0,0,0,0,0,0,0,0,0,0,0,0,0,0,0,0,0,0,0,0,0,0,0,0,0,0,1.46290318e-10,0,0,0,0,0,0,0,0,0,0,0,0,0,0,0,0,0,0,0,0,0,0,0,0,0,0,0,0,0,0,0,0,0,0,0,0,0,0,0,0,0,0,0
0,0,0,0,0,0,0,0,0,0,0,0,0,0,0,0,0,0,0,0,0,0,0,0,0,0,0,0,0,0,0,0,0,0,0,0,0,0,0,0,0,0,0,0,0,0,0,0,0,0,0,0,0,0,0,0,0,0,0,0,0,0,0,0,0,0,0,0,0,0,0,0,0,0,0,0,0,0,0,0,0,0,0,0,0
0,0,0,0,0,0,0,0,0,0,0,0,0,0,0,0,0,0,0,0,0,0,0,0,0,0,0,0,0,0,0,0,0,0,0,0,0,0,0,0,0,1.20463342e-10,1.46290318e-10,0,0,0,0,0,0,0,0,0,0,0,0,0,0,0,0,0,0,0,0,0,0,0,0,0,0,0,0,0,0,0,0,0,0,0,0,0,0,0,0,0,0
0,0,0,0,0,0,0,0,0,0,0,0,0,0,0,0,0,0,0,0,0,0,0,0,0,0,0,0,0,0,0,0,0,0,0,0,0,0,0,0,0,1.73129777e-10,1.73129777e-10,1.46290318e-10,1.73129777e-10,0,1.46290318e-10,0,0,0,0,0,0,0,0,0,0,0,0,0,0,0,0,0,0,0,0,0,0,0,0,0,0,0,0,0,0,0,0,0,0,0,0,0,0
0,0,0,0,0,0,0,0,0,0,0,0,0,1.600144e-07,6.121495e-08,0,0,0,0,0,0,0,0,0,0,0,0,0,0,0,0,0,0,0,0,0,0,0,0,0,0,1.73129777e-10,1.20463342e-10,1.20463342e-10,1.20463342e-10,1.46290318e-10,0,0,0,0,0,0,0,0,0,0,0,0,0,0,0,0,0,0,0,0,0,0,0,0,0,0,0,0,0,0,0,0,0,0,0,0,0,0,0
0,0,0,0,0,0,0,0,0,0,0,0,0,0,1.49600703e-10,0,0,0,0,0,0,0,0,0,0,0,0,0,0,0,0,0,0,0,0,0,0,0,0,0,0,0,1.20463342e-10,1.20463342e-10,1.73129777e-10,1.73129777e-10,0,0,0,0,0,0,0,0,0,0,0,0,0,0,0,0,0,0,0,0,0,0,0,0,0,0,0,0,0,0,0,0,0,0,0,0,0,0,0
0,0,0,0,0,0,0,0,0,0,0,0,0,0,6.121495e-08,0,0,0,0,0,0,0,0,0,0,0,0,0,0,0,0,0,0,0,0,0,0,0,0,0,0,0,1.73129777e-10,0,0,0,0,0,0,0,0,0,0,0,0,0,0,0,0,0,0,0,0,0,0,0,0,0,0,0,0,0,0,0,0,0,0,0,0,0,0,0,0,0,0
0,0,0,0,0,0,0,0,0,0,0,0,0,0,1.49077819e-10,0,0,0,0,0,0,0,0,0,0,0,0,0,0,0,0,0,0,0,0,0,0,0,0,0,0,0,1.20463342e-10,1.20463342e-10,0,0,0,0,0,0,0,0,0,0,0,0,0,0,0,0,0,0,0,0,0,0,0,0,0,0,0,0,0,0,0,0,0,0,0,0,0,0,0,0,0
0,0,0,0,0,0,0,0,0,0,0,0,0,0,1.49600703e-10,0,0,0,0,0,0,0,0,0,0,0,0,0,0,0,0,0,0,0,0,0,0,0,0,0,0,0,0,1.20463342e-10,0,0,0,0,0,0,0,0,0,0,0,0,0,0,0,0,0,0,0,0,0,0,0,0,0,0,0,0,0,0,0,0,0,0,0,0,0,0,0,0,0
0,0,0,0,0,0,0,0,0,0,0,0,0,0,0,0,0,0,0,0,0,0,0,0,0,0,0,0,0,0,0,0,0,0,0,0,0,0,0,0,0,0,0,1.20463342e-10,0,0,0,0,0,0,0,0,0,0,0,0,0,0,0,0,0,0,0,0,0,0,0,0,0,0,0,0,0,0,0,0,0,0,0,0,0,0,0,0,0
0,0,0,0,0,0,0,0,0,0,0,0,0,1.49600703e-10,0,0,0,0,0,0,0,0,0,0,0,0,0,0,0,0,0,0,0,0,0,0,0,0,0,0,0,0,0,1.20463342e-10,1.73129777e-10,0,0,0,0,0,0,0,0,0,0,0,0,0,0,0,0,0,0,0,0,0,0,0,0,0,0,0,0,0,0,0,0,0,0,0,0,0,0,0,0
0,0,0,0,0,0,0,0,0,0,0,0,1.600144e-07,1.49600703e-10,0,0,0,0,0,0,0,0,0,0,0,0,0,0,0,0,0,0,0,0,0,0,0,0,0,0,0,0,0,1.71985196e-10,1.73129777e-10,0,0,0,0,0,0,0,0,0,0,0,0,0,0,0,0,0,0,0,0,0,0,0,0,0,0,0,0,0,0,0,0,0,0,0,0,0,0,0,0
0,0,0,0,0,0,0,0,0,0,0,1.49077819e-10,1.49077819e-10,1.49600703e-10,0,0,0,0,0,0,0,0,0,0,0,0,0,0,0,0,0,0,0,0,0,0,0,0,0,0,0,0,0,1.20463342e-10,1.46290318e-10,0,0,0,0,0,0,0,0,0,0,0,0,0,0,0,0,0,0,0,0,0,0,0,0,0,0,0,0,0,0,0,0,0,0,0,0,0,0,0,0
0,0,0,0,0,0,0,0,0,0,0,1.49077819e-10,1.49600703e-10,1.49600703e-10,0,0,0,0,0,0,0,0,0,0,0,0,0,0,0,0,0,0,0,0,0,0,0,0,0,0,0,0,0,1.20463342e-10,1.73129777e-10,0,0,0,0,0,0,0,0,0,0,0,0,0,0,0,0,0,0,0,0,0,0,0,0,0,0,0,0,0,0,0,0,0,0,0,0,0,0,0,0
0,0,0,0,0,0,0,0,0,1.600144e-07,1.49077819e-10,1.49600703e-10,1.49600703e-10,1.49600703e-10,0,0,0,0,0,0,0,0,0,0,0,0,0,0,0,0,0,0,0,0,0,0,0,0,0,0,0,0,0,1.73129777e-10,1.73129777e-10,0,0,0,0,0,0,0,0,0,0,0,0,0,0,0,0,0,0,0,0,0,0,0,0,0,0,0,0,0,0,0,0,0,0,0,0,0,0,0,0
0,0,0,0,0,0,8.173672e-08,0,0,0,1.600144e-07,1.49077819e-10,1.49600703e-10,1.49600703e-10,0,0,0,0,0,0,0,0,0,0,0,0,0,0,0,0,0,0,0,0,0,0,0,0,0,0,0,0,0,1.73129777e-10,1.73129777e-10,1.73129777e-10,0,0,0,0,0,0,0,0,0,0,0,0,0,0,0,0,0,0,0,0,0,0,0,0,0,0,0,0,0,0,0,0,0,0,0,0,0,0,0
0,0,0,0,0,0,0,0,0,0,0,8.173672e-08,1.600144e-07,1.49600703e-10,0,0,0,0,0,0,0,0,0,0,0,0,0,0,0,0,0,0,0,0,0,0,0,0,0,0,0,0,0,1.20463342e-10,1.73129777e-10,0,0,0,0,0,0,0,0,0,0,0,0,0,0,0,0,0,0,0,0,0,0,0,0,0,0,0,0,0,0,0,0,0,0,0,0,0,0,0,0
0,0,0,0,0,0,0,0,0,0,0,1.49600703e-10,1.49600703e-10,1.49600703e-10,9.6934268e-11,0,0,0,0,0,0,0,0,0,0,0,0,0,0,0,0,0,0,0,0,0,0,0,0,0,0,0,0,1.20463342e-10,1.73129777e-10,0,0,0,0,0,0,0,0,0,0,0,0,0,0,0,0,0,0,0,0,0,0,0,0,0,0,0,0,0,0,0,0,0,0,0,0,0,0,0,0
0,0,0,0,0,0,0,0,0,0,1.49600703e-10,1.49600703e-10,1.49600703e-10,9.6934268e-11,9.6934268e-11,0,0,0,0,0,0,0,0,0,0,0,0,0,0,0,0,0,0,0,0,0,0,0,0,0,0,0,0,1.73129777e-10,0,0,0,0,0,0,0,0,0,0,0,0,0,0,0,0,0,0,0,0,0,0,0,0,0,0,0,0,0,0,0,0,0,0,0,0,0,0,0,0,0
0,0,0,0,0,0,0,0,0,0,0,1.48456122e-10,9.6934268e-11,1.49600703e-10,0,0,0,0,0,0,0,0,0,0,0,0,0,0,0,0,0,0,0,0,0,0,0,0,0,0,0,0,0,1.73129777e-10,0,1.46290318e-10,0,0,0,0,0,0,0,0,0,0,0,0,0,0,0,0,0,0,0,0,0,0,0,0,0,0,0,0,0,0,0,0,0,0,0,0,0,0,0
0,0,0,0,0,0,0,0,0,0,1.49600703e-10,9.6934268e-11,9.6934268e-11,9.6934268e-11,9.6934268e-11,1.49600703e-10,0,0,0,0,0,0,0,0,0,0,0,0,0,0,0,0,0,0,0,0,0,0,0,0,0,0,0,1.73129777e-10,1.46290318e-10,1.73129777e-10,0,0,6.121495e-08,0,0,0,0,0,0,0,0,0,0,0,0,0,0,0,0,0,0,0,0,0,0,0,0,0,0,0,0,0,0,0,0,0,0,0,0
0,0,0,0,0,0,0,0,0,1.49600703e-10,1.49600703e-10,9.6934268e-11,9.6934268e-11,9.6934268e-11,9.6934268e-11,9.6934268e-11,0,0,0,0,0,0,0,0,0,0,0,0,0,0,0,0,0,0,0,0,0,0,0,0,0,0,1.20463342e-10,1.73129777e-10,1.73129777e-10,1.39146963e-07,1.73129777e-10,1.73129777e-10,0,0,0,0,0,0,0,0,0,0,0,0,0,0,0,0,0,0,0,0,0,0,0,0,0,0,0,0,0,0,0,0,0,0,0,0,0
0,0,0,0,0,0,0,0,1.600144e-07,1.49600703e-10,1.49600703e-10,9.6934268e-11,9.6934268e-11,9.6934268e-11,9.6934268e-11,9.6934268e-11,9.6934268e-11,0,0,0,0,0,0,0,0,0,0,0,0,0,0,0,0,0,0,0,0,0,0,0,0,0,1.20463342e-10,1.20463342e-10,1.11142285e-07,1.20463342e-10,1.20463342e-10,1.20463342e-10,1.73129777e-10,0,0,0,0,0,0,0,0,0,0,0,0,0,0,0,0,0,0,0,0,0,0,0,0,0,0,0,0,0,0,0,0,0,0,0,0
0,0,0,0,0,0,0,0,0,1.49077819e-10,1.49600703e-10,1.49600703e-10,1.48456122e-10,1.49600703e-10,9.6934268e-11,9.6934268e-11,9.6934268e-11,9.6934268e-11,0,0,0,0,0,0,0,0,0,0,0,0,0,0,0,0,0,0,0,0,0,0,0,0,0,1.20463342e-10,1.20463342e-10,1.20463342e-10,1.20463342e-10,1.20463342e-10,1.20463342e-10,1.46290318e-10,0,0,0,0,0,0,0,0,0,0,0,0,0,0,0,0,0,0,0,0,0,0,0,0,0,0,0,0,0,0,0,0,0,0,0
0,0,0,0,0,0,0,0,0,1.600144e-07,1.49600703e-10,1.49600703e-10,1.49600703e-10,9.6934268e-11,1.49600703e-10,1.49600703e-10,9.6934268e-11,9.6934268e-11,9.6934268e-11,0,0,0,0,0,0,0,0,0,0,0,0,0,0,0,0,0,0,0,0,0,0,0,0,0,1.20463342e-10,1.20463342e-10,1.20463342e-10,1.20463342e-10,1.20463342e-10,1.20463342e-10,1.73129777e-10,0,8.173672e-08,8.173672e-08,1.73129777e-10,1.73129777e-10,6.121495e-08,0,0,0,0,0,0,0,0,0,0,0,0,0,0,0,0,0,0,0,0,0,0,0,0,0,0,0,0
0,3.090261e-07,3.090261e-07,3.090261e-07,3.090261e-07,3.090261e-07,2.333691e-07,0,1.600144e-07,1.49077819e-10,1.600144e-07,1.49077819e-10,1.49600703e-10,1.49600703e-10,1.49600703e-10,1.49600703e-10,9.6934268e-11,9.6934268e-11,9.6934268e-11,0,0,0,0,0,0,0,0,0,0,0,0,0,0,0,0,0,0,0,0,0,0,0,0,0,0,1.20463342e-10,1.20463342e-10,1.20463342e-10,1.20463342e-10,1.20463342e-10,1.20463342e-10,1.20463342e-10,1.20463342e-10,1.20463342e-10,1.20463342e-10,1.73129777e-10,0,0,2.333691e-07,3.090261e-07,2.333691e-07,2.333691e-07,2.333691e-07,3.090261e-07,3.090261e-07,3.090261e-07,3.090261e-07,3.090261e-07,3.090261e-07,3.090261e-07,3.090261e-07,3.090261e-07,3.090261e-07,0,0,0,0,0,0,0,0,0,0,0,0
0,5.185208e-07,5.185208e-07,5.185208e-07,5.185208e-07,5.185208e-07,4.428638e-07,2.502156e-07,2.502156e-07,1.765926e-07,1.134511e-07,0,1.49077819e-10,1.49077819e-10,1.49600703e-10,1.49600703e-10,1.49600703e-10,9.6934268e-11,9.6934268e-11,9.6934268e-11,0,0,0,0,0,0,0,0,0,0,0,0,0,0,0,0,0,0,0,0,0,0,0,0,0,0,1.20463342e-10,1.20463342e-10,1.20463342e-10,1.20463342e-10,1.20463342e-10,1.20463342e-10,1.20463342e-10,0,0,2.502156e-07,1.84575075e-07,1.84575075e-07,5.185208e-07,5.185208e-07,5.185208e-07,5.185208e-07,5.185208e-07,5.185208e-07,5.185208e-07,5.185208e-07,5.185208e-07,5.185208e-07,5.185208e-07,5.185208e-07,5.185208e-07,5.185208e-07,5.185208e-07,0,0,0,0,0,0,0,0,0,0,0,0
0,5.185208e-07,5.185208e-07,5.185208e-07,5.185208e-07,5.185208e-07,5.185208e-07,4.428638e-07,1.84575075e-07,1.84575075e-07,1.84575075e-07,6.121495e-08,1.600144e-07,1.600144e-07,1.49600703e-10,1.49600703e-10,1.39123434e-07,9.6934268e-11,9.6934268e-11,9.6934268e-11,0,0,0,0,0,0,0,0,0,0,0,0,0,0,0,0,0,0,0,0,0,0,0,0,0,0,0,0,1.20463342e-10,1.73129777e-10,1.765926e-07,1.20463342e-10,1.73129777e-10,1.134511e-07,0,1.84575075e-07,5.185208e-07,5.185208e-07,5.185208e-07,5.185208e-07,5.185208e-07,5.185208e-07,5.185208e-07,5.185208e-07,5.185208e-07,5.185208e-07,5.185208e-07,5.185208e-07,5.185208e-07,5.185208e-07,5.185208e-07,5.185208e-07,5.185208e-07,0,0,0,0,0,0,0,0,0,0,0,0
0,5.185208e-07,5.185208e-07,5.185208e-07,5.185208e-07,5.185208e-07,5.185208e-07,4.428638e-07,4.428638e-07,1.84575075e-07,1.84575075e-07,6.121495e-08,1.134511e-07,0,1.49600703e-10,1.49600703e-10,9.6934268e-11,1.49600703e-10,9.6934268e-11,9.6934268e-11,0,0,0,0,0,0,0,0,0,0,0,0,0,0,0,0,0,0,0,0,0,0,0,0,0,0,0,0,1.20463342e-10,1.73129777e-10,0,1.73129777e-10,1.73129777e-10,6.121495e-08,1.84575075e-07,5.185208e-07,5.185208e-07,5.185208e-07,5.185208e-07,5.185208e-07,5.185208e-07,5.185208e-07,5.185208e-07,5.185208e-07,5.185208e-07,5.185208e-07,5.185208e-07,5.185208e-07,5.185208e-07,5.185208e-07,5.185208e-07,5.185208e-07,5.185208e-07,0,0,0,0,0,0,0,0,0,0,0,0
5.185208e-07,5.185208e-07,5.185208e-07,5.185208e-07,5.185208e-07,5.185208e-07,5.185208e-07,5.185208e-07,4.428638e-07,4.428638e-07,1.84575075e-07,1.84575075e-07,1.84575075e-07,0,1.600144e-07,1.49077819e-10,1.49600703e-10,9.6934268e-11,9.6934268e-11,9.6934268e-11,0,0,0,0,0,0,0,0,0,0,0,0,0,0,0,0,0,0,0,0,0,0,0,0,0,0,0,0,1.20463342e-10,1.134511e-07,6.121495e-08,1.73129777e-10,1.71985196e-10,1.73129777e-10,0,4.428638e-07,5.185208e-07,5.185208e-07,5.185208e-07,5.185208e-07,5.185208e-07,5.185208e-07,5.185208e-07,5.185208e-07,5.185208e-07,5.185208e-07,5.185208e-07,5.185208e-07,5.185208e-07,5.185208e-07,5.185208e-07,5.185208e-07,5.185208e-07,5.185208e-07,0,0,0,0,0,0,0,0,0,0,0
8.8876185e-07,8.8876185e-07,8.8876185e-07,8.8876185e-07,8.8876185e-07,8.8876185e-07,8.8876185e-07,8.8876185e-07,8.1310485e-07,8.1310485e-07,8.1310485e-07,5.54816125e-07,6.2045665e-07,5.4683365e-07,2.1629515e-07,1.49600703e-10,1.49600703e-10,1.49600703e-10,9.6934268e-11,9.6934268e-11,0,0,0,0,0,0,0,0,0,0,0,0,0,0,0,0,0,0,0,0,0,0,0,0,0,0,0,0,1.20463342e-10,6.121495e-08,1.73129777e-10,1.73129777e-10,4.4787625e-07,6.121495e-08,4.55858725e-07,4.55858725e-07,7.1414745e-07,7.8980445e-07,7.8980445e-07,7.8980445e-07,7.8980445e-07,7.8980445e-07,7.8980445e-07,7.8980445e-07,7.8980445e-07,7.8980445e-07,7.8980445e-07,7.8980445e-07,7.8980445e-07,7.8980445e-07,7.8980445e-07,7.8980445e-07,7.8980445e-07,7.8980445e-07,7.8980445e-07,0,0,0,0,0,0,0,0,0,0
1.36126139e-06,1.36126139e-06,1.36126139e-06,1.36126139e-06,1.36126139e-06,1.36126139e-06,1.36126139e-06,1.28560439e-06,1.36126139e-06,1.28560439e-06,1.28560439e-06,9.68505165e-07,9.68505165e-07,7.4006319e-07,5.8681179e-07,1.49077819e-10,1.49600703e-10,9.6934268e-11,9.6934268e-11,9.6934268e-11,0,0,0,0,0,0,0,0,0,0,0,0,0,0,0,0,0,0,0,0,0,0,0,0,0,0,0,0,1.20463342e-10,1.73129777e-10,1.73129777e-10,1.3846597e-07,4.4098354e-07,1.20668049e-06,1.28233749e-06,1.28233749e-06,1.20668049e-06,8.29400865e-07,1.28233749e-06,1.28233749e-06,1.28233749e-06,1.28233749e-06,1.28233749e-06,1.28233749e-06,1.28233749e-06,1.28233749e-06,1.28233749e-06,1.28233749e-06,1.28233749e-06,1.28233749e-06,1.28233749e-06,1.28233749e-06,1.28233749e-06,1.28233749e-06,1.28233749e-06,0,0,0,0,0,0,0,0,0,0
1.67028749e-06,1.67028749e-06,1.67028749e-06,1.67028749e-06,1.67028749e-06,1.67028749e-06,1.67028749e-06,1.67028749e-06,1.67028749e-06,1.67028749e-06,1.52563009e-06,1.15355386e-06,1.19716029e-06,7.4189199e-07,3.150946e-07,1.49600703e-10,1.49600703e-10,9.6934268e-11,9.6934268e-11,9.6934268e-11,0,0,0,0,0,0,0,0,0,0,0,0,0,0,0,0,0,0,0,0,0,0,0,0,0,0,0,0,1.20463342e-10,1.20463342e-10,1.20463342e-10,1.73129777e-10,9.92415465e-07,1.59136359e-06,1.59136359e-06,1.59136359e-06,1.59136359e-06,1.51570659e-06,1.44670619e-06,1.59136359e-06,1.59136359e-06,1.59136359e-06,1.59136359e-06,1.59136359e-06,1.59136359e-06,1.59136359e-06,1.59136359e-06,1.59136359e-06,1.59136359e-06,1.59136359e-06,1.59136359e-06,1.59136359e-06,1.59136359e-06,1.59136359e-06,0,0,0,0,0,0,0,0,0,0,0
1.67028749e-06,1.67028749e-06,1.67028749e-06,1.67028749e-06,1.67028749e-06,1.67028749e-06,1.67028749e-06,1.67028749e-06,1.67028749e-06,1.67028749e-06,1.59463049e-06,1.15355386e-06,1.13711529e-06,3.150946e-07,1.49600703e-10,1.49600703e-10,9.6934268e-11,9.6934268e-11,9.6934268e-11,9.6934268e-11,0,0,0,0,0,0,0,0,0,0,0,0,0,0,0,0,0,0,0,0,0,0,0,0,0,0,0,0,1.20463342e-10,1.20463342e-10,1.73129777e-10,1.73129777e-10,5.2876949e-07,1.01444956e-06,1.59136359e-06,1.59136359e-06,1.59136359e-06,1.59136359e-06,1.59136359e-06,1.59136359e-06,1.59136359e-06,1.59136359e-06,1.59136359e-06,1.59136359e-06,1.59136359e-06,1.59136359e-06,1.59136359e-06,1.59136359e-06,1.59136359e-06,1.59136359e-06,1.59136359e-06,1.59136359e-06,1.59136359e-06,1.59136359e-06,0,0,0,0,0,0,0,0,0,0,0
1.67028749e-06,1.67028749e-06,1.67028749e-06,1.67028749e-06,1.67028749e-06,1.67028749e-06,1.67028749e-06,1.67028749e-06,1.67028749e-06,1.67028749e-06,1.52563009e-06,1.30284316e-06,1.35926934e-06,8.6432189e-07,1.49600703e-10,1.49600703e-10,9.6934268e-11,9.6934268e-11,9.6934268e-11,9.6934268e-11,0,0,0,0,0,0,0,0,0,0,0,0,0,0,0,0,0,0,0,0,0,0,0,0,0,0,0,0,1.20463342e-10,1.20463342e-10,1.73129777e-10,1.73129777e-10,6.4595549e-07,6.0432639e-07,1.33052309e-06,1.59136359e-06,1.59136359e-06,1.59136359e-06,1.59136359e-06,1.59136359e-06,1.59136359e-06,1.59136359e-06,1.59136359e-06,1.59136359e-06,1.59136359e-06,1.59136359e-06,1.59136359e-06,1.59136359e-06,1.59136359e-06,1.59136359e-06,1.59136359e-06,1.59136359e-06,0,0,0,0,0,0,0,0,0,0,0,0,0
1.67028749e-06,1.67028749e-06,1.67028749e-06,1.67028749e-06,1.67028749e-06,1.67028749e-06,1.67028749e-06,1.67028749e-06,1.67028749e-06,1.67028749e-06,1.67028749e-06,1.67028749e-06,1.46358439e-06,9.2553684e-07,1.68813978e-07,1.49600703e-10,9.6934268e-11,9.6934268e-11,9.6934268e-11,9.6934268e-11,0,0,0,0,0,0,0,0,0,0,0,0,0,0,0,0,0,0,0,0,0,0,0,0,0,0,0,0,1.20463342e-10,1.20463342e-10,1.73129777e-10,1.0023809e-07,1.10960147e-06,1.44670619e-06,1.59136359e-06,1.59136359e-06,1.59136359e-06,1.59136359e-06,1.59136359e-06,1.59136359e-06,1.59136359e-06,1.59136359e-06,1.59136359e-06,1.59136359e-06,1.59136359e-06,1.59136359e-06,1.59136359e-06,1.59136359e-06,1.59136359e-06,1.59136359e-06,1.59136359e-06,1.59136359e-06,0,0,0,0,0,0,0,0,0,0,0,0,0
0,1.67028749e-06,1.67028749e-06,1.67028749e-06,1.67028749e-06,1.67028749e-06,1.67028749e-06,1.67028749e-06,1.67028749e-06,1.67028749e-06,1.67028749e-06,1.67028749e-06,1.67028749e-06,1.32487726e-06,1.07882438e-06,3.28828378e-07,1.49600703e-10,1.49600703e-10,9.6934268e-11,9.6934268e-11,0,0,0,0,0,0,0,0,0,0,0,0,0,0,0,0,0,0,0,0,0,0,0,0,0,0,0,1.20463342e-10,1.20463342e-10,1.20463342e-10,1.20463342e-10,1.73129777e-10,7.6922079e-07,1.44670619e-06,1.59136359e-06,1.59136359e-06,1.59136359e-06,1.59136359e-06,1.59136359e-06,1.59136359e-06,1.59136359e-06,1.59136359e-06,1.59136359e-06,1.59136359e-06,1.59136359e-06,1.59136359e-06,1.59136359e-06,1.59136359e-06,1.59136359e-06,1.59136359e-06,1.59136359e-06,1.59136359e-06,1.59136359e-06,0,0,0,0,0,0,0,0,0,0,0,0
0,0,1.67028749e-06,1.67028749e-06,1.67028749e-06,1.67028749e-06,1.67028749e-06,1.67028749e-06,1.67028749e-06,1.67028749e-06,1.67028749e-06,1.67028749e-06,1.67028749e-06,1.67028749e-06,1.35926934e-06,9.9708766e-07,1.49600703e-10,1.49600703e-10,9.6934268e-11,9.6934268e-11,0,0,0,0,0,0,0,0,0,0,0,0,0,0,0,0,0,0,0,0,0,0,0,0,0,0,0,1.20463342e-10,1.20463342e-10,1.73129777e-10,1.73129777e-10,1.03146794e-06,1.17524199e-06,1.17524199e-06,1.59136359e-06,1.59136359e-06,1.59136359e-06,1.59136359e-06,1.59136359e-06,1.59136359e-06,1.59136359e-06,1.59136359e-06,1.59136359e-06,1.59136359e-06,1.59136359e-06,1.59136359e-06,1.59136359e-06,1.59136359e-06,1.59136359e-06,1.59136359e-06,1.59136359e-06,1.59136359e-06,1.59136359e-06,0,0,0,0,0,0,0,0,0,0,0,0
0,0,1.67028749e-06,1.67028749e-06,1.67028749e-06,1.67028749e-06,1.67028749e-06,1.67028749e-06,1.67028749e-06,1.67028749e-06,1.67028749e-06,1.67028749e-06,1.67028749e-06,1.67028749e-06,1.52563009e-06,9.3937369e-07,1.51649015e-06,1.49600703e-10,9.6934268e-11,0,0,0,0,0,0,0,0,0,0,0,0,0,0,0,0,0,0,0,0,0,0,0,0,0,0,0,0,1.20463342e-10,1.20463342e-10,1.73129777e-10,1.05645376e-06,1.13163557e-06,1.59136359e-06,1.51570659e-06,1.51570659e-06,1.59136359e-06,1.59136359e-06,1.59136359e-06,1.59136359e-06,1.59136359e-06,1.59136359e-06,1.59136359e-06,1.59136359e-06,1.59136359e-06,1.59136359e-06,1.59136359e-06,1.59136359e-06,1.59136359e-06,1.59136359e-06,1.59136359e-06,1.59136359e-06,1.59136359e-06,1.59136359e-06,0,0,0,0,0,0,0,0,0,0,0,0
0,0,1.67028749e-06,1.67028749e-06,1.67028749e-06,1.67028749e-06,1.67028749e-06,1.67028749e-06,1.67028749e-06,1.67028749e-06,1.67028749e-06,1.67028749e-06,1.67028749e-06,1.67028749e-06,1.52563009e-06,1.35926934e-06,1.07882438e-06,3.81392828e-07,1.49600703e-10,0,0,0,0,0,0,0,0,0,0,0,0,0,0,0,0,0,0,0,0,0,0,0,0,0,0,0,1.20463342e-10,1.20463342e-10,1.20463342e-10,1.20463342e-10,1.73129777e-10,1.10960147e-06,1.59136359e-06,1.59136359e-06,1.59136359e-06,1.59136359e-06,1.59136359e-06,1.59136359e-06,1.59136359e-06,1.59136359e-06,1.59136359e-06,1.59136359e-06,1.59136359e-06,1.59136359e-06,1.59136359e-06,1.59136359e-06,1.59136359e-06,1.59136359e-06,1.59136359e-06,1.59136359e-06,1.59136359e-06,1.59136359e-06,1.59136359e-06,0,0,0,0,0,0,0,0,0,0,0,0
0,1.67028749e-06,1.67028749e-06,1.67028749e-06,1.67028749e-06,1.67028749e-06,1.67028749e-06,1.67028749e-06,1.67028749e-06,1.67028749e-06,1.67028749e-06,1.67028749e-06,1.67028749e-06,1.67028749e-06,1.67028749e-06,1.35926934e-06,9.3937369e-07,8.1235889e-07,3.81392828e-07,1.453617e-09,0,0,0,0,0,0,0,0,0,0,0,0,0,0,0,0,0,0,0,0,0,0,0,0,0,0,1.20463342e-10,1.20463342e-10,1.73129777e-10,1.73129777e-10,1.73129777e-10,1.10960147e-06,1.59136359e-06,1.59136359e-06,1.59136359e-06,1.59136359e-06,1.59136359e-06,1.59136359e-06,1.59136359e-06,1.59136359e-06,1.59136359e-06,1.59136359e-06,1.59136359e-06,1.59136359e-06,1.59136359e-06,1.59136359e-06,1.59136359e-06,1.59136359e-06,1.59136359e-06,1.59136359e-06,1.59136359e-06,1.59136359e-06,1.59136359e-06,0,0,0,0,0,0,0,0,0,0,0,0
1.67028749e-06,1.67028749e-06,1.67028749e-06,1.67028749e-06,1.67028749e-06,1.67028749e-06,1.67028749e-06,1.67028749e-06,1.67028749e-06,1.67028749e-06,1.67028749e-06,1.67028749e-06,1.67028749e-06,1.67028749e-06,1.67028749e-06,1.35926934e-06,1.35926934e-06,1.19007704e-06,6.121495e-07,7.419147e-08,2.119075e-07,9.135437e-08,0,0,0,0,0,0,0,0,0,0,0,0,0,0,0,0,0,0,0,0,0,0,0,0,1.20463342e-10,1.20463342e-10,1.20463342e-10,1.20463342e-10,4.3756789e-07,1.11519699e-06,1.59136359e-06,1.59136359e-06,1.59136359e-06,1.59136359e-06,1.59136359e-06,1.59136359e-06,1.59136359e-06,1.59136359e-06,1.59136359e-06,1.59136359e-06,1.59136359e-06,1.59136359e-06,1.59136359e-06,1.59136359e-06,1.59136359e-06,1.59136359e-06,1.59136359e-06,1.59136359e-06,1.59136359e-06,1.59136359e-06,1.59136359e-06,0,0,0,0,0,0,0,0,0,0,0,0
1.67028749e-06,1.67028749e-06,1.67028749e-06,1.67028749e-06,1.67028749e-06,1.67028749e-06,1.67028749e-06,1.67028749e-06,1.67028749e-06,1.67028749e-06,1.67028749e-06,1.67028749e-06,1.67028749e-06,1.67028749e-06,1.67028749e-06,1.30284316e-06,1.30284316e-06,1.19007704e-06,3.045703e-07,3.916599e-07,7.636039e-07,6.412389e-07,4.078268e-07,9.910883e-08,0,0,0,0,0,0,0,0,0,0,0,0,0,0,0,0,0,0,0,0,0,0,1.20463342e-10,1.20463342e-10,1.20463342e-10,9.2021594e-07,1.17524199e-06,1.44670619e-06,1.59136359e-06,1.59136359e-06,1.59136359e-06,1.59136359e-06,1.59136359e-06,1.59136359e-06,1.59136359e-06,1.59136359e-06,1.59136359e-06,1.59136359e-06,1.59136359e-06,1.59136359e-06,1.59136359e-06,1.59136359e-06,1.59136359e-06,1.59136359e-06,1.59136359e-06,1.59136359e-06,1.59136359e-06,1.59136359e-06,1.59136359e-06,1.59136359e-06,0,0,0,0,0,0,0,0,0,0,0
1.67028749e-06,1.67028749e-06,1.67028749e-06,1.67028749e-06,1.67028749e-06,1.67028749e-06,1.67028749e-06,1.67028749e-06,1.67028749e-06,1.67028749e-06,1.67028749e-06,1.67028749e-06,1.67028749e-06,1.67028749e-06,1.67028749e-06,1.30284316e-06,1.29922434e-06,5.00375e-07,1.029563e-07,9.516785e-07,1.390265e-06,1.109703e-06,8.305898e-07,2.518319e-07,0,0,0,0,0,0,0,0,0,0,0,0,0,0,0,0,0,0,0,0,0,1.20463342e-10,1.20463342e-10,1.20463342e-10,1.03146794e-06,9.2021594e-07,1.17524199e-06,1.44670619e-06,1.59136359e-06,1.59136359e-06,1.59136359e-06,1.10960147e-06,1.59136359e-06,1.59136359e-06,1.59136359e-06,1.59136359e-06,1.59136359e-06,1.59136359e-06,1.59136359e-06,1.59136359e-06,1.59136359e-06,1.59136359e-06,1.59136359e-06,1.59136359e-06,1.59136359e-06,1.59136359e-06,1.59136359e-06,1.59136359e-06,1.59136359e-06,1.59136359e-06,1.59136359e-06,0,0,0,0,0,0,0,0,0,0
2.12759334e-06,2.12759334e-06,2.12759334e-06,2.12759334e-06,2.12759334e-06,2.12759334e-06,2.12759334e-06,2.12759334e-06,2.12759334e-06,2.12759334e-06,2.12759334e-06,2.12759334e-06,2.12759334e-06,2.12759334e-06,2.12759334e-06,1.55178664e-06,1.600144e-06,8.168474e-07,8.173672e-07,1.700543e-06,1.686649e-06,1.17186e-06,6.844455e-07,1.34561e-07,0,0,0,0,0,0,0,0,0,0,0,0,0,0,0,0,0,0,0,0,0,1.20463342e-10,1.20463342e-10,1.20463342e-10,8.5492093e-07,1.03146794e-06,1.53416444e-06,2.04866944e-06,2.04866944e-06,2.04866944e-06,1.46852391e-06,1.97301244e-06,2.04866944e-06,2.04866944e-06,2.04866944e-06,2.04866944e-06,2.04866944e-06,2.04866944e-06,2.04866944e-06,2.04866944e-06,2.04866944e-06,2.04866944e-06,2.04866944e-06,2.04866944e-06,2.04866944e-06,2.04866944e-06,2.04866944e-06,2.04866944e-06,2.04866944e-06,2.04866944e-06,2.04866944e-06,0,0,0,0,0,0,0,0,0,0
2.7567307e-06,2.7567307e-06,2.7567307e-06,2.7567307e-06,2.7567307e-06,2.7567307e-06,2.7567307e-06,2.7567307e-06,2.7567307e-06,2.7567307e-06,2.7567307e-06,2.7567307e-06,2.7567307e-06,2.7567307e-06,2.7567307e-06,2.20716818e-06,2.070432e-06,1.134511e-06,1.490009e-06,2.100687e-06,1.550802e-06,1.000918e-06,4.510334e-07,0,0,0,0,0,0,0,0,0,0,0,0,0,0,0,0,0,0,0,0,0,0,1.20463342e-10,1.20463342e-10,1.20463342e-10,1.20463342e-10,4.69033924e-07,1.07495137e-06,2.4473025e-06,1.93169667e-06,1.967421e-06,9.6241268e-07,2.4473025e-06,2.6676169e-06,2.6676169e-06,2.6676169e-06,2.6676169e-06,2.6676169e-06,2.6676169e-06,2.6676169e-06,2.6676169e-06,2.6676169e-06,2.6676169e-06,2.6676169e-06,2.6676169e-06,2.6676169e-06,2.6676169e-06,2.6676169e-06,2.6676169e-06,2.6676169e-06,2.6676169e-06,2.6676169e-06,2.6676169e-06,0,0,0,0,0,0,0,0,0
2.7567307e-06,2.7567307e-06,2.7567307e-06,2.7567307e-06,2.7567307e-06,2.7567307e-06,2.7567307e-06,2.7567307e-06,2.7567307e-06,2.7567307e-06,2.7567307e-06,2.7567307e-06,2.7567307e-06,2.7567307e-06,2.6810737e-06,2.23165377e-06,2.502156e-06,1.630146e-06,1.658013e-06,1.765926e-06,1.31739e-06,7.675058e-07,2.176213e-07,0,0,0,0,0,0,0,0,0,0,0,0,0,0,0,0,0,0,0,0,0,0,1.20463342e-10,1.20463342e-10,1.20463342e-10,1.20463342e-10,1.20463342e-10,5.4810127e-07,6.0308972e-07,1.20463342e-10,2.18825933e-08,1.88055155e-06,2.6419654e-06,2.6419654e-06,2.6419654e-06,2.6419654e-06,2.6419654e-06,2.6419654e-06,2.6419654e-06,2.6419654e-06,2.6419654e-06,2.6419654e-06,2.6419654e-06,2.6419654e-06,2.6419654e-06,2.6419654e-06,2.6419654e-06,2.6419654e-06,2.6419654e-06,2.6419654e-06,2.6419654e-06,2.6419654e-06,2.6419654e-06,2.6419654e-06,0,0,0,0,0,0,0,0
2.7398842e-06,2.7398842e-06,2.7398842e-06,2.7398842e-06,2.7398842e-06,2.7398842e-06,2.7398842e-06,2.7398842e-06,2.7398842e-06,2.7398842e-06,2.7398842e-06,2.7398842e-06,2.7398842e-06,2.7398842e-06,2.7398842e-06,2.7398842e-06,2.333691e-06,1.713234e-06,1.2498e-06,1.262727e-06,1.073098e-06,5.340937e-07,0,0,0,0,0,0,0,0,0,0,0,0,0,0,0,0,0,0,0,0,0,0,0,1.20463342e-10,1.20463342e-10,1.20463342e-10,1.20463342e-10,1.20463342e-10,1.20463342e-10,1.20463342e-10,1.0992302e-06,1.84544485e-06,2.421651e-06,2.6419654e-06,2.6419654e-06,2.6419654e-06,2.6419654e-06,2.6419654e-06,2.6419654e-06,2.6419654e-06,2.6419654e-06,2.6419654e-06,2.6419654e-06,2.6419654e-06,2.6419654e-06,2.6419654e-06,2.6419654e-06,2.6419654e-06,2.6419654e-06,2.6419654e-06,2.6419654e-06,2.6419654e-06,2.6419654e-06,2.6419654e-06,2.6419654e-06,0,0,0,0,0,0,0,0
2.6921354e-06,2.6921354e-06,2.6921354e-06,2.6921354e-06,2.6921354e-06,2.6921354e-06,2.6921354e-06,2.6921354e-06,2.6921354e-06,2.6921354e-06,2.6921354e-06,2.6921354e-06,2.6921354e-06,2.6921354e-06,2.6921354e-06,2.6921354e-06,2.094947e-06,1.850487e-06,1.40174e-06,1.114591e-06,8.50566e-07,3.006815e-07,0,0,0,0,0,0,0,0,0,0,0,0,0,0,0,0,0,0,0,0,0,0,1.20463342e-10,1.20463342e-10,1.20463342e-10,6.6208492e-10,1.20463342e-10,1.20463342e-10,6.6208492e-10,1.16399535e-06,1.79976208e-06,2.618091e-06,2.618091e-06,2.618091e-06,2.618091e-06,2.618091e-06,2.618091e-06,2.618091e-06,2.618091e-06,2.618091e-06,2.618091e-06,2.618091e-06,2.618091e-06,2.618091e-06,2.618091e-06,2.618091e-06,2.618091e-06,2.618091e-06,2.618091e-06,2.618091e-06,2.618091e-06,2.618091e-06,2.618091e-06,2.618091e-06,2.618091e-06,2.618091e-06,0,0,0,0,0,0,0
0,2.9907296e-06,2.9907296e-06,2.9907296e-06,2.9907296e-06,2.9907296e-06,2.9907296e-06,2.9907296e-06,2.9907296e-06,2.9907296e-06,2.9907296e-06,2.9907296e-06,2.9907296e-06,2.9907296e-06,2.9907296e-06,2.9907296e-06,3.090261e-06,2.400257e-06,1.654066e-06,1.132689e-06,6.171539e-07,6.72694e-08,0,0,0,0,0,0,0,0,0,0,0,0,0,0,0,0,0,0,0,0,0,0,1.20463342e-10,1.20463342e-10,6.6208492e-10,6.6208492e-10,1.20463342e-10,6.6208492e-10,1.03572293e-06,2.4322713e-06,2.8677183e-06,2.8677183e-06,2.8677183e-06,2.8677183e-06,2.8677183e-06,2.8677183e-06,2.8677183e-06,2.8677183e-06,2.8677183e-06,2.8677183e-06,2.8677183e-06,2.8677183e-06,2.8677183e-06,2.8677183e-06,2.8677183e-06,2.8677183e-06,2.8677183e-06,2.8677183e-06,2.8677183e-06,2.8677183e-06,2.8677183e-06,2.8677183e-06,2.8677183e-06,2.8677183e-06,2.8677183e-06,0,0,0,0,0,0,0,0
0,0,3.0708636e-06,3.0708636e-06,3.0708636e-06,3.0708636e-06,3.0708636e-06,3.0708636e-06,3.0708636e-06,3.0708636e-06,3.0708636e-06,3.0708636e-06,3.0708636e-06,3.0708636e-06,3.0708636e-06,3.0708636e-06,3.0708636e-06,3.290596e-06,1.844172e-06,9.336263e-07,3.837418e-07,0,0,0,0,0,0,0,0,0,0,0,0,0,0,0,0,0,0,0,0,0,0,0,0,1.20463342e-10,1.20463342e-10,1.39146963e-07,6.6208492e-10,6.6208492e-10,7.2544807e-07,2.7884069e-06,3.0168527e-06,3.0168527e-06,3.0168527e-06,3.0168527e-06,3.0168527e-06,3.0168527e-06,3.0168527e-06,3.0168527e-06,3.0168527e-06,3.0168527e-06,3.0168527e-06,3.0168527e-06,3.0168527e-06,3.0168527e-06,3.0168527e-06,3.0168527e-06,3.0168527e-06,3.0168527e-06,3.0168527e-06,3.0168527e-06,3.0168527e-06,3.0168527e-06,3.0168527e-06,3.0168527e-06,3.0168527e-06,3.0168527e-06,0,0,0,0,0,0,0
3.0708636e-06,3.0708636e-06,3.0708636e-06,3.0708636e-06,3.0708636e-06,3.0708636e-06,3.0708636e-06,3.0708636e-06,3.0708636e-06,3.0708636e-06,3.0708636e-06,3.0708636e-06,3.0708636e-06,3.0708636e-06,3.0708636e-06,3.0708636e-06,3.0708636e-06,2.01074665e-06,1.612035e-06,7.002142e-07,1.503297e-07,0,0,0,0,0,0,0,0,0,0,0,0,0,0,0,0,0,0,0,0,0,0,0,0,1.20463342e-10,1.20463342e-10,4.12938994e-10,1.56682155e-08,9.40063703e-07,2.9173213e-06,3.0168527e-06,3.0168527e-06,3.0168527e-06,3.0168527e-06,3.0168527e-06,3.0168527e-06,3.0168527e-06,3.0168527e-06,3.0168527e-06,3.0168527e-06,3.0168527e-06,3.0168527e-06,3.0168527e-06,3.0168527e-06,3.0168527e-06,3.0168527e-06,3.0168527e-06,3.0168527e-06,3.0168527e-06,3.0168527e-06,3.0168527e-06,3.0168527e-06,3.0168527e-06,3.0168527e-06,3.0168527e-06,3.0168527e-06,3.0168527e-06,0,0,0,0,0,0,0
3.0708636e-06,3.0708636e-06,3.0708636e-06,3.0708636e-06,3.0708636e-06,3.0708636e-06,3.0708636e-06,3.0708636e-06,3.0708636e-06,3.0708636e-06,3.0708636e-06,3.0708636e-06,3.0708636e-06,3.0708636e-06,3.0708636e-06,3.0708636e-06,3.0708636e-06,2.01074665e-06,1.12833624e-06,4.3036532e-07,2.164005e-08,0,0,0,0,0,0,0,0,0,0,0,0,0,0,0,0,0,0,0,0,0,0,0,0,1.20463342e-10,1.20463342e-10,1.20463342e-10,1.56682155e-08,1.74467081e-06,3.0168527e-06,3.0168527e-06,3.0168527e-06,3.0168527e-06,3.0168527e-06,3.0168527e-06,3.0168527e-06,3.0168527e-06,3.0168527e-06,3.0168527e-06,3.0168527e-06,3.0168527e-06,3.0168527e-06,3.0168527e-06,3.0168527e-06,3.0168527e-06,3.0168527e-06,3.0168527e-06,3.0168527e-06,3.0168527e-06,3.0168527e-06,3.0168527e-06,3.0168527e-06,3.0168527e-06,3.0168527e-06,3.0168527e-06,3.0168527e-06,3.0168527e-06,3.0168527e-06,0,0,0,0,0,0
3.0708636e-06,3.0708636e-06,3.0708636e-06,3.0708636e-06,3.0708636e-06,3.0708636e-06,3.0708636e-06,3.0708636e-06,3.0708636e-06,3.0708636e-06,3.0708636e-06,3.0708636e-06,3.0708636e-06,3.0708636e-06,3.0708636e-06,3.0708636e-06,3.0708636e-06,2.01074665e-06,1.73159568e-06,1.78840225e-06,3.121435e-07,3.05262321e-09,0,0,0,0,0,0,0,0,0,0,0,0,0,0,0,0,0,0,0,0,0,0,0,1.20463342e-10,1.20463342e-10,1.20463342e-10,8.34753e-08,1.96500975e-06,3.0168527e-06,2.9173213e-06,3.0168527e-06,3.0168527e-06,3.0168527e-06,3.0168527e-06,3.0168527e-06,3.0168527e-06,3.0168527e-06,3.0168527e-06,3.0168527e-06,3.0168527e-06,3.0168527e-06,3.0168527e-06,3.0168527e-06,3.0168527e-06,3.0168527e-06,3.0168527e-06,3.0168527e-06,3.0168527e-06,3.0168527e-06,3.0168527e-06,3.0168527e-06,3.0168527e-06,3.0168527e-06,3.0168527e-06,3.0168527e-06,3.0168527e-06,3.0168527e-06,0,0,0,0,0,0
3.0708636e-06,3.0708636e-06,3.0708636e-06,3.0708636e-06,3.0708636e-06,3.0708636e-06,3.0708636e-06,3.0708636e-06,3.0708636e-06,3.0708636e-06,3.0708636e-06,3.0708636e-06,3.0708636e-06,3.0708636e-06,3.0708636e-06,3.0708636e-06,3.0708636e-06,2.9729298e-06,2.7145217e-06,1.86377568e-06,1.74467081e-06,7.03386072e-08,2.08214228e-09,0,0,0,0,0,0,0,0,0,0,0,0,0,0,0,0,0,0,0,0,0,0,1.20463342e-10,1.20463342e-10,1.20463342e-10,5.340715e-08,2.9173213e-06,3.0168527e-06,1.76047788e-06,3.0168527e-06,3.0168527e-06,3.0168527e-06,3.0168527e-06,3.0168527e-06,3.0168527e-06,3.0168527e-06,3.0168527e-06,3.0168527e-06,3.0168527e-06,3.0168527e-06,3.0168527e-06,3.0168527e-06,3.0168527e-06,3.0168527e-06,3.0168527e-06,3.0168527e-06,3.0168527e-06,3.0168527e-06,3.0168527e-06,3.0168527e-06,3.0168527e-06,3.0168527e-06,3.0168527e-06,3.0168527e-06,3.0168527e-06,3.0168527e-06,0,0,0,0,0,0
3.0708636e-06,3.0708636e-06,3.0708636e-06,3.0708636e-06,3.0708636e-06,3.0708636e-06,3.0708636e-06,3.0708636e-06,3.0708636e-06,3.0708636e-06,3.0708636e-06,3.0708636e-06,3.0708636e-06,3.0708636e-06,3.0708636e-06,3.0708636e-06,3.0708636e-06,2.9729298e-06,2.7694987e-06,2.7502356e-06,1.76047788e-06,7.7055141e-07,2.33128821e-09,0,0,0,0,0,0,0,0,0,0,0,0,0,0,0,0,0,0,0,0,0,1.20463342e-10,1.20463342e-10,1.20463342e-10,1.20463342e-10,6.6208492e-10,1.74467081e-06,1.96500975e-06,2.7884069e-06,3.0168527e-06,3.0168527e-06,3.0168527e-06,3.0168527e-06,3.0168527e-06,3.0168527e-06,3.0168527e-06,3.0168527e-06,3.0168527e-06,3.0168527e-06,3.0168527e-06,3.0168527e-06,3.0168527e-06,3.0168527e-06,3.0168527e-06,3.0168527e-06,3.0168527e-06,3.0168527e-06,3.0168527e-06,3.0168527e-06,3.0168527e-06,3.0168527e-06,3.0168527e-06,3.0168527e-06,3.0168527e-06,3.0168527e-06,0,0,0,0,0,0,0
3.0708636e-06,3.0708636e-06,3.0708636e-06,3.0708636e-06,3.0708636e-06,3.0708636e-06,3.0708636e-06,3.0708636e-06,3.0708636e-06,3.0708636e-06,3.0708636e-06,3.0708636e-06,3.0708636e-06,3.0708636e-06,3.0708636e-06,3.0708636e-06,3.0708636e-06,3.0724612e-06,3.0168527e-06,1.82449148e-06,2.6703796e-07,9.77956321e-09,2.08214228e-09,9.03265823e-10,0,0,0,0,0,0,0,0,0,0,0,0,0,0,0,0,0,0,0,0,1.20463342e-10,1.20463342e-10,1.20463342e-10,1.20463342e-10,1.20463342e-10,1.20463342e-10,6.6208492e-10,2.9173213e-06,3.0168527e-06,3.0168527e-06,3.0168527e-06,3.0168527e-06,3.0168527e-06,3.0168527e-06,3.0168527e-06,3.0168527e-06,3.0168527e-06,3.0168527e-06,3.0168527e-06,3.0168527e-06,3.0168527e-06,3.0168527e-06,3.0168527e-06,3.0168527e-06,3.0168527e-06,3.0168527e-06,3.0168527e-06,3.0168527e-06,3.0168527e-06,3.0168527e-06,0,0,0,0,0,0,0,0,0,0,0
3.0708636e-06,3.0708636e-06,3.0708636e-06,3.0708636e-06,3.0708636e-06,3.0708636e-06,3.0708636e-06,3.0708636e-06,3.0708636e-06,3.0708636e-06,3.0708636e-06,3.0708636e-06,3.0708636e-06,3.0708636e-06,3.0708636e-06,3.0708636e-06,3.0708636e-06,2.9729298e-06,2.9173213e-06,2.9173213e-06,2.8183639e-06,1.81031133e-06,1.3015551e-07,1.15241175e-09,0,0,0,0,0,0,0,0,0,0,0,0,0,0,0,0,0,0,0,0,1.20463342e-10,1.20463342e-10,1.20463342e-10,1.20463342e-10,1.20463342e-10,1.56682155e-08,1.96500975e-06,3.0168527e-06,3.0168527e-06,3.0168527e-06,3.0168527e-06,3.0168527e-06,3.0168527e-06,3.0168527e-06,3.0168527e-06,3.0168527e-06,3.0168527e-06,3.0168527e-06,3.0168527e-06,3.0168527e-06,3.0168527e-06,3.0168527e-06,3.0168527e-06,3.0168527e-06,3.0168527e-06,3.0168527e-06,3.0168527e-06,3.0168527e-06,0,0,0,0,0,0,0,0,0,0,0,0,0
3.0708636e-06,3.0708636e-06,3.0708636e-06,3.0708636e-06,3.0708636e-06,3.0708636e-06,3.0708636e-06,3.0708636e-06,3.0708636e-06,3.0708636e-06,3.0708636e-06,3.0708636e-06,3.0708636e-06,3.0708636e-06,3.0708636e-06,3.0708636e-06,3.0708636e-06,3.0724612e-06,2.6763504e-06,2.9173213e-06,2.9173213e-06,1.76047788e-06,1.733603e-06,1.15241175e-09,6.6208492e-10,0,0,0,0,0,0,0,0,0,0,0,0,0,0,0,0,0,0,1.20463342e-10,1.20463342e-10,1.20463342e-10,1.20463342e-10,1.20463342e-10,1.20463342e-10,1.3015772e-07,1.79976208e-06,3.0168527e-06,3.0168527e-06,3.0168527e-06,3.0168527e-06,3.0168527e-06,3.0168527e-06,3.0168527e-06,3.0168527e-06,3.0168527e-06,3.0168527e-06,3.0168527e-06,3.0168527e-06,3.0168527e-06,3.0168527e-06,3.0168527e-06,3.0168527e-06,3.0168527e-06,3.0168527e-06,3.0168527e-06,3.0168527e-06,0,0,0,0,0,0,0,0,0,0,0,0,0,0
3.0708636e-06,3.0708636e-06,3.0708636e-06,3.0708636e-06,3.0708636e-06,3.0708636e-06,3.0708636e-06,3.0708636e-06,3.0708636e-06,3.0708636e-06,3.0708636e-06,3.0708636e-06,3.0708636e-06,3.0708636e-06,3.0708636e-06,3.0708636e-06,3.0708636e-06,3.0724612e-06,2.9173213e-06,2.02902335e-06,1.76564713e-06,1.6445909e-06,6.8707389e-07,1.61585423e-08,1.20463342e-10,0,0,0,0,0,0,0,0,0,0,0,0,0,0,0,0,0,0,1.20463342e-10,1.20463342e-10,1.20463342e-10,1.20463342e-10,1.20463342e-10,6.6208492e-10,1.56682155e-08,9.39991717e-07,3.0168527e-06,3.0168527e-06,3.0168527e-06,3.0168527e-06,3.0168527e-06,3.0168527e-06,3.0168527e-06,3.0168527e-06,3.0168527e-06,3.0168527e-06,3.0168527e-06,3.0168527e-06,3.0168527e-06,3.0168527e-06,3.0168527e-06,3.0168527e-06,3.0168527e-06,3.0168527e-06,3.0168527e-06,3.0168527e-06,0,0,0,0,0,0,0,0,0,0,0,0,0,0
3.0708636e-06,3.0708636e-06,3.0708636e-06,3.0708636e-06,3.0708636e-06,3.0708636e-06,3.0708636e-06,3.0708636e-06,3.0708636e-06,3.0708636e-06,3.0708636e-06,3.0708636e-06,3.0708636e-06,3.0708636e-06,3.0708636e-06,3.0708636e-06,3.0708636e-06,3.0724612e-06,2.7694987e-06,1.86377568e-06,1.76047788e-06,9.2349352e-07,8.40016e-07,1.15241175e-09,4.12938994e-10,0,0,0,0,0,0,0,0,0,0,0,0,0,0,0,0,0,0,1.20463342e-10,1.20463342e-10,1.20463342e-10,1.20463342e-10,1.20463342e-10,1.20463342e-10,5.340715e-08,2.8183639e-06,2.9173213e-06,3.0168527e-06,3.0168527e-06,3.0168527e-06,3.0168527e-06,3.0168527e-06,3.0168527e-06,3.0168527e-06,3.0168527e-06,3.0168527e-06,3.0168527e-06,3.0168527e-06,3.0168527e-06,3.0168527e-06,3.0168527e-06,3.0168527e-06,3.0168527e-06,3.0168527e-06,3.0168527e-06,3.0168527e-06,3.0168527e-06,0,0,0,0,0,0,0,0,0,0,0,0,0
3.0708636e-06,3.0708636e-06,3.0708636e-06,3.0708636e-06,3.0708636e-06,3.0708636e-06,3.0708636e-06,3.0708636e-06,3.0708636e-06,3.0708636e-06,3.0708636e-06,3.0708636e-06,3.0708636e-06,3.0708636e-06,3.0708636e-06,3.0708636e-06,3.0708636e-06,3.0724612e-06,2.9173213e-06,2.02902335e-06,1.73621143e-06,9.77956321e-09,2.33128821e-09,1.61585423e-08,6.6208492e-10,0,0,0,0,0,0,0,0,0,0,0,0,0,0,0,0,0,0,0,1.20463342e-10,1.20463342e-10,1.20463342e-10,1.20463342e-10,1.20463342e-10,1.6445909e-06,1.96500975e-06,2.9173213e-06,3.0168527e-06,3.0168527e-06,3.0168527e-06,3.0168527e-06,3.0168527e-06,3.0168527e-06,3.0168527e-06,3.0168527e-06,3.0168527e-06,3.0168527e-06,3.0168527e-06,3.0168527e-06,3.0168527e-06,3.0168527e-06,3.0168527e-06,3.0168527e-06,3.0168527e-06,3.0168527e-06,3.0168527e-06,3.0168527e-06,0,0,0,0,0,0,0,0,0,0,0,0,0
3.0708636e-06,3.0708636e-06,3.0708636e-06,3.0708636e-06,3.0708636e-06,3.0708636e-06,3.0708636e-06,3.0708636e-06,3.0708636e-06,3.0708636e-06,3.0708636e-06,3.0708636e-06,3.0708636e-06,3.0708636e-06,3.0708636e-06,3.0708636e-06,3.0708636e-06,3.0724612e-06,2.9173213e-06,2.9173213e-06,1.40979765e-06,9.77956321e-09,2.33128821e-09,1.61585423e-08,6.6208492e-10,0,0,0,0,0,0,0,0,0,0,0,0,0,0,0,0,0,0,0,1.20463342e-10,1.20463342e-10,1.20463342e-10,1.20463342e-10,1.20463342e-10,6.6208492e-10,1.81031133e-06,2.9173213e-06,3.0168527e-06,3.0168527e-06,3.0168527e-06,3.0168527e-06,3.0168527e-06,3.0168527e-06,3.0168527e-06,3.0168527e-06,3.0168527e-06,3.0168527e-06,3.0168527e-06,3.0168527e-06,3.0168527e-06,3.0168527e-06,3.0168527e-06,3.0168527e-06,3.0168527e-06,3.0168527e-06,3.0168527e-06,3.0168527e-06,0,0,0,0,0,0,0,0,0,0,0,0,0
3.0708636e-06,3.0708636e-06,3.0708636e-06,3.0708636e-06,3.0708636e-06,3.0708636e-06,3.0708636e-06,3.0708636e-06,3.0708636e-06,3.0708636e-06,3.0708636e-06,3.0708636e-06,3.0708636e-06,3.0708636e-06,3.0708636e-06,3.0708636e-06,3.0708636e-06,3.0724612e-06,3.0168527e-06,2.02902335e-06,2.6703796e-07,7.03386072e-08,1.78966663e-09,1.15241175e-09,1.20463342e-10,0,0,0,0,0,0,0,0,0,0,0,0,0,0,0,0,0,0,0,0,1.20463342e-10,1.20463342e-10,1.20463342e-10,1.20463342e-10,6.6208492e-10,8.34753e-08,1.96500975e-06,3.0168527e-06,3.0168527e-06,1.6445909e-06,3.0168527e-06,3.0168527e-06,3.0168527e-06,3.0168527e-06,3.0168527e-06,3.0168527e-06,3.0168527e-06,3.0168527e-06,3.0168527e-06,3.0168527e-06,3.0168527e-06,3.0168527e-06,3.0168527e-06,3.0168527e-06,3.0168527e-06,3.0168527e-06,3.0168527e-06,0,0,0,0,0,0,0,0,0,0,0,0,0
3.0708636e-06,3.0708636e-06,3.0708636e-06,3.0708636e-06,3.0708636e-06,3.0708636e-06,3.0708636e-06,3.0708636e-06,3.0708636e-06,3.0708636e-06,3.0708636e-06,3.0708636e-06,3.0708636e-06,3.0708636e-06,3.0708636e-06,3.0708636e-06,3.0708636e-06,3.0724612e-06,3.0168527e-06,2.02902335e-06,3.121435e-07,2.8049627e-07,1.78966663e-09,6.10790171e-10,1.20463342e-10,0,0,0,0,0,0,0,0,0,0,0,0,0,0,0,0,0,0,0,0,1.20463342e-10,1.20463342e-10,1.20463342e-10,1.20463342e-10,1.20463342e-10,1.20463342e-10,1.20463342e-10,1.6445909e-06,9.207607e-07,1.79976208e-06,3.0168527e-06,3.0168527e-06,3.0168527e-06,3.0168527e-06,3.0168527e-06,3.0168527e-06,3.0168527e-06,3.0168527e-06,3.0168527e-06,3.0168527e-06,3.0168527e-06,3.0168527e-06,3.0168527e-06,3.0168527e-06,3.0168527e-06,3.0168527e-06,3.0168527e-06,3.0168527e-06,0,0,0,0,0,0,0,0,0,0,0,0
3.0708636e-06,3.0708636e-06,3.0708636e-06,3.0708636e-06,3.0708636e-06,3.0708636e-06,3.0708636e-06,3.0708636e-06,3.0708636e-06,3.0708636e-06,3.0708636e-06,3.0708636e-06,3.0708636e-06,3.0708636e-06,3.0708636e-06,3.0708636e-06,3.0708636e-06,3.0724612e-06,3.0168527e-06,1.78840225e-06,1.02085027e-06,3.05262321e-09,1.78966663e-09,6.10790171e-10,1.20463342e-10,0,0,0,0,0,0,0,0,0,0,0,0,0,0,0,0,0,0,0,0,0,1.20463342e-10,1.20463342e-10,1.20463342e-10,1.56950549e-08,5.340715e-08,9.40063703e-07,6.6208492e-10,1.733603e-06,2.9173213e-06,3.0168527e-06,3.0168527e-06,3.0168527e-06,3.0168527e-06,3.0168527e-06,3.0168527e-06,3.0168527e-06,3.0168527e-06,3.0168527e-06,3.0168527e-06,3.0168527e-06,3.0168527e-06,3.0168527e-06,3.0168527e-06,3.0168527e-06,3.0168527e-06,3.0168527e-06,3.0168527e-06,0,0,0,0,0,0,0,0,0,0,0,0
3.0708636e-06,3.0708636e-06,3.0708636e-06,3.0708636e-06,3.0708636e-06,3.0708636e-06,3.0708636e-06,3.0708636e-06,3.0708636e-06,3.0708636e-06,3.0708636e-06,3.0708636e-06,3.0708636e-06,3.0708636e-06,3.0708636e-06,3.0708636e-06,3.0708636e-06,3.0724612e-06,3.0168527e-06,3.0168527e-06,1.6445909e-06,3.05262321e-09,2.69728566e-08,2.57939802e-08,1.20463342e-10,0,0,0,0,0,0,0,0,0,0,0,0,0,0,0,0,0,0,0,0,0,1.20463342e-10,1.20463342e-10,1.20463342e-10,5.340715e-08,1.6445909e-06,1.96500975e-06,2.9173213e-06,3.0168527e-06,3.0168527e-06,3.0168527e-06,3.0168527e-06,3.0168527e-06,1.75265328e-06,3.0168527e-06,3.0168527e-06,3.0168527e-06,3.0168527e-06,3.0168527e-06,3.0168527e-06,3.0168527e-06,3.0168527e-06,3.0168527e-06,3.0168527e-06,3.0168527e-06,3.0168527e-06,3.0168527e-06,3.0168527e-06,3.0168527e-06,0,0,0,0,0,0,0,0,0,0,0
3.0708636e-06,3.0708636e-06,3.0708636e-06,3.0708636e-06,3.0708636e-06,3.0708636e-06,3.0708636e-06,3.0708636e-06,3.0708636e-06,3.0708636e-06,3.0708636e-06,3.0708636e-06,3.0708636e-06,3.0708636e-06,3.0708636e-06,3.0708636e-06,3.0708636e-06,3.0724612e-06,3.0168527e-06,2.9173213e-06,1.733603e-06,7.03386072e-08,8.48486466e-08,6.10790171e-10,1.20463342e-10,0,0,0,0,0,0,0,0,0,0,0,0,0,0,0,0,0,0,0,0,0,1.20463342e-10,1.20463342e-10,1.20463342e-10,1.20463342e-10,6.6208492e-10,9.85136017e-07,2.9173213e-06,3.0168527e-06,3.0168527e-06,3.0168527e-06,3.0168527e-06,2.9173213e-06,1.96500975e-06,3.0168527e-06,3.0168527e-06,3.0168527e-06,3.0168527e-06,3.0168527e-06,3.0168527e-06,3.0168527e-06,3.0168527e-06,3.0168527e-06,3.0168527e-06,3.0168527e-06,3.0168527e-06,3.0168527e-06,3.0168527e-06,3.0168527e-06,3.0168527e-06,3.0168527e-06,0,0,0,0,0,0,0,0,0
3.0708636e-06,3.0708636e-06,3.0708636e-06,3.0708636e-06,3.0708636e-06,3.0708636e-06,3.0708636e-06,3.0708636e-06,3.0708636e-06,3.0708636e-06,3.0708636e-06,3.0708636e-06,3.0708636e-06,3.0708636e-06,3.0708636e-06,3.0708636e-06,3.0708636e-06,3.0724612e-06,2.9173213e-06,1.15478332e-06,1.76047788e-06,2.8207315e-07,2.33128821e-09,2.57939802e-08,0,0,0,0,0,0,0,0,0,0,0,0,0,0,0,0,0,0,0,0,0,1.20463342e-10,1.20463342e-10,1.20463342e-10,1.20463342e-10,6.6208492e-10,6.8707389e-07,1.733603e-06,1.76047788e-06,2.9173213e-06,2.9173213e-06,3.0168527e-06,2.9173213e-06,6.6208492e-10,2.9173213e-06,3.0168527e-06,3.0168527e-06,3.0168527e-06,3.0168527e-06,3.0168527e-06,3.0168527e-06,3.0168527e-06,3.0168527e-06,3.0168527e-06,3.0168527e-06,3.0168527e-06,3.0168527e-06,3.0168527e-06,3.0168527e-06,3.0168527e-06,3.0168527e-06,3.0168527e-06,3.0168527e-06,0,0,0,0,0,0,0,0
3.0708636e-06,3.0708636e-06,3.0708636e-06,3.0708636e-06,3.0708636e-06,3.0708636e-06,3.0708636e-06,3.0708636e-06,3.0708636e-06,3.0708636e-06,3.0708636e-06,3.0708636e-06,3.0708636e-06,3.0708636e-06,3.0708636e-06,3.0708636e-06,3.0708636e-06,3.0724612e-06,3.0168527e-06,1.80868441e-06,3.22112779e-07,2.8207315e-07,2.33128821e-09,6.10790171e-10,0,0,0,0,0,0,0,0,0,0,0,0,0,0,0,0,0,0,0,0,0,1.20463342e-10,1.20463342e-10,1.20463342e-10,1.20463342e-10,1.20463342e-10,6.6208492e-10,5.340715e-08,6.8707389e-07,2.9173213e-06,3.0168527e-06,1.74467081e-06,5.340715e-08,3.624796e-07,2.9173213e-06,2.9173213e-06,3.0168527e-06,3.0168527e-06,3.0168527e-06,3.0168527e-06,3.0168527e-06,3.0168527e-06,3.0168527e-06,3.0168527e-06,3.0168527e-06,3.0168527e-06,3.0168527e-06,3.0168527e-06,3.0168527e-06,3.0168527e-06,3.0168527e-06,3.0168527e-06,3.0168527e-06,3.0168527e-06,0,0,0,0,0,0,0
3.0708636e-06,3.0708636e-06,3.0708636e-06,3.0708636e-06,3.0708636e-06,3.0708636e-06,3.0708636e-06,3.0708636e-06,3.0708636e-06,3.0708636e-06,3.0708636e-06,3.0708636e-06,3.0708636e-06,3.0708636e-06,3.0708636e-06,3.0708636e-06,3.0708636e-06,2.9729298e-06,3.0168527e-06,1.81666688e-06,2.61553735e-07,7.88713916e-08,1.78966663e-09,6.10790171e-10,0,0,0,0,0,0,0,0,0,0,0,0,0,0,0,0,0,0,0,0,0,1.20463342e-10,1.20463342e-10,1.20463342e-10,1.20463342e-10,1.20463342e-10,1.20463342e-10,6.6208492e-10,6.6208492e-10,1.733603e-06,1.96500975e-06,6.6208492e-10,1.05921322e-06,1.76564713e-06,2.9173213e-06,1.76047788e-06,2.9173213e-06,3.0168527e-06,3.0168527e-06,3.0168527e-06,3.0168527e-06,3.0168527e-06,3.0168527e-06,3.0168527e-06,3.0168527e-06,3.0168527e-06,3.0168527e-06,3.0168527e-06,3.0168527e-06,3.0168527e-06,3.0168527e-06,3.0168527e-06,3.0168527e-06,3.0168527e-06,0,0,0,0,0,0,0
3.0708636e-06,3.0708636e-06,3.0708636e-06,3.0708636e-06,3.0708636e-06,3.0708636e-06,3.0708636e-06,3.0708636e-06,3.0708636e-06,3.0708636e-06,3.0708636e-06,3.0708636e-06,3.0708636e-06,3.0708636e-06,3.0708636e-06,3.0708636e-06,3.0708636e-06,2.01074665e-06,2.7694987e-06,1.82449148e-06,3.22112779e-07,7.88713916e-08,1.78966663e-09,6.10790171e-10,0,0,0,0,0,0,0,0,0,0,0,0,0,0,0,0,0,0,0,0,1.20463342e-10,1.20463342e-10,1.20463342e-10,1.20463342e-10,6.6208492e-10,6.6208492e-10,1.20463342e-10,1.20463342e-10,6.6208492e-10,6.6208492e-10,6.6208492e-10,6.6208492e-10,2.8183639e-06,1.79976208e-06,9.65520117e-07,1.733603e-06,3.0168527e-06,3.0168527e-06,3.0168527e-06,3.0168527e-06,3.0168527e-06,3.0168527e-06,3.0168527e-06,3.0168527e-06,3.0168527e-06,3.0168527e-06,3.0168527e-06,3.0168527e-06,3.0168527e-06,3.0168527e-06,3.0168527e-06,3.0168527e-06,3.0168527e-06,3.0168527e-06,0,0,0,0,0,0,0
3.0708636e-06,3.0708636e-06,3.0708636e-06,3.0708636e-06,3.0708636e-06,3.0708636e-06,3.0708636e-06,3.0708636e-06,3.0708636e-06,3.0708636e-06,3.0708636e-06,3.0708636e-06,3.0708636e-06,3.0708636e-06,3.0708636e-06,3.0708636e-06,2.9713322e-06,1.67475635e-06,2.5409431e-07,3.53760019e-07,2.54826795e-07,4.16769916e-08,2.69728566e-08,6.10790171e-10,0,0,0,0,0,0,0,0,0,0,0,0,0,0,0,0,0,0,0,0,1.20463342e-10,1.20463342e-10,1.20463342e-10,1.20463342e-10,6.6208492e-10,8.34753e-08,6.6208492e-10,1.20463342e-10,6.6208492e-10,1.20463342e-10,6.6208492e-10,7.5709531e-07,2.9173213e-06,2.9173213e-06,2.9173213e-06,2.9173213e-06,3.0168527e-06,3.0168527e-06,3.0168527e-06,3.0168527e-06,3.0168527e-06,3.0168527e-06,3.0168527e-06,3.0168527e-06,3.0168527e-06,3.0168527e-06,3.0168527e-06,3.0168527e-06,3.0168527e-06,3.0168527e-06,3.0168527e-06,3.0168527e-06,3.0168527e-06,3.0168527e-06,3.0168527e-06,0,0,0,0,0,0
3.0708636e-06,3.0708636e-06,3.0708636e-06,3.0708636e-06,3.0708636e-06,3.0708636e-06,3.0708636e-06,3.0708636e-06,3.0708636e-06,3.0708636e-06,3.0708636e-06,3.0708636e-06,3.0708636e-06,3.0708636e-06,3.0708636e-06,3.0708636e-06,2.9713322e-06,2.9729298e-06,1.78989048e-06,9.5107649e-07,2.1201557e-07,4.16769916e-08,2.69728566e-08,2.57939802e-08,0,0,0,0,0,0,0,0,0,0,0,0,0,0,0,0,0,0,0,1.20463342e-10,1.20463342e-10,1.20463342e-10,1.20463342e-10,1.20463342e-10,6.6208492e-10,1.3015772e-07,5.340715e-08,9.85136017e-07,1.733603e-06,1.6445909e-06,1.76047788e-06,1.96500975e-06,2.9173213e-06,3.0168527e-06,3.0168527e-06,3.0168527e-06,3.0168527e-06,3.0168527e-06,3.0168527e-06,3.0168527e-06,3.0168527e-06,3.0168527e-06,3.0168527e-06,3.0168527e-06,3.0168527e-06,3.0168527e-06,3.0168527e-06,3.0168527e-06,3.0168527e-06,3.0168527e-06,3.0168527e-06,3.0168527e-06,3.0168527e-06,3.0168527e-06,3.0168527e-06,3.0168527e-06,0,0,0,0,0
3.0708636e-06,3.0708636e-06,3.0708636e-06,3.0708636e-06,3.0708636e-06,3.0708636e-06,3.0708636e-06,3.0708636e-06,3.0708636e-06,3.0708636e-06,3.0708636e-06,3.0708636e-06,3.0708636e-06,3.0708636e-06,3.0708636e-06,3.0708636e-06,3.0708636e-06,2.9729298e-06,1.57490465e-06,3.53760019e-07,2.4920997e-07,1.24735972e-07,1.78966663e-09,0,0,0,0,0,0,0,0,0,0,0,0,0,0,0,0,0,0,0,0,1.20463342e-10,1.20463342e-10,1.20463342e-10,1.20463342e-10,1.20463342e-10,6.6208492e-10,6.6208492e-10,6.6208492e-10,1.6445909e-06,9.40063703e-07,9.178133e-08,1.75265328e-06,1.96500975e-06,2.9173213e-06,3.0168527e-06,3.0168527e-06,3.0168527e-06,3.0168527e-06,3.0168527e-06,3.0168527e-06,3.0168527e-06,3.0168527e-06,3.0168527e-06,3.0168527e-06,3.0168527e-06,3.0168527e-06,3.0168527e-06,3.0168527e-06,3.0168527e-06,3.0168527e-06,3.0168527e-06,3.0168527e-06,3.0168527e-06,3.0168527e-06,3.0168527e-06,3.0168527e-06,3.0168527e-06,0,0,0,0,0
3.0708636e-06,3.0708636e-06,3.0708636e-06,3.0708636e-06,3.0708636e-06,3.0708636e-06,3.0708636e-06,3.0708636e-06,3.0708636e-06,3.0708636e-06,3.0708636e-06,3.0708636e-06,3.0708636e-06,3.0708636e-06,3.0708636e-06,3.0708636e-06,3.0708636e-06,1.84549898e-06,2.5409431e-07,2.4920997e-07,2.4920997e-07,4.16769916e-08,1.78966663e-09,0,0,0,0,0,0,0,0,0,0,0,0,0,0,0,0,0,0,0,0,1.20463342e-10,1.20463342e-10,1.20463342e-10,1.20463342e-10,1.20463342e-10,1.20463342e-10,1.20463342e-10,6.6208492e-10,6.6208492e-10,6.6208492e-10,1.0681652e-07,1.76047788e-06,1.96500975e-06,2.9173213e-06,3.0168527e-06,3.0168527e-06,3.0168527e-06,3.0168527e-06,3.0168527e-06,3.0168527e-06,2.9173213e-06,3.0168527e-06,3.0168527e-06,3.0168527e-06,3.0168527e-06,3.0168527e-06,3.0168527e-06,3.0168527e-06,3.0168527e-06,3.0168527e-06,3.0168527e-06,3.0168527e-06,3.0168527e-06,3.0168527e-06,3.0168527e-06,3.0168527e-06,3.0168527e-06,3.0168527e-06,0,0,0,0
3.0708636e-06,3.0708636e-06,3.0708636e-06,3.0708636e-06,3.0708636e-06,3.0708636e-06,3.0708636e-06,3.0708636e-06,3.0708636e-06,3.0708636e-06,3.0708636e-06,3.0708636e-06,3.0708636e-06,3.0708636e-06,3.0708636e-06,3.0708636e-06,3.0708636e-06,2.9729298e-06,1.72119348e-06,1.04281816e-06,1.74041453e-06,7.88713916e-08,1.78966663e-09,0,0,0,0,0,0,0,0,0,0,0,0,0,0,0,0,0,0,0,0,1.20463342e-10,1.20463342e-10,1.20463342e-10,1.20463342e-10,1.20463342e-10,1.20463342e-10,1.20463342e-10,1.20463342e-10,6.6208492e-10,1.76564713e-06,1.76047788e-06,1.96500975e-06,2.9173213e-06,3.0168527e-06,3.0168527e-06,3.0168527e-06,3.0168527e-06,3.0168527e-06,3.0168527e-06,3.0168527e-06,2.9173213e-06,2.9173213e-06,3.0168527e-06,3.0168527e-06,3.0168527e-06,3.0168527e-06,3.0168527e-06,3.0168527e-06,3.0168527e-06,3.0168527e-06,3.0168527e-06,3.0168527e-06,3.0168527e-06,3.0168527e-06,3.0168527e-06,3.0168527e-06,3.0168527e-06,3.0168527e-06,0,0,0,0
3.0708636e-06,3.0708636e-06,3.0708636e-06,3.0708636e-06,3.0708636e-06,3.0708636e-06,3.0708636e-06,3.0708636e-06,3.0708636e-06,3.0708636e-06,3.0708636e-06,3.0708636e-06,3.0708636e-06,3.0708636e-06,3.0708636e-06,3.0708636e-06,3.0708636e-06,3.0724612e-06,9.4227002e-07,2.9173213e-06,1.07878902e-06,4.16769916e-08,1.78966663e-09,0,0,0,0,0,0,0,0,0,0,0,0,0,0,0,0,0,0,0,0,1.20463342e-10,1.20463342e-10,1.20463342e-10,1.20463342e-10,1.20463342e-10,1.20463342e-10,1.20463342e-10,6.6208492e-10,6.6208492e-10,3.624796e-07,1.76047788e-06,1.73621143e-06,2.9173213e-06,3.0168527e-06,3.0168527e-06,3.0168527e-06,3.0168527e-06,3.0168527e-06,3.0168527e-06,3.0168527e-06,1.96500975e-06,2.9173213e-06,3.0168527e-06,3.0168527e-06,3.0168527e-06,3.0168527e-06,3.0168527e-06,3.0168527e-06,3.0168527e-06,3.0168527e-06,3.0168527e-06,3.0168527e-06,3.0168527e-06,3.0168527e-06,3.0168527e-06,3.0168527e-06,3.0168527e-06,3.0168527e-06,0,0,0,0
3.0708636e-06,3.0708636e-06,3.0708636e-06,3.0708636e-06,3.0708636e-06,3.0708636e-06,3.0708636e-06,3.0708636e-06,3.0708636e-06,3.0708636e-06,3.0708636e-06,3.0708636e-06,3.0708636e-06,3.0708636e-06,3.0708636e-06,3.0708636e-06,3.0708636e-06,3.0724612e-06,1.75060628e-06,3.0168527e-06,1.08332877e-06,7.88713916e-08,1.78966663e-09,0,0,0,0,0,0,0,0,0,0,0,0,0,0,0,0,0,0,0,1.20463342e-10,1.20463342e-10,1.20463342e-10,1.20463342e-10,1.20463342e-10,1.20463342e-10,1.20463342e-10,6.6208492e-10,6.6208492e-10,5.340715e-08,1.3015772e-07,2.7884069e-06,3.0168527e-06,2.9173213e-06,3.0168527e-06,3.0168527e-06,3.0168527e-06,3.0168527e-06,3.0168527e-06,3.0168527e-06,3.0168527e-06,2.9173213e-06,1.76047788e-06,2.9173213e-06,3.0168527e-06,3.0168527e-06,3.0168527e-06,3.0168527e-06,3.0168527e-06,3.0168527e-06,3.0168527e-06,3.0168527e-06,3.0168527e-06,3.0168527e-06,3.0168527e-06,3.0168527e-06,3.0168527e-06,3.0168527e-06,3.0168527e-06,3.0168527e-06,0,0,0
3.0708636e-06,3.0708636e-06,3.0708636e-06,3.0708636e-06,3.0708636e-06,3.0708636e-06,3.0708636e-06,3.0708636e-06,3.0708636e-06,3.0708636e-06,3.0708636e-06,3.0708636e-06,3.0708636e-06,3.0708636e-06,3.0708636e-06,3.0708636e-06,3.0708636e-06,3.0724612e-06,3.0168527e-06,3.0168527e-06,1.74467081e-06,7.88713916e-08,1.78966663e-09,0,0,0,0,0,0,0,0,0,0,0,0,0,0,0,0,0,0,0,1.20463342e-10,1.20463342e-10,1.20463342e-10,1.20463342e-10,1.20463342e-10,1.20463342e-10,1.20463342e-10,6.6208492e-10,6.6208492e-10,1.3015772e-07,7.5709531e-07,1.76047788e-06,2.9173213e-06,3.0168527e-06,3.0168527e-06,3.0168527e-06,3.0168527e-06,3.0168527e-06,3.0168527e-06,3.0168527e-06,3.0168527e-06,3.0168527e-06,9.39991717e-07,1.79976208e-06,1.76047788e-06,2.9173213e-06,2.9173213e-06,3.0168527e-06,3.0168527e-06,3.0168527e-06,3.0168527e-06,3.0168527e-06,3.0168527e-06,3.0168527e-06,3.0168527e-06,3.0168527e-06,3.0168527e-06,3.0168527e-06,3.0168527e-06,0,0,0,0
3.0708636e-06,3.0708636e-06,3.0708636e-06,3.0708636e-06,3.0708636e-06,3.0708636e-06,3.0708636e-06,3.0708636e-06,3.0708636e-06,3.0708636e-06,2.9713322e-06,3.0708636e-06,3.0708636e-06,3.0708636e-06,3.0708636e-06,3.0708636e-06,3.0708636e-06,3.0724612e-06,3.0168527e-06,2.9173213e-06,1.74467081e-06,7.88713916e-08,1.78966663e-09,0,0,0,0,0,0,0,0,0,0,0,0,0,0,0,0,0,0,0,1.20463342e-10,1.20463342e-10,1.20463342e-10,1.20463342e-10,1.20463342e-10,1.20463342e-10,1.20463342e-10,1.20463342e-10,6.6208492e-10,1.81031133e-06,9.40063703e-07,1.81031133e-06,2.9173213e-06,3.0168527e-06,3.0168527e-06,3.0168527e-06,3.0168527e-06,3.0168527e-06,3.0168527e-06,3.0168527e-06,3.0168527e-06,2.9173213e-06,3.624796e-07,3.624796e-07,1.73621143e-06,1.96500975e-06,2.9173213e-06,3.0168527e-06,3.0168527e-06,3.0168527e-06,3.0168527e-06,3.0168527e-06,3.0168527e-06,3.0168527e-06,3.0168527e-06,3.0168527e-06,3.0168527e-06,3.0168527e-06,3.0168527e-06,0,0,0,0
3.0708636e-06,3.0708636e-06,3.0708636e-06,3.0708636e-06,3.0708636e-06,3.0708636e-06,3.0708636e-06,3.0708636e-06,3.0708636e-06,3.0708636e-06,2.17836147e-06,2.28034437e-06,3.0708636e-06,3.0708636e-06,3.0708636e-06,3.0708636e-06,3.0708636e-06,3.0724612e-06,3.0168527e-06,1.86377568e-06,1.75265328e-06,4.16769916e-08,1.78966663e-09,0,0,0,0,0,0,0,0,0,0,0,0,0,0,0,0,0,0,0,1.20463342e-10,1.20463342e-10,1.20463342e-10,1.20463342e-10,1.20463342e-10,1.20463342e-10,1.20463342e-10,1.20463342e-10,1.20463342e-10,9.65520117e-07,1.76047788e-06,2.8183639e-06,3.0168527e-06,3.0168527e-06,3.0168527e-06,3.0168527e-06,3.0168527e-06,3.0168527e-06,3.0168527e-06,3.0168527e-06,1.76047788e-06,8.97649137e-07,8.34753e-08,9.207607e-07,1.96500975e-06,2.9173213e-06,3.0168527e-06,3.0168527e-06,3.0168527e-06,3.0168527e-06,3.0168527e-06,3.0168527e-06,3.0168527e-06,3.0168527e-06,3.0168527e-06,3.0168527e-06,3.0168527e-06,3.0168527e-06,3.0168527e-06,3.0168527e-06,0,0,0
3.0708636e-06,3.0708636e-06,3.0708636e-06,3.0708636e-06,3.0708636e-06,3.0708636e-06,3.0708636e-06,3.0708636e-06,3.0708636e-06,2.9713322e-06,2.21514555e-06,1.42316646e-06,2.28034437e-06,2.9713322e-06,3.0708636e-06,3.0708636e-06,2.9713322e-06,3.0724612e-06,1.66652518e-06,1.04281816e-06,1.73142055e-07,4.16769916e-08,1.78966663e-09,0,0,0,0,0,0,0,0,0,0,0,0,0,0,0,0,0,0,0,1.20463342e-10,1.20463342e-10,1.20463342e-10,1.20463342e-10,1.20463342e-10,1.20463342e-10,1.20463342e-10,1.20463342e-10,6.6208492e-10,8.34753e-08,1.96500975e-06,3.0168527e-06,3.0168527e-06,3.0168527e-06,3.0168527e-06,3.0168527e-06,3.0168527e-06,3.0168527e-06,3.0168527e-06,3.0168527e-06,9.178133e-08,1.74467081e-06,5.340715e-08,8.34753e-08,1.96500975e-06,2.9173213e-06,3.0168527e-06,3.0168527e-06,3.0168527e-06,3.0168527e-06,3.0168527e-06,3.0168527e-06,3.0168527e-06,3.0168527e-06,3.0168527e-06,3.0168527e-06,3.0168527e-06,3.0168527e-06,3.0168527e-06,3.0168527e-06,0,0,0
2.4327779e-06,2.4327779e-06,2.4327779e-06,2.4327779e-06,2.4327779e-06,2.4327779e-06,2.4327779e-06,2.4327779e-06,2.4327779e-06,2.4327779e-06,1.85880538e-06,1.07854871e-06,8.3120365e-07,1.85880538e-06,2.4327779e-06,1.73718038e-06,1.1029779e-06,2.4343755e-06,2.378767e-06,2.52229989e-07,1.70545249e-07,4.0951715e-08,1.06438998e-09,0,0,0,0,0,0,0,0,0,0,0,0,0,0,0,0,0,0,0,9.36238832e-11,9.36238832e-11,9.36238832e-11,9.36238832e-11,9.36238832e-11,9.36238832e-11,9.36238832e-11,9.36238832e-11,3.86099535e-10,1.4497006e-06,2.378767e-06,2.378767e-06,2.378767e-06,1.46076841e-06,1.67312488e-06,2.378767e-06,2.378767e-06,2.378767e-06,2.2798096e-06,4.8640146e-07,1.46859301e-06,2.378767e-06,1.46859301e-06,1.0008957e-07,2.2798096e-06,2.378767e-06,2.378767e-06,2.378767e-06,2.378767e-06,2.378767e-06,2.378767e-06,2.378767e-06,2.378767e-06,2.378767e-06,2.378767e-06,2.378767e-06,2.378767e-06,2.378767e-06,2.378767e-06,2.378767e-06,0,0,0
1.2561379e-06,1.2561379e-06,1.2561379e-06,1.2561379e-06,1.2561379e-06,1.2561379e-06,1.2561379e-06,1.2561379e-06,1.2561379e-06,1.2561379e-06,9.706608e-07,3.0678418e-07,1.63875351e-07,9.706608e-07,1.2561379e-06,9.706608e-07,1.63875351e-07,7.026067e-07,7.155076e-07,1.69170771e-07,1.69170771e-07,7.03722475e-10,7.03722475e-10,0,0,0,0,0,0,0,0,0,0,0,0,0,0,0,0,0,0,0,4.98429135e-11,4.98429135e-11,4.98429135e-11,4.98429135e-11,4.98429135e-11,4.98429135e-11,4.98429135e-11,4.98429135e-11,2.98988839e-10,6.880388e-07,7.369061e-07,7.369061e-07,6.880388e-07,3.837418e-08,8.50566e-08,3.38057633e-07,2.8572903e-07,2.98988839e-10,2.98988839e-10,6.880388e-07,1.1515625e-06,1.1515625e-06,7.447307e-07,6.880388e-07,7.643728e-07,1.1515625e-06,1.1515625e-06,1.1515625e-06,1.1515625e-06,1.1515625e-06,1.1515625e-06,1.1515625e-06,1.1515625e-06,1.1515625e-06,1.1515625e-06,1.1515625e-06,1.1515625e-06,1.1515625e-06,1.1515625e-06,1.1515625e-06,0,0,0
3.290596e-07,3.290596e-07,3.290596e-07,3.290596e-07,3.290596e-07,3.290596e-07,3.290596e-07,3.290596e-07,3.290596e-07,3.290596e-07,2.502156e-07,1.503297e-08,1.96727727e-10,3.290596e-07,3.290596e-07,2.502156e-07,1.503297e-08,1.96727727e-10,1.503297e-08,1.96727727e-10,1.96727727e-10,1.96727727e-10,0,0,0,0,0,0,0,0,0,0,0,0,0,0,0,0,0,0,0,0,3.4954256e-11,3.4954256e-11,3.4954256e-11,3.4954256e-11,3.4954256e-11,3.4954256e-11,3.4954256e-11,3.4954256e-11,3.4954256e-11,1.12665633e-07,1.12665633e-07,0,3.4954256e-11,3.4954256e-11,0,1.12665633e-07,1.612035e-07,1.654066e-07,3.290596e-07,3.290596e-07,3.290596e-07,3.290596e-07,1.850487e-07,1.12665633e-07,1.654066e-07,1.654066e-07,1.850487e-07,3.290596e-07,3.290596e-07,3.290596e-07,3.290596e-07,3.290596e-07,3.290596e-07,3.290596e-07,3.290596e-07,3.290596e-07,3.290596e-07,3.290596e-07,3.290596e-07,3.290596e-07,0,0,0
0,0,0,0,0,0,0,0,0,0,0,0,0,0,0,0,0,0,0,0,0,0,0,0,0,0,0,0,0,0,0,0,0,0,0,0,0,0,0,0,0,0,0,0,0,0,0,0,0,0,0,0,0,0,0,0,0,0,0,0,0,0,0,0,0,0,0,0,0,0,0,0,0,0,0,0,0,0,0,0,0,0,0,0,0
0,0,0,0,0,0,0,0,0,0,0,0,0,0,0,0,0,0,0,0,0,0,0,0,0,0,0,0,0,0,0,0,0,0,0,0,0,0,0,0,0,0,0,0,0,0,0,0,0,0,0,0,0,0,0,0,0,0,0,0,0,0,0,0,0,0,0,0,0,0,0,0,0,0,0,0,0,0,0,0,0,0,0,0,0
0,0,0,0,0,0,0,0,0,0,0,0,0,0,0,0,0,0,0,0,0,0,0,0,0,0,0,0,0,0,0,0,0,0,0,0,0,0,0,0,0,0,0,0,0,0,0,0,0,0,0,0,0,0,0,0,0,0,0,0,0,0,0,0,0,0,0,0,0,0,0,0,0,0,0,0,0,0,0,0,0,0,0,0,0
0,0,0,0,0,0,0,0,0,0,0,0,0,0,0,0,0,0,0,0,0,0,0,0,0,0,0,0,0,0,0,0,0,0,0,0,0,0,0,0,0,0,0,0,0,0,0,0,0,0,0,0,0,0,0,0,0,0,0,0,0,0,0,0,0,0,0,0,0,0,0,0,0,0,0,0,0,0,0,0,0,0,0,0,0
0,0,0,0,0,0,0,0,0,0,0,0,0,0,0,0,0,0,0,0,0,0,0,0,0,0,0,0,0,0,0,0,0,0,0,0,0,0,0,0,0,0,0,0,0,0,0,0,0,0,0,0,0,0,0,0,0,0,0,0,0,0,0,0,0,0,0,0,0,0,0,0,0,0,0,0,0,0,0,0,0,0,0,0,0
0,0,0,0,0,0,0,0,0,0,0,0,0,0,0,0,0,0,0,0,0,0,0,0,0,0,0,0,0,0,0,0,0,0,0,0,0,0,0,0,0,0,0,0,0,0,0,0,0,0,0,0,0,0,0,0,0,0,0,0,0,0,0,0,0,0,0,0,0,0,0,0,0,0,0,0,0,0,0,0,0,0,0,0,0
0,0,0,0,0,0,0,0,0,0,0,0,0,0,0,0,0,0,0,0,0,0,0,0,0,0,0,0,0,0,0,0,0,0,0,0,0,0,0,0,0,0,0,0,0,0,0,0,0,0,0,0,0,0,0,0,0,0,0,0,0,0,0,0,0,0,0,0,0,0,0,0,0,0,0,0,0,0,0,0,0,0,0,0,0
0,0,0,0,0,0,0,0,0,0,0,0,0,0,0,0,0,0,0,0,0,0,0,0,0,0,0,0,0,0,0,0,0,0,0,0,0,0,0,0,0,0,0,0,0,0,0,0,0,0,0,0,0,0,0,0,0,0,0,0,0,0,0,0,0,0,0,0,0,0,0,0,0,0,0,0,0,0,0,0,0,0,0,0,0
0,0,0,0,0,0,0,0,0,0,0,0,0,0,0,0,0,0,0,0,0,0,0,0,0,0,0,0,0,0,0,0,0,0,0,0,0,0,0,0,0,0,0,0,0,0,0,0,0,0,0,0,0,0,0,0,0,0,0,0,0,0,0,0,0,0,0,0,0,0,0,0,0,0,0,0,0,0,0,0,0,0,0,0,0
0,0,0,0,0,0,0,0,0,0,0,0,0,0,0,0,0,0,0,0,0,0,0,0,0,0,0,0,0,0,0,0,0,0,0,0,0,0,0,0,0,0,0,0,0,0,0,0,0,0,0,0,0,0,0,0,0,0,0,0,0,0,0,0,0,0,0,0,0,0,0,0,0,0,0,0,0,0,0,0,0,0,0,0,0
0,0,0,0,0,0,0,0,0,0,0,0,0,0,0,0,0,0,0,0,0,0,0,0,0,0,0,0,0,0,0,0,0,0,0,0,0,0,0,0,0,0,0,0,0,0,0,0,0,0,0,0,0,0,0,0,0,0,0,0,0,0,0,0,0,0,0,0,0,0,0,0,0,0,0,0,0,0,0,0,0,0,0,0,0
0,0,0,0,0,0,0,0,0,0,0,0,0,0,0,0,0,0,0,0,0,0,0,0,0,0,0,0,0,0,0,0,0,0,0,0,0,0,0,0,0,0,0,0,0,0,0,0,0,0,0,0,0,0,0,0,0,0,0,0,0,0,0,0,0,0,0,0,0,0,0,0,0,0,0,0,0,0,0,0,0,0,0,0,0
0,0,0,0,0,0,0,0,0,0,0,0,0,0,0,0,0,0,0,0,0,0,0,0,0,0,0,0,0,0,0,0,0,0,0,0,0,0,0,0,0,0,0,0,0,0,0,0,0,0,0,0,0,0,0,0,0,0,0,0,0,0,0,0,0,0,0,0,0,0,0,0,0,0,0,0,0,0,0,0,0,0,0,0,0
0,0,0,0,0,0,0,0,0,0,0,0,0,0,0,0,0,0,0,0,0,0,0,0,0,0,0,0,0,0,0,0,0,0,0,0,0,0,0,0,0,0,0,0,0,0,0,0,0,0,0,0,0,0,0,0,0,0,0,0,0,0,0,0,0,0,0,0,0,0,0,0,0,0,0,0,0,0,0,0,0,0,0,0,0
0,0,0,0,0,0,0,0,0,0,0,0,0,0,0,0,0,0,0,0,0,0,0,0,0,0,0,0,0,0,0,0,0,0,0,0,0,0,0,0,0,0,0,0,0,0,0,0,0,0,0,0,0,0,0,0,0,0,0,0,0,0,0,0,0,0,0,0,0,0,0,0,0,0,0,0,0,0,0,0,0,0,0,0,0
0,0,0,0,0,0,0,0,0,0,0,0,0,0,0,0,0,0,0,0,0,0,0,0,0,0,0,0,0,0,0,0,0,0,0,0,0,0,0,0,0,0,0,0,0,0,0,0,0,0,0,0,0,0,0,0,0,0,0,0,0,0,0,0,0,0,0,0,0,0,0,0,0,0,0,0,0,0,0,0,0,0,0,0,0
0,0,0,0,0,0,0,0,0,0,0,0,0,0,0,0,0,0,0,0,0,0,0,0,0,0,0,0,0,0,0,0,0,0,0,0,0,0,0,0,0,0,0,0,0,0,0,0,0,0,0,0,0,0,0,0,0,0,0,0,0,0,0,0,0,0,0,0,0,0,0,0,0,0,0,0,0,0,0,0,0,0,0,0,0
0,0,0,0,0,0,0,0,0,0,0,0,0,0,0,0,0,0,0,0,0,0,0,0,0,0,0,0,0,0,0,0,0,0,0,0,0,0,0,0,0,0,0,0,0,0,0,0,0,0,0,0,0,0,0,0,0,0,0,0,0,0,0,0,0,0,0,0,0,0,0,0,0,0,0,0,0,0,0,0,0,0,0,0,0
0,0,0,0,0,0,0,0,0,0,0,0,0,0,0,0,0,0,0,0,0,0,0,0,0,0,0,0,0,0,0,0,0,0,0,0,0,0,0,0,0,0,0,0,0,0,0,0,0,0,0,0,0,0,0,0,0,0,0,0,0,0,0,0,0,0,0,0,0,0,0,0,0,0,0,0,0,0,0,0,0,0,0,0,0
0,0,0,0,0,0,0,0,0,0,0,0,0,0,0,0,0,0,0,0,0,0,0,0,0,0,0,0,0,0,0,0,0,0,0,0,0,0,0,0,0,0,0,0,0,0,0,0,0,0,0,0,0,0,0,0,0,0,0,0,0,0,0,0,0,0,0,0,0,0,0,0,0,0,0,0,0,0,0,0,0,0,0,0,0
0,0,0,0,0,0,0,0,0,0,0,0,0,0,0,0,0,0,0,0,0,0,0,0,0,0,0,0,0,0,0,0,0,0,0,0,0,0,0,0,0,0,0,0,0,0,0,0,0,0,0,0,0,0,0,0,0,0,0,0,0,0,0,0,0,0,0,0,0,0,0,0,0,0,0,0,0,0,0,0,0,0,0,0,0
0,0,0,0,0,0,0,0,0,0,0,0,0,0,0,0,0,0,0,0,0,0,0,0,0,0,0,0,0,0,0,0,0,0,0,0,0,0,0,0,0,0,0,0,0,0,0,0,0,0,0,0,0,0,0,0,0,0,0,0,0,0,0,0,0,0,0,0,0,0,0,0,0,0,0,0,0,0,0,0,0,0,0,0,0
0,0,0,0,0,0,0,0,0,0,0,0,0,0,0,0,0,0,0,0,0,0,0,0,0,0,0,0,0,0,0,0,0,0,0,0,0,0,0,0,0,0,0,0,0,0,0,0,0,0,0,0,0,0,0,0,0,0,0,0,0,0,0,0,0,0,0,0,0,0,0,0,0,0,0,0,0,0,0,0,0,0,0,0,0
0,0,0,0,0,0,0,0,0,0,0,0,0,0,0,0,0,0,0,0,0,0,0,0,0,0,0,0,0,0,0,0,0,0,0,0,0,0,0,0,0,0,0,0,0,0,0,0,0,0,0,0,0,0,0,0,0,0,0,0,0,0,0,0,0,0,0,0,0,0,0,0,0,0,0,0,0,0,0,0,0,0,0,0,0
0,0,0,0,0,0,0,0,0,0,0,0,0,0,0,0,0,0,0,0,0,0,0,0,0,0,0,0,0,0,0,0,0,0,0,0,0,0,0,0,0,0,0,0,0,0,0,0,0,0,0,0,0,0,0,0,0,0,0,0,0,0,0,0,0,0,0,0,0,0,0,0,0,0,0,0,0,0,0,0,0,0,0,0,0
0,0,0,0,0,0,0,0,0,0,0,0,0,0,0,0,0,0,0,0,0,0,0,0,0,0,0,0,0,0,0,0,0,0,0,0,0,0,0,0,0,0,0,0,0,0,0,0,0,0,0,0,0,0,0,0,0,0,0,0,0,0,0,0,0,0,0,0,0,0,0,0,0,0,0,0,0,0,0,0,0,0,0,0,0
0,0,0,0,0,0,0,0,0,0,0,0,0,0,0,0,0,0,0,0,0,0,0,0,0,0,0,0,0,0,0,0,0,0,0,0,0,0,0,0,0,0,0,0,0,0,0,0,0,0,0,0,0,0,0,0,0,0,0,0,0,0,0,0,0,0,0,0,0,0,0,0,0,0,0,0,0,0,0,0,0,0,0,0,0
0,0,0,0,0,0,0,0,0,0,0,0,0,0,0,0,0,0,0,0,0,0,0,0,0,0,0,0,0,0,0,0,0,0,0,0,0,0,0,0,0,0,0,0,0,0,0,0,0,0,0,0,0,0,0,0,0,0,0,0,0,0,0,0,0,0,0,0,0,0,0,0,0,0,0,0,0,0,0,0,0,0,0,0,0
0,0,0,0,0,0,0,0,0,0,0,0,0,0,0,0,0,0,0,0,0,0,0,0,0,0,0,0,0,0,0,0,0,0,0,0,0,0,0,0,0,0,0,0,0,0,0,0,0,0,0,0,0,0,0,0,0,0,0,0,0,0,0,0,0,0,0,0,0,0,0,0,0,0,0,0,0,0,0,0,0,0,0,0,0
0,0,0,0,0,0,0,0,0,0,0,0,0,0,0,0,0,0,0,0,0,0,0,0,0,0,0,0,0,0,0,0,0,0,0,0,0,0,0,0,0,0,0,0,0,0,0,0,0,0,0,0,0,0,0,0,0,0,0,0,0,0,0,0,0,0,0,0,0,0,0,0,0,0,0,0,0,0,0,0,0,0,0,0,0
0,0,0,0,0,0,0,0,0,0,0,0,0,0,0,0,0,0,0,0,0,0,0,0,0,0,0,0,0,0,0,0,0,0,0,0,0,0,0,0,0,0,0,0,0,0,0,0,0,0,0,0,0,0,0,0,0,0,0,0,0,0,0,0,0,0,0,0,0,0,0,0,0,0,0,0,0,0,0,0,0,0,0,0,0
0,0,0,0,0,0,0,0,0,0,0,0,0,0,0,0,0,0,0,0,0,0,0,0,0,0,0,0,0,0,0,0,0,0,0,0,0,0,0,0,0,0,0,0,0,0,0,0,0,0,0,0,0,0,0,0,0,0,0,0,0,0,0,0,0,0,0,0,0,0,0,0,0,0,0,0,0,0,0,0,0,0,0,0,0
0,0,0,0,0,0,0,0,0,0,0,0,0,0,0,0,0,0,0,0,0,0,0,0,0,0,0,0,0,0,0,0,0,0,0,0,0,0,0,0,0,0,0,0,0,0,0,0,0,0,0,0,0,0,0,0,0,0,0,0,0,0,0,0,0,0,0,0,0,0,0,0,0,0,0,0,0,0,0,0,0,0,0,0,0
0,0,0,0,0,0,0,0,0,0,0,0,0,0,0,0,0,0,0,0,0,0,0,0,0,0,0,0,0,0,0,0,0,0,0,0,0,0,0,0,0,0,0,0,0,0,0,0,0,0,0,0,0,0,0,0,0,0,0,0,0,0,0,0,0,0,0,0,0,0,0,0,0,0,0,0,0,0,0,0,0,0,0,0,0
0,0,0,0,0,0,0,0,0,0,0,0,0,0,0,0,0,0,0,0,0,0,0,0,0,0,0,0,0,0,0,0,0,0,0,0,0,0,0,0,0,0,0,0,0,0,0,0,0,0,0,0,0,0,0,0,0,0,0,0,0,0,0,0,0,0,0,0,0,0,0,0,0,0,0,0,0,0,0,0,0,0,0,0,0
0,0,0,0,0,0,0,0,0,0,0,0,0,0,0,0,0,0,0,0,0,0,0,0,0,0,0,0,0,0,0,0,0,0,0,0,0,0,0,0,0,0,0,0,0,0,0,0,0,0,0,0,0,0,0,0,0,0,0,0,0,0,0,0,0,0,0,0,0,0,0,0,0,0,0,0,0,0,0,0,0,0,0,0,0
0,0,0,0,0,0,0,0,0,0,0,0,0,0,0,0,0,0,0,0,0,0,0,0,0,0,0,0,0,0,0,0,0,0,0,0,0,0,0,0,0,0,0,0,0,0,0,0,0,0,0,0,0,0,0,0,0,0,0,0,0,0,0,0,0,0,0,0,0,0,0,0,0,0,0,0,0,0,0,0,0,0,0,0,0
0,0,0,0,0,0,0,0,0,0,0,0,0,0,0,0,0,0,0,0,0,0,0,0,0,0,0,0,0,0,0,0,0,0,0,0,0,0,0,0,0,0,0,0,0,0,0,0,0,0,0,0,0,0,0,0,0,0,0,0,0,0,0,0,0,0,0,0,0,0,0,0,0,0,0,0,0,0,0,0,0,0,0,0,0
0,0,0,0,0,0,0,0,0,0,0,0,0,0,0,0,0,0,0,0,0,0,0,0,0,0,0,0,0,0,0,0,0,0,0,0,0,0,0,0,0,0,0,0,0,0,0,0,0,0,0,0,0,0,0,0,0,0,0,0,0,0,0,0,0,0,0,0,0,0,0,0,0,0,0,0,0,0,0,0,0,0,0,0,0
0,0,0,0,0,0,0,0,0,0,0,0,0,0,0,0,0,0,0,0,0,0,0,0,0,0,0,0,0,0,0,0,0,0,0,0,0,0,0,0,0,0,0,0,0,0,0,0,0,0,0,0,0,0,0,0,0,0,0,0,0,0,0,0,0,0,0,0,0,0,0,0,0,0,0,0,0,0,0,0,0,0,0,0,0
0,0,0,0,0,0,0,0,0,0,0,0,0,0,0,0,0,0,0,0,0,0,0,0,0,0,0,0,0,0,0,0,0,0,0,0,0,0,0,0,0,0,0,0,0,0,0,0,0,0,0,0,0,0,0,0,0,0,0,0,0,0,0,0,0,0,0,0,0,0,0,0,0,0,0,0,0,0,0,0,0,0,0,0,0
0,0,0,0,0,0,0,0,0,0,0,0,0,0,0,0,0,0,0,0,0,0,0,0,0,0,0,0,0,0,0,0,0,0,0,0,0,0,0,0,0,0,0,0,0,0,0,0,0,0,0,0,0,0,0,0,0,0,0,0,0,0,0,0,0,0,0,0,0,0,0,0,0,0,0,0,0,0,0,0,0,0,0,0,0
0,0,0,0,0,0,0,0,0,0,0,0,0,0,0,0,0,0,0,0,0,0,0,0,0,0,0,0,0,0,0,0,0,0,0,0,0,0,0,0,0,0,0,0,0,0,0,0,0,0,0,0,0,0,0,0,0,0,0,0,0,0,0,0,0,0,0,0,0,0,0,0,0,0,0,0,0,0,0,0,0,0,0,0,0
0,0,0,0,0,0,0,0,0,0,0,0,0,0,0,0,0,0,0,0,0,0,0,0,0,0,0,0,0,0,0,0,0,0,0,0,0,0,0,0,0,0,0,0,0,0,0,0,0,0,0,0,0,0,0,0,0,0,0,0,0,0,0,0,0,0,0,0,0,0,0,0,0,0,0,0,0,0,0,0,0,0,0,0,0
0,0,0,0,0,0,0,0,0,0,0,0,0,0,0,0,0,0,0,0,0,0,0,0,0,0,0,0,0,0,0,0,0,0,0,0,0,0,0,0,0,0,0,0,0,0,0,0,0,0,0,0,0,0,0,0,0,0,0,0,0,0,0,0,0,0,0,0,0,0,0,0,0,0,0,0,0,0,0,0,0,0,0,0,0
0,0,0,0,0,0,0,0,0,0,0,0,0,0,0,0,0,0,0,0,0,0,0,0,0,0,0,0,0,0,0,0,0,0,0,0,0,0,0,0,0,0,0,0,0,0,0,0,0,0,0,0,0,0,0,0,0,0,0,0,0,0,0,0,0,0,0,0,0,0,0,0,0,0,0,0,0,0,0,0,0,0,0,0,0
0,0,0,0,0,0,0,0,0,0,0,0,0,0,0,0,0,0,0,0,0,0,0,0,0,0,0,0,0,0,0,0,0,0,0,0,0,0,0,0,0,0,0,0,0,0,0,0,0,0,0,0,0,0,0,0,0,0,0,0,0,0,0,0,0,0,0,0,0,0,0,0,0,0,0,0,0,0,0,0,0,0,0,0,0
0,0,0,0,0,0,0,0,0,0,0,0,0,0,0,0,0,0,0,0,0,0,0,0,0,0,0,0,0,0,0,0,0,0,0,0,0,0,0,0,0,0,0,0,0,0,0,0,0,0,0,0,0,0,0,0,0,0,0,0,0,0,0,0,0,0,0,0,0,0,0,0,0,0,0,0,0,0,0,0,0,0,0,0,0
0,0,0,0,0,0,0,0,0,0,0,0,0,0,0,0,0,0,0,0,0,0,0,0,0,0,0,0,0,0,0,0,0,0,0,0,0,0,0,0,0,0,0,0,0,0,0,0,0,0,0,0,0,0,0,0,0,0,0,0,0,0,0,0,0,0,0,0,0,0,0,0,0,0,0,0,0,0,0,0,0,0,0,0,0
0,0,0,0,0,0,0,0,0,0,0,0,0,0,0,0,0,0,0,0,0,0,0,0,0,0,0,0,0,0,0,0,0,0,0,0,0,0,0,0,0,0,0,0,0,0,0,0,0,0,0,0,0,0,0,0,0,0,0,0,0,0,0,0,0,0,0,0,0,0,0,0,0,0,0,0,0,0,0,0,0,0,0,0,0
0,0,0,0,0,0,0,0,0,0,0,0,0,0,0,0,0,0,0,0,0,0,0,0,0,0,0,0,0,0,0,0,0,0,0,0,0,0,0,0,0,0,0,0,0,0,0,0,0,0,0,0,0,0,0,0,0,0,0,0,0,0,0,0,0,0,0,0,0,0,0,0,0,0,0,0,0,0,0,0,0,0,0,0,0
0,0,0,0,0,0,0,0,0,0,0,0,0,0,0,0,0,0,0,0,0,0,0,0,0,0,0,0,0,0,0,0,0,0,0,0,0,0,0,0,0,0,0,0,0,0,0,0,0,0,0,0,0,0,0,0,0,0,0,0,0,0,0,0,0,0,0,0,0,0,0,0,0,0,0,0,0,0,0,0,0,0,0,0,0
0,0,0,0,0,0,0,0,0,0,0,0,0,0,0,0,0,0,0,0,0,0,0,0,0,0,0,0,0,0,0,0,0,0,0,0,0,0,0,0,0,0,0,0,0,0,0,0,0,0,0,0,0,0,0,0,0,0,0,0,0,0,0,0,0,0,0,0,0,0,0,0,0,0,0,0,0,0,0,0,0,0,0,0,0
0,0,0,0,0,0,0,0,0,0,0,0,0,0,0,0,0,0,0,0,0,0,0,0,0,0,0,0,0,0,0,0,0,0,0,0,0,0,0,0,0,0,0,0,0,0,0,0,0,0,0,0,0,0,0,0,0,0,0,0,0,0,0,0,0,0,0,0,0,0,0,0,0,0,0,0,0,0,0,0,0,0,0,0,0
0,0,0,0,0,0,0,0,0,0,0,0,0,0,0,0,0,0,0,0,0,0,0,0,0,0,0,0,0,0,0,0,0,0,0,0,0,0,0,0,0,0,0,0,0,0,0,0,0,0,0,0,0,0,0,0,0,0,0,0,0,0,0,0,0,0,0,0,0,0,0,0,0,0,0,0,0,0,0,0,0,0,0,0,0
0,0,0,0,0,0,0,0,0,0,0,0,0,0,0,0,0,0,0,0,0,0,0,0,0,0,0,0,0,0,0,0,0,0,0,0,0,0,0,0,0,0,0,0,0,0,0,0,0,0,0,0,0,0,0,0,0,0,0,0,0,0,0,0,0,0,0,0,0,0,0,0,0,0,0,0,0,0,0,0,0,0,0,0,0
0,0,0,0,0,0,0,0,0,0,0,0,0,0,0,0,0,0,0,0,0,0,0,0,0,0,0,0,0,0,0,0,0,0,0,0,0,0,0,0,0,0,0,0,0,0,0,0,0,0,0,0,0,0,0,0,0,0,0,0,0,0,0,0,0,0,0,0,0,0,0,0,0,0,0,0,0,0,0,0,0,0,0,0,0
0,0,0,0,0,0,0,0,0,0,0,0,0,0,0,0,0,0,0,0,0,0,0,0,0,0,0,0,0,0,0,0,0,0,0,0,0,0,0,0,0,0,0,0,0,0,0,0,0,0,0,0,0,0,0,0,0,0,0,0,0,0,0,0,0,0,0,0,0,0,0,0,0,0,0,0,0,0,0,0,0,0,0,0,0
0,0,0,0,0,0,0,0,0,0,0,0,0,0,0,0,0,0,0,0,0,0,0,0,0,0,0,0,0,0,0,0,0,0,0,0,0,0,0,0,0,0,0,0,0,0,0,0,0,0,0,0,0,0,0,0,0,0,0,0,0,0,0,0,0,0,0,0,0,0,0,0,0,0,0,0,0,0,0,0,0,0,0,0,0
0,0,0,0,0,0,0,0,0,0,0,0,0,0,0,0,0,0,0,0,0,0,0,0,0,0,0,0,0,0,0,0,0,0,0,0,0,0,0,0,0,0,0,0,0,0,0,0,0,0,0,0,0,0,0,0,0,0,0,0,0,0,0,0,0,0,0,0,0,0,0,0,0,0,0,0,0,0,0,0,0,0,0,0,0
0,0,0,0,0,0,0,0,0,0,0,0,0,0,0,0,0,0,0,0,0,0,0,0,0,0,0,0,0,0,0,0,0,0,0,0,0,0,0,0,0,0,0,0,0,0,0,0,0,0,0,0,0,0,0,0,0,0,0,0,0,0,0,0,0,0,0,0,0,0,0,0,0,0,0,0,0,0,0,0,0,0,0,0,0
0,0,0,0,0,0,0,0,0,0,0,0,0,0,0,0,0,0,0,0,0,0,0,0,0,0,0,0,0,0,0,0,0,0,0,0,0,0,0,0,0,0,0,0,0,0,0,0,0,0,0,0,0,0,0,0,0,0,0,0,0,0,0,0,0,0,0,0,0,0,0,0,0,0,0,0,0,0,0,0,0,0,0,0,0
0,0,0,0,0,0,0,0,0,0,0,0,0,0,0,0,0,0,0,0,0,0,0,0,0,0,0,0,0,0,0,0,0,0,0,0,0,0,0,0,0,0,0,0,0,0,0,0,0,0,0,0,0,0,0,0,0,0,0,0,0,0,0,0,0,0,0,0,0,0,0,0,0,0,0,0,0,0,0,0,0,0,0,0,0
0,0,0,0,0,0,0,0,0,0,0,0,0,0,0,0,0,0,0,0,0,0,0,0,0,0,0,0,0,0,0,0,0,0,0,0,0,0,0,0,0,0,0,0,0,0,0,0,0,0,0,0,0,0,0,0,0,0,0,0,0,0,0,0,0,0,0,0,0,0,0,0,0,0,0,0,0,0,0,0,0,0,0,0,0
0,0,0,0,0,0,0,0,0,0,0,0,0,0,0,0,0,0,0,0,0,0,0,0,0,0,0,0,0,0,0,0,0,0,0,0,0,0,0,0,0,0,0,0,0,0,0,0,0,0,0,0,0,0,0,0,0,0,0,0,0,0,0,0,0,0,0,0,0,0,0,0,0,0,0,0,0,0,0,0,0,0,0,0,0
0,0,0,0,0,0,0,0,0,0,0,0,0,0,0,0,0,0,0,0,0,0,0,0,0,0,0,0,0,0,0,0,0,0,0,0,0,0,0,0,0,0,0,0,0,0,0,0,0,0,0,0,0,0,0,0,0,0,0,0,0,0,0,0,0,0,0,0,0,0,0,0,0,0,0,0,0,0,0,0,0,0,0,0,0
0,0,0,0,0,0,0,0,0,0,0,0,0,0,0,0,0,0,0,0,0,0,0,0,0,0,0,0,0,0,0,0,0,0,0,0,0,0,0,0,0,0,0,0,0,0,0,0,0,0,0,0,0,0,0,0,0,0,0,0,0,0,0,0,0,0,0,0,0,0,0,0,0,0,0,0,0,0,0,0,0,0,0,0,0
0,0,0,0,0,0,0,0,0,0,0,0,0,0,0,0,0,0,0,0,0,0,0,0,0,0,0,0,0,0,0,0,0,0,0,0,0,0,0,0,0,0,0,0,0,0,0,0,0,0,0,0,0,0,0,0,0,0,0,0,0,0,0,0,0,0,0,0,0,0,0,0,0,0,0,0,0,0,0,0,0,0,0,0,0
0,0,0,0,0,0,0,0,0,0,0,0,0,0,0,0,0,0,0,0,0,0,0,0,0,0,0,0,0,0,0,0,0,0,0,0,0,0,0,0,0,0,0,0,0,0,0,0,0,0,0,0,0,0,0,0,0,0,0,0,0,0,0,0,0,0,0,0,0,0,0,0,0,0,0,0,0,0,0,0,0,0,0,0,0
0,0,0,0,0,0,0,0,0,0,0,0,0,0,0,0,0,0,0,0,0,0,0,0,0,0,0,0,0,0,0,0,0,0,0,0,0,0,0,0,0,0,0,0,0,0,0,0,0,0,0,0,0,0,0,0,0,0,0,0,0,0,0,0,0,0,0,0,0,0,0,0,0,0,0,0,0,0,0,0,0,0,0,0,0
0,0,0,0,0,0,0,0,0,0,0,0,0,0,0,0,0,0,0,0,0,0,0,0,0,0,0,0,0,0,0,0,0,0,0,0,0,0,0,0,0,0,0,0,0,0,0,0,0,0,0,0,0,0,0,0,0,0,0,0,0,0,0,0,0,0,0,0,0,0,0,0,0,0,0,0,0,0,0,0,0,0,0,0,0
0,0,0,0,0,0,0,0,0,0,0,0,0,0,0,0,0,0,0,0,0,0,0,0,0,0,0,0,0,0,0,0,0,0,0,0,0,0,0,0,0,0,0,0,0,0,0,0,0,0,0,0,0,0,0,0,0,0,0,0,0,0,0,0,0,0,0,0,0,0,0,0,0,0,0,0,0,0,0,0,0,0,0,0,0
0,0,0,0,0,0,0,0,0,0,0,0,0,0,0,0,0,0,0,0,0,0,0,0,0,0,0,0,0,0,0,0,0,0,0,0,0,0,0,0,0,0,0,0,0,0,0,0,0,0,0,0,0,0,0,0,0,0,0,0,0,0,0,0,0,0,0,0,0,0,0,0,0,0,0,0,0,0,0,0,0,0,0,0,0
0,0,0,0,0,0,0,0,0,0,0,0,0,0,0,0,0,0,0,0,0,0,0,0,0,0,0,0,0,0,0,0,0,0,0,0,0,0,0,0,0,0,0,0,0,0,0,0,0,0,0,0,0,0,0,0,0,0,0,0,0,0,0,0,0,0,0,0,0,0,0,0,0,0,0,0,0,0,0,0,0,0,0,0,0
0,0,0,0,0,0,0,0,0,0,0,0,0,0,0,0,0,0,0,0,0,0,0,0,0,0,0,0,0,0,0,0,0,0,0,0,0,0,0,0,0,0,0,0,0,0,0,0,0,0,0,0,0,0,0,0,0,0,0,0,0,0,0,0,0,0,0,0,0,0,0,0,0,0,0,0,0,0,0,0,0,0,0,0,0
0,0,0,0,0,0,0,0,0,0,0,0,0,0,0,0,0,0,0,0,0,0,0,0,0,0,0,0,0,0,0,0,0,0,0,0,0,0,0,0,0,0,0,0,0,0,0,0,0,0,0,0,0,0,0,0,0,0,0,0,0,0,0,0,0,0,0,0,0,0,0,0,0,0,0,0,0,0,0,0,0,0,0,0,0
0,0,0,0,0,0,0,0,0,0,0,0,0,0,0,0,0,0,0,0,0,0,0,0,0,0,0,0,0,0,0,0,0,0,0,0,0,0,0,0,0,0,0,0,0,0,0,0,0,0,0,0,0,0,0,0,0,0,0,0,0,0,0,0,0,0,0,0,0,0,0,0,0,0,0,0,0,0,0,0,0,0,0,0,0
0,0,0,0,0,0,0,0,0,0,0,0,0,0,0,0,0,0,0,0,0,0,0,0,0,0,0,0,0,0,0,0,0,0,0,0,0,0,0,0,0,0,0,0,0,0,0,0,0,0,0,0,0,0,0,0,0,0,0,0,0,0,0,0,0,0,0,0,0,0,0,0,0,0,0,0,0,0,0,0,0,0,0,0,0
0,0,0,0,0,0,0,0,0,0,0,0,0,0,0,0,0,0,0,0,0,0,0,0,0,0,0,0,0,0,0,0,0,0,0,0,0,0,0,0,0,0,0,0,0,0,0,0,0,0,0,0,0,0,0,0,0,0,0,0,0,0,0,0,0,0,0,0,0,0,0,0,0,0,0,0,0,0,0,0,0,0,0,0,0
0,0,0,0,0,0,0,0,0,0,0,0,0,0,0,0,0,0,0,0,0,0,0,0,0,0,0,0,0,0,0,0,0,0,0,0,0,0,0,0,0,0,0,0,0,0,0,0,0,0,0,0,0,0,0,0,0,0,0,0,0,0,0,0,0,0,0,0,0,0,0,0,0,0,0,0,0,0,0,0,0,0,0,0,0
0,0,0,0,0,0,0,0,0,0,0,0,0,0,0,0,0,0,0,0,0,0,0,0,0,0,0,0,0,0,0,0,0,0,0,0,0,0,0,0,0,0,0,0,0,0,0,0,0,0,0,0,0,0,0,0,0,0,0,0,0,0,0,0,0,0,0,0,0,0,0,0,0,0,0,0,0,0,0,0,0,0,0,0,0
0,0,0,0,0,0,0,0,0,0,0,0,0,0,0,0,0,0,0,0,0,0,0,0,0,0,0,0,0,0,0,0,0,0,0,0,0,0,0,0,0,0,0,0,0,0,0,0,0,0,0,0,0,0,0,0,0,0,0,0,0,0,0,0,0,0,0,0,0,0,0,0,0,0,0,0,0,0,0,0,0,0,0,0,0
0,0,0,0,0,0,0,0,0,0,0,0,0,0,0,0,0,0,0,0,0,0,0,0,0,0,0,0,0,0,0,0,0,0,0,0,0,0,0,0,0,0,0,0,0,0,0,0,0,0,0,0,0,0,0,0,0,0,0,0,0,0,0,0,0,0,0,0,0,0,0,0,0,0,0,0,0,0,0,0,0,0,0,0,0
0,0,0,0,0,0,0,0,0,0,0,0,0,0,0,0,0,0,0,0,0,0,0,0,0,0,0,0,0,0,0,0,0,0,0,0,0,0,0,0,0,0,0,0,0,0,0,0,0,0,0,0,0,0,0,0,0,0,0,0,0,0,0,0,0,0,0,0,0,0,0,0,0,0,0,0,0,0,0,0,0,0,0,0,0
0,0,0,0,0,0,0,0,0,0,0,0,0,0,0,0,0,0,0,0,0,0,0,0,0,0,0,0,0,0,0,0,0,0,0,0,0,0,0,0,0,0,0,0,0,0,0,0,0,0,0,0,0,0,0,0,0,0,0,0,0,0,0,0,0,0,0,0,0,0,0,0,0,0,0,0,0,0,0,0,0,0,0,0,0
0,0,0,0,0,0,0,0,0,0,0,0,0,0,0,0,0,0,0,0,0,0,0,0,0,0,0,0,0,0,0,0,0,0,0,0,0,0,0,0,0,0,0,0,0,0,0,0,0,0,0,0,0,0,0,0,0,0,0,0,0,0,0,0,0,0,0,0,0,0,0,0,0,0,0,0,0,0,0,0,0,0,0,0,0
0,0,0,0,0,0,0,0,0,0,0,0,0,0,0,0,0,0,0,0,0,0,0,0,0,0,0,0,0,0,0,0,0,0,0,0,0,0,0,0,0,0,0,0,0,0,0,0,0,0,0,0,0,0,0,0,0,0,0,0,0,0,0,0,0,0,0,0,0,0,0,0,0,0,0,0,0,0,0,0,0,0,0,0,0
0,0,0,0,0,0,0,0,0,0,0,0,0,0,0,0,0,0,0,0,0,0,0,0,0,0,0,0,0,0,0,0,0,0,0,0,0,0,0,0,0,0,0,0,0,0,0,0,0,0,0,0,0,0,0,0,0,0,0,0,0,0,0,0,0,0,0,0,0,0,0,0,0,0,0,0,0,0,0,0,0,0,0,0,0
0,0,0,0,0,0,0,0,0,0,0,0,0,0,0,0,0,0,0,0,0,0,0,0,0,0,0,0,0,0,0,0,0,0,0,0,0,0,0,0,0,0,0,0,0,0,0,0,0,0,0,0,0,0,0,0,0,0,0,0,0,0,0,0,0,0,0,0,0,0,0,0,0,0,0,0,0,0,0,0,0,0,0,0,0
0,0,0,0,0,0,0,0,0,0,0,0,0,0,0,0,0,0,0,0,0,0,0,0,0,0,0,0,0,0,0,0,0,0,0,0,0,0,0,0,0,0,0,0,0,0,0,0,0,0,0,0,0,0,0,0,0,0,0,0,0,0,0,0,0,0,0,0,0,0,0,0,0,0,0,0,0,0,0,0,0,0,0,0,0
0,0,0,0,0,0,0,0,0,0,0,0,0,0,0,0,0,0,0,0,0,0,0,0,0,0,0,0,0,0,0,0,0,0,0,0,0,0,0,0,0,0,0,0,0,0,0,0,0,0,0,0,0,0,0,0,0,0,0,0,0,0,0,0,0,0,0,0,0,0,0,0,0,0,0,0,0,0,0,0,0,0,0,0,0
0,0,0,0,0,0,0,0,0,0,0,0,0,0,0,0,0,0,0,0,0,0,0,0,0,0,0,0,0,0,0,0,0,0,0,0,0,0,0,0,0,0,0,0,0,0,0,0,0,0,0,0,0,0,0,0,0,0,0,0,0,0,0,0,0,0,0,0,0,0,0,0,0,0,0,0,0,0,0,0,0,0,0,0,0
0,0,0,0,0,0,0,0,0,0,0,0,0,0,0,0,0,0,0,0,0,0,0,0,0,0,0,0,0,0,0,0,0,0,0,0,0,0,0,0,0,0,0,0,0,0,0,0,0,0,0,0,0,0,0,0,0,0,0,0,0,0,0,0,0,0,0,0,0,0,0,0,0,0,0,0,0,0,0,0,0,0,0,0,0
0,0,0,0,0,0,0,0,0,0,0,0,0,0,0,0,0,0,0,0,0,0,0,0,0,0,0,0,0,0,0,0,0,0,0,0,0,0,0,0,0,0,0,0,0,0,0,0,0,0,0,0,0,0,0,0,0,0,0,0,0,0,0,0,0,0,0,0,0,0,0,0,0,0,0,0,0,0,0,0,0,0,0,0,0
0,0,0,0,0,0,0,0,0,0,0,0,0,0,0,0,0,0,0,0,0,0,0,0,0,0,0,0,0,0,0,0,0,0,0,0,0,0,0,0,0,0,0,0,0,0,0,0,0,0,0,0,0,0,0,0,0,0,0,0,0,0,0,0,0,0,0,0,0,0,0,0,0,0,0,0,0,0,0,0,0,0,0,0,0
0,0,0,0,0,0,0,0,0,0,0,0,0,0,0,0,0,0,0,0,0,0,0,0,0,0,0,0,0,0,0,0,0,0,0,0,0,0,0,0,0,0,0,0,0,0,0,0,0,0,0,0,0,0,0,0,0,0,0,0,0,0,0,0,0,0,0,0,0,0,0,0,0,0,0,0,0,0,0,0,0,0,0,0,0
0,0,0,0,0,0,0,0,0,0,0,0,0,0,0,0,0,0,0,0,0,0,0,0,0,0,0,0,0,0,0,0,0,0,0,0,0,0,0,0,0,0,0,0,0,0,0,0,0,0,0,0,0,0,0,0,0,0,0,0,0,0,0,0,0,0,0,0,0,0,0,0,0,0,0,0,0,0,0,0,0,0,0,0,0
0,0,0,0,0,0,0,0,0,0,0,0,0,0,0,0,0,0,0,0,0,0,0,0,0,0,0,0,0,0,0,0,0,0,0,0,0,0,0,0,0,0,0,0,0,0,0,0,0,0,0,0,0,0,0,0,0,0,0,0,0,0,0,0,0,0,0,0,0,0,0,0,0,0,0,0,0,0,0,0,0,0,0,0,0
0,0,0,0,0,0,0,0,0,0,0,0,0,0,0,0,0,0,0,0,0,0,0,0,0,0,0,0,0,0,0,0,0,0,0,0,0,0,0,0,0,0,0,0,0,0,0,0,0,0,0,0,0,0,0,0,0,0,0,0,0,0,0,0,0,0,0,0,0,0,0,0,0,0,0,0,0,0,0,0,0,0,0,0,0
0,0,0,0,0,0,0,0,0,0,0,0,0,0,0,0,0,0,0,0,0,0,0,0,0,0,0,0,0,0,0,0,0,0,0,0,0,0,0,0,0,0,0,0,0,0,0,0,0,0,0,0,0,0,0,0,0,0,0,0,0,0,0,0,0,0,0,0,0,0,0,0,0,0,0,0,0,0,0,0,0,0,0,0,0
0,0,0,0,0,0,0,0,0,0,0,0,0,0,0,0,0,0,0,0,0,0,0,0,0,0,0,0,0,0,0,0,0,0,0,0,0,0,0,0,0,0,0,0,0,0,0,0,0,0,0,0,0,0,0,0,0,0,0,0,0,0,0,0,0,0,0,0,0,0,0,0,0,0,0,0,0,0,0,0,0,0,0,0,0
0,0,0,0,0,0,0,0,0,0,0,0,0,0,0,0,0,0,0,0,0,0,0,0,0,0,0,0,0,0,0,0,0,0,0,0,0,0,0,0,0,0,0,0,0,0,0,0,0,0,0,0,0,0,0,0,0,0,0,0,0,0,0,0,0,0,0,0,0,0,0,0,0,0,0,0,0,0,0,0,0,0,0,0,0
0,0,0,0,0,0,0,0,0,0,0,0,0,0,0,0,0,0,0,0,0,0,0,0,0,0,0,0,0,0,0,0,0,0,0,0,0,0,0,0,0,0,0,0,0,0,0,0,0,0,0,0,0,0,0,0,0,0,0,0,0,0,0,0,0,0,0,0,0,0,0,0,0,0,0,0,0,0,0,0,0,0,0,0,0
0,0,0,0,0,0,0,0,0,0,0,0,0,0,0,0,0,0,0,0,0,0,0,0,0,0,0,0,0,0,0,0,0,0,0,0,0,0,0,0,0,0,0,0,0,0,0,0,0,0,0,0,0,0,0,0,0,0,0,0,0,0,0,0,0,0,0,0,0,0,0,0,0,0,0,0,0,0,0,0,0,0,0,0,0
0,0,0,0,0,0,0,0,0,0,0,0,0,0,0,0,0,0,0,0,0,0,0,0,0,0,0,0,0,0,0,0,0,0,0,0,0,0,0,0,0,0,0,0,0,0,0,0,0,0,0,0,0,0,0,0,0,0,0,0,0,0,0,0,0,0,0,0,0,0,0,0,0,0,0,0,0,0,0,0,0,0,0,0,0
0,0,0,0,0,0,0,0,0,0,0,0,0,0,0,0,0,0,0,0,0,0,0,0,0,0,0,0,0,0,0,0,0,0,0,0,0,0,0,0,0,0,0,0,0,0,0,0,0,0,0,0,0,0,0,0,0,0,0,0,0,0,0,0,0,0,0,0,0,0,0,0,0,0,0,0,0,0,0,0,0,0,0,0,0
0,0,0,0,0,0,0,0,0,0,0,0,0,0,0,0,0,0,0,0,0,0,0,0,0,0,0,0,0,0,0,0,0,0,0,0,0,0,0,0,0,0,0,0,0,0,0,0,0,0,0,0,0,0,0,0,0,0,0,0,0,0,0,0,0,0,0,0,0,0,0,0,0,0,0,0,0,0,0,0,0,0,0,0,0
0,0,0,0,0,0,0,0,0,0,0,0,0,0,0,0,0,0,0,0,0,0,0,0,0,0,0,0,0,0,0,0,0,0,0,0,0,0,0,0,0,0,0,0,0,0,0,0,0,0,0,0,0,0,0,0,0,0,0,0,0,0,0,0,0,0,0,0,0,0,0,0,0,0,0,0,0,0,0,0,0,0,0,0,0
0,0,0,0,0,0,0,0,0,0,0,0,0,0,0,0,0,0,0,0,0,0,0,0,0,0,0,0,0,0,0,0,0,0,0,0,0,0,0,0,0,0,0,0,0,0,0,0,0,0,0,0,0,0,0,0,0,0,0,0,0,0,0,0,0,0,0,0,0,0,0,0,0,0,0,0,0,0,0,0,0,0,0,0,0
0,0,0,0,0,0,0,0,0,0,0,0,0,0,0,0,0,0,0,0,0,0,0,0,0,0,0,0,0,0,0,0,0,0,0,0,0,0,0,0,0,0,0,0,0,0,0,0,0,0,0,0,0,0,0,0,0,0,0,0,0,0,0,0,0,0,0,0,0,0,0,0,0,0,0,0,0,0,0,0,0,0,0,0,0
0,0,0,0,0,0,0,0,0,0,0,0,0,0,0,0,0,0,0,0,0,0,0,0,0,0,0,0,0,0,0,0,0,0,0,0,0,0,0,0,0,0,0,0,0,0,0,0,0,0,0,0,0,0,0,0,0,0,0,0,0,0,0,0,0,0,0,0,0,0,0,0,0,0,0,0,0,0,0,0,0,0,0,0,0
0,0,0,0,0,0,0,0,0,0,0,0,0,0,0,0,0,0,0,0,0,0,0,0,0,0,0,0,0,0,0,0,0,0,0,0,0,0,0,0,0,0,0,0,0,0,0,0,0,0,0,0,0,0,0,0,0,0,0,0,0,0,0,0,0,0,0,0,0,0,0,0,0,0,0,0,0,0,0,0,0,0,0,0,0
0,0,0,0,0,0,0,0,0,0,0,0,0,0,0,0,0,0,0,0,0,0,0,0,0,0,0,0,0,0,0,0,0,0,0,0,0,0,0,0,0,0,0,0,0,0,0,0,0,0,0,0,0,0,0,0,0,0,0,0,0,0,0,0,0,0,0,0,0,0,0,0,0,0,0,0,0,0,0,0,0,0,0,0,0
0,0,0,0,0,0,0,0,0,0,0,0,0,0,0,0,0,0,0,0,0,0,0,0,0,0,0,0,0,0,0,0,0,0,0,0,0,0,0,0,0,0,0,0,0,0,0,0,0,0,0,0,0,0,0,0,0,0,0,0,0,0,0,0,0,0,0,0,0,0,0,0,0,0,0,0,0,0,0,0,0,0,0,0,0
0,0,0,0,0,0,0,0,0,0,0,0,0,0,0,0,0,0,0,0,0,0,0,0,0,0,0,0,0,0,0,0,0,0,0,0,0,0,0,0,0,0,0,0,0,0,0,0,0,0,0,0,0,0,0,0,0,0,0,0,0,0,0,0,0,0,0,0,0,0,0,0,0,0,0,0,0,0,0,0,0,0,0,0,0
0,0,0,0,0,0,0,0,0,0,0,0,0,0,0,0,0,0,0,0,0,0,0,0,0,0,0,0,0,0,0,0,0,0,0,0,0,0,0,0,0,0,0,0,0,0,0,0,0,0,0,0,0,0,0,0,0,0,0,0,0,0,0,0,0,0,0,0,0,0,0,0,0,0,0,0,0,0,0,0,0,0,0,0,0
0,0,0,0,0,0,0,0,0,0,0,0,0,0,0,0,0,0,0,0,0,0,0,0,0,0,0,0,0,0,0,0,0,0,0,0,0,0,0,0,0,0,0,0,0,0,0,0,0,0,0,0,0,0,0,0,0,0,0,0,0,0,0,0,0,0,0,0,0,0,0,0,0,0,0,0,0,0,0,0,0,0,0,0,0
0,0,0,0,0,0,0,0,0,0,0,0,0,0,0,0,0,0,0,0,0,0,0,0,0,0,0,0,0,0,0,0,0,0,0,0,0,0,0,0,0,0,0,0,0,0,0,0,0,0,0,0,0,0,0,0,0,0,0,0,0,0,0,0,0,0,0,0,0,0,0,0,0,0,0,0,0,0,0,0,0,0,0,0,0
0,0,0,0,0,0,0,0,0,0,0,0,0,0,0,0,0,0,0,0,0,0,0,0,0,0,0,0,0,0,0,0,0,0,0,0,0,0,0,0,0,0,0,0,0,0,0,0,0,0,0,0,0,0,0,0,0,0,0,0,0,0,0,0,0,0,0,0,0,0,0,0,0,0,0,0,0,0,0,0,0,0,0,0,0
0,0,0,0,0,0,0,0,0,0,0,0,0,0,0,0,0,0,0,0,0,0,0,0,0,0,0,0,0,0,0,0,0,0,0,0,0,0,0,0,0,0,0,0,0,0,0,0,0,0,0,0,0,0,0,0,0,0,0,0,0,0,0,0,0,0,0,0,0,0,0,0,0,0,0,0,0,0,0,0,0,0,0,0,0
0,0,0,0,0,0,0,0,0,0,0,0,0,0,0,0,0,0,0,0,0,0,0,0,0,0,0,0,0,0,0,0,0,0,0,0,0,0,0,0,0,0,0,0,0,0,0,0,0,0,0,0,0,0,0,0,0,0,0,0,0,0,0,0,0,0,0,0,0,0,0,0,0,0,0,0,0,0,0,0,0,0,0,0,0
0,0,0,0,0,0,0,0,0,0,0,0,0,0,0,0,0,0,0,0,0,0,0,0,0,0,0,0,0,0,0,0,0,0,0,0,0,0,0,0,0,0,0,0,0,0,0,0,0,0,0,0,0,0,0,0,0,0,0,0,0,0,0,0,0,0,0,0,0,0,0,0,0,0,0,0,0,0,0,0,0,0,0,0,0
0,0,0,0,0,0,0,0,0,0,0,0,0,0,0,0,0,0,0,0,0,0,0,0,0,0,0,0,0,0,0,0,0,0,0,0,0,0,0,0,0,0,0,0,0,0,0,0,0,0,0,0,0,0,0,0,0,0,0,0,0,0,0,0,0,0,0,0,0,0,0,0,0,0,0,0,0,0,0,0,0,0,0,0,0
0,0,0,0,0,0,0,0,0,0,0,0,0,0,0,0,0,0,0,0,0,0,0,0,0,0,0,0,0,0,0,0,0,0,0,0,0,0,0,0,0,0,0,0,0,0,0,0,0,0,0,0,0,0,0,0,0,0,0,0,0,0,0,0,0,0,0,0,0,0,0,0,0,0,0,0,0,0,0,0,0,0,0,0,0
0,0,0,0,0,0,0,0,0,0,0,0,0,0,0,0,0,0,0,0,0,0,0,0,0,0,0,0,0,0,0,0,0,0,0,0,0,0,0,0,0,0,0,0,0,0,0,0,0,0,0,0,0,0,0,0,0,0,0,0,0,0,0,0,0,0,0,0,0,0,0,0,0,0,0,0,0,0,0,0,0,0,0,0,0
0,0,0,0,0,0,0,0,0,0,0,0,0,0,0,0,0,0,0,0,0,0,0,0,0,0,0,0,0,0,0,0,0,0,0,0,0,0,0,0,0,0,0,0,0,0,0,0,0,0,0,0,0,0,0,0,0,0,0,0,0,0,0,0,0,0,0,0,0,0,0,0,0,0,0,0,0,0,0,0,0,0,0,0,0
0,0,0,0,0,0,0,0,0,0,0,0,0,0,0,0,0,0,0,0,0,0,0,0,0,0,0,0,0,0,0,0,0,0,0,0,0,0,0,0,0,0,0,0,0,0,0,0,0,0,0,0,0,0,0,0,0,0,0,0,0,0,0,0,0,0,0,0,0,0,0,0,0,0,0,0,0,0,0,0,0,0,0,0,0
0,0,0,0,0,0,0,0,0,0,0,0,0,0,0,0,0,0,0,0,0,0,0,0,0,0,0,0,0,0,0,0,0,0,0,0,0,0,0,0,0,0,0,0,0,0,0,0,0,0,0,0,0,0,0,0,0,0,0,0,0,0,0,0,0,0,0,0,0,0,0,0,0,0,0,0,0,0,0,0,0,0,0,0,0
0,0,0,0,0,0,0,0,0,0,0,0,0,0,0,0,0,0,0,0,0,0,0,0,0,0,0,0,0,0,0,0,0,0,0,0,0,0,0,0,0,0,0,0,0,0,0,0,0,0,0,0,0,0,0,0,0,0,0,0,0,0,0,0,0,0,0,0,0,0,0,0,0,0,0,0,0,0,0,0,0,0,0,0,0
0,0,0,0,0,0,0,0,0,0,0,0,0,0,0,0,0,0,0,0,0,0,0,0,0,0,0,0,0,0,0,0,0,0,0,0,0,0,0,0,0,0,0,0,0,0,0,0,0,0,0,0,0,0,0,0,0,0,0,0,0,0,0,0,0,0,0,0,0,0,0,0,0,0,0,0,0,0,0,0,0,0,0,0,0
0,0,0,0,0,0,0,0,0,0,0,0,0,0,0,0,0,0,0,0,0,0,0,0,0,0,0,0,0,0,0,0,0,0,0,0,0,0,0,0,0,0,0,0,0,0,0,0,0,0,0,0,0,0,0,0,0,0,0,0,0,0,0,0,0,0,0,0,0,0,0,0,0,0,0,0,0,0,0,0,0,0,0,0,0
0,0,0,0,0,0,0,0,0,0,0,0,0,0,0,0,0,0,0,0,0,0,0,0,0,0,0,0,0,0,0,0,0,0,0,0,0,0,0,0,0,0,0,0,0,0,0,0,0,0,0,0,0,0,0,0,0,0,0,0,0,0,0,0,0,0,0,0,0,0,0,0,0,0,0,0,0,0,0,0,0,0,0,0,0
0,0,0,0,0,0,0,0,0,0,0,0,0,0,0,0,0,0,0,0,0,0,0,0,0,0,0,0,0,0,0,0,0,0,0,0,0,0,0,0,0,0,0,0,0,0,0,0,0,0,0,0,0,0,0,0,0,0,0,0,0,0,0,0,0,0,0,0,0,0,0,0,0,0,0,0,0,0,0,0,0,0,0,0,0
0,0,0,0,0,0,0,0,0,0,0,0,0,0,0,0,0,0,0,0,0,0,0,0,0,0,0,0,0,0,0,0,0,0,0,0,0,0,0,0,0,0,0,0,0,0,0,0,0,0,0,0,0,0,0,0,0,0,0,0,0,0,0,0,0,0,0,0,0,0,0,0,0,0,0,0,0,0,0,0,0,0,0,0,0
0,0,0,0,0,0,0,0,0,0,0,0,0,0,0,0,0,0,0,0,0,0,0,0,0,0,0,0,0,0,0,0,0,0,0,0,0,0,0,0,0,0,0,0,0,0,0,0,0,0,0,0,0,0,0,0,0,0,0,0,0,0,0,0,0,0,0,0,0,0,0,0,0,0,0,0,0,0,0,0,0,0,0,0,0
0,0,0,0,0,0,0,0,0,0,0,0,0,0,0,0,0,0,0,0,0,0,0,0,0,0,0,0,0,0,0,0,0,0,0,0,0,0,0,0,0,0,0,0,0,0,0,0,0,0,0,0,0,0,0,0,0,0,0,0,0,0,0,0,0,0,0,0,0,0,0,0,0,0,0,0,0,0,0,0,0,0,0,0,0
0,0,0,0,0,0,0,0,0,0,0,0,0,0,0,0,0,0,0,0,0,0,0,0,0,0,0,0,0,0,0,0,0,0,0,0,0,0,0,0,0,0,0,0,0,0,0,0,0,0,0,0,0,0,0,0,0,0,0,0,0,0,0,0,0,0,0,0,0,0,0,0,0,0,0,0,0,0,0,0,0,0,0,0,0
0,0,0,0,0,0,0,0,0,0,0,0,0,0,0,0,0,0,0,0,0,0,0,0,0,0,0,0,0,0,0,0,0,0,0,0,0,0,0,0,0,0,0,0,0,0,0,0,0,0,0,0,0,0,0,0,0,0,0,0,0,0,0,0,0,0,0,0,0,0,0,0,0,0,0,0,0,0,0,0,0,0,0,0,0
0,0,0,0,0,0,0,0,0,0,0,0,0,0,0,0,0,0,0,0,0,0,0,0,0,0,0,0,0,0,0,0,0,0,0,0,0,0,0,0,0,0,0,0,0,0,0,0,0,0,0,0,0,0,0,0,0,0,0,0,0,0,0,0,0,0,0,0,0,0,0,0,0,0,0,0,0,0,0,0,0,0,0,0,0
0,0,0,0,0,0,0,0,0,0,0,0,0,0,0,0,0,0,0,0,0,0,0,0,0,0,0,0,0,0,0,0,0,0,0,0,0,0,0,0,0,0,0,0,0,0,0,0,0,0,0,0,0,0,0,0,0,0,0,0,0,0,0,0,0,0,0,0,0,0,0,0,0,0,0,0,0,0,0,0,0,0,0,0,0
0,0,0,0,0,0,0,0,0,0,0,0,0,0,0,0,0,0,0,0,0,0,0,0,0,0,0,0,0,0,0,0,0,0,0,0,0,0,0,0,0,0,0,0,0,0,0,0,0,0,0,0,0,0,0,0,0,0,0,0,0,0,0,0,0,0,0,0,0,0,0,0,0,0,0,0,0,0,0,0,0,0,0,0,0
0,0,0,0,0,0,0,0,0,0,0,0,0,0,0,0,0,0,0,0,0,0,0,0,0,0,0,0,0,0,0,0,0,0,0,0,0,0,0,0,0,0,0,0,0,0,0,0,0,0,0,0,0,0,0,0,0,0,0,0,0,0,0,0,0,0,0,0,0,0,0,0,0,0,0,0,0,0,0,0,0,0,0,0,0
0,0,0,0,0,0,0,0,0,0,0,0,0,0,0,0,0,0,0,0,0,0,0,0,0,0,0,0,0,0,0,0,0,0,0,0,0,0,0,0,0,0,0,0,0,0,0,0,0,0,0,0,0,0,0,0,0,0,0,0,0,0,0,0,0,0,0,0,0,0,0,0,0,0,0,0,0,0,0,0,0,0,0,0,0
0,0,0,0,0,0,0,0,0,0,0,0,0,0,0,0,0,0,0,0,0,0,0,0,0,0,0,0,0,0,0,0,0,0,0,0,0,0,0,0,0,0,0,0,0,0,0,0,0,0,0,0,0,0,0,0,0,0,0,0,0,0,0,0,0,0,0,0,0,0,0,0,0,0,0,0,0,0,0,0,0,0,0,0,0
0,0,0,0,0,0,0,0,0,0,0,0,0,0,0,0,0,0,0,0,0,0,0,0,0,0,0,0,0,0,0,0,0,0,0,0,0,0,0,0,0,0,0,0,0,0,0,0,0,0,0,0,0,0,0,0,0,0,0,0,0,0,0,0,0,0,0,0,0,0,0,0,0,0,0,0,0,0,0,0,0,0,0,0,0
0,0,0,0,0,0,0,0,0,0,0,0,0,0,0,0,0,0,0,0,0,0,0,0,0,0,0,0,0,0,0,0,0,0,0,0,0,0,0,0,0,0,0,0,0,0,0,0,0,0,0,0,0,0,0,0,0,0,0,0,0,0,0,0,0,0,0,0,0,0,0,0,0,0,0,0,0,0,0,0,0,0,0,0,0
0,0,0,0,0,0,0,0,0,0,0,0,0,0,0,0,0,0,0,0,0,0,0,0,0,0,0,0,0,0,0,0,0,0,0,0,0,0,0,0,0,0,0,0,0,0,0,0,0,0,0,0,0,0,0,0,0,0,0,0,0,0,0,0,0,0,0,0,0,0,0,0,0,0,0,0,0,0,0,0,0,0,0,0,0
0,0,0,0,0,0,0,0,0,0,0,0,0,0,0,0,0,0,0,0,0,0,0,0,0,0,0,0,0,0,0,0,0,0,0,0,0,0,0,0,0,0,0,0,0,0,0,0,0,0,0,0,0,0,0,0,0,0,0,0,0,0,0,0,0,0,0,0,0,0,0,0,0,0,0,0,0,0,0,0,0,0,0,0,0
0,0,0,0,0,0,0,0,0,0,0,0,0,0,0,0,0,0,0,0,0,0,0,0,0,0,0,0,0,0,0,0,0,0,0,0,0,0,0,0,0,0,0,0,0,0,0,0,0,0,0,0,0,0,0,0,0,0,0,0,0,0,0,0,0,0,0,0,0,0,0,0,0,0,0,0,0,0,0,0,0,0,0,0,0
0,0,0,0,0,0,0,0,0,0,0,0,0,0,0,0,0,0,0,0,0,0,0,0,0,0,0,0,0,0,0,0,0,0,0,0,0,0,0,0,0,0,0,0,0,0,0,0,0,0,0,0,0,0,0,0,0,0,0,0,0,0,0,0,0,0,0,0,0,0,0,0,0,0,0,0,0,0,0,0,0,0,0,0,0
0,0,0,0,0,0,0,0,0,0,0,0,0,0,0,0,0,0,0,0,0,0,0,0,0,0,0,0,0,0,0,0,0,0,0,0,0,0,0,0,0,0,0,0,0,0,0,0,0,0,0,0,0,0,0,0,0,0,0,0,0,0,0,0,0,0,0,0,0,0,0,0,0,0,0,0,0,0,0,0,0,0,0,0,0
0,0,0,0,0,0,0,0,0,0,0,0,0,0,0,0,0,0,0,0,0,0,0,0,0,0,0,0,0,0,0,0,0,0,0,0,0,0,0,0,0,0,0,0,0,0,0,0,0,0,0,0,0,0,0,0,0,0,0,0,0,0,0,0,0,0,0,0,0,0,0,0,0,0,0,0,0,0,0,0,0,0,0,0,0
0,0,0,0,0,0,0,0,0,0,0,0,0,0,0,0,0,0,0,0,0,0,0,0,0,0,0,0,0,0,0,0,0,0,0,0,0,0,0,0,0,0,0,0,0,0,0,0,0,0,0,0,0,0,0,0,0,0,0,0,0,0,0,0,0,0,0,0,0,0,0,0,0,0,0,0,0,0,0,0,0,0,0,0,0
0,0,0,0,0,0,0,0,0,0,0,0,0,0,0,0,0,0,0,0,0,0,0,0,0,0,0,0,0,0,0,0,0,0,0,0,0,0,0,0,0,0,0,0,0,0,0,0,0,0,0,0,0,0,0,0,0,0,0,0,0,0,0,0,0,0,0,0,0,0,0,0,0,0,0,0,0,0,0,0,0,0,0,0,0
0,0,0,0,0,0,0,0,0,0,0,0,0,0,0,0,0,0,0,0,0,0,0,0,0,0,0,0,0,0,0,0,0,0,0,0,0,0,0,0,0,0,0,0,0,0,0,0,0,0,0,0,0,0,0,0,0,0,0,0,0,0,0,0,0,0,0,0,0,0,0,0,0,0,0,0,0,0,0,0,0,0,0,0,0
0,0,0,0,0,0,0,0,0,0,0,0,0,0,0,0,0,0,0,0,0,0,0,0,0,0,0,0,0,0,0,0,0,0,0,0,0,0,0,0,0,0,0,0,0,0,0,0,0,0,0,0,0,0,0,0,0,0,0,0,0,0,0,0,0,0,0,0,0,0,0,0,0,0,0,0,0,0,0,0,0,0,0,0,0
0,0,0,0,0,0,0,0,0,0,0,0,0,0,0,0,0,0,0,0,0,0,0,0,0,0,0,0,0,0,0,0,0,0,0,0,0,0,0,0,0,0,0,0,0,0,0,0,0,0,0,0,0,0,0,0,0,0,0,0,0,0,0,0,0,0,0,0,0,0,0,0,0,0,0,0,0,0,0,0,0,0,0,0,0
0,0,0,0,0,0,0,0,0,0,0,0,0,0,0,0,0,0,0,0,0,0,0,0,0,0,0,0,0,0,0,0,0,0,0,0,0,0,0,0,0,0,0,0,0,0,0,0,0,0,0,0,0,0,0,0,0,0,0,0,0,0,0,0,0,0,0,0,0,0,0,0,0,0,0,0,0,0,0,0,0,0,0,0,0
0,0,0,0,0,0,0,0,0,0,0,0,0,0,0,0,0,0,0,0,0,0,0,0,0,0,0,0,0,0,0,0,0,0,0,0,0,0,0,0,0,0,0,0,0,0,0,0,0,0,0,0,0,0,0,0,0,0,0,0,0,0,0,0,0,0,0,0,0,0,0,0,0,0,0,0,0,0,0,0,0,0,0,0,0
0,0,0,0,0,0,0,0,0,0,0,0,0,0,0,0,0,0,0,0,0,0,0,0,0,0,0,0,0,0,0,0,0,0,0,0,0,0,0,0,0,0,0,0,0,0,0,0,0,0,0,0,0,0,0,0,0,0,0,0,0,0,0,0,0,0,0,0,0,0,0,0,0,0,0,0,0,0,0,0,0,0,0,0,0
0,0,0,0,0,0,0,0,0,0,0,0,0,0,0,0,0,0,0,0,0,0,0,0,0,0,0,0,0,0,0,0,0,0,0,0,0,0,0,0,0,0,0,0,0,0,0,0,0,0,0,0,0,0,0,0,0,0,0,0,0,0,0,0,0,0,0,0,0,0,0,0,0,0,0,0,0,0,0,0,0,0,0,0,0
0,0,0,0,0,0,0,0,0,0,0,0,0,0,0,0,0,0,0,0,0,0,0,0,0,0,0,0,0,0,0,0,0,0,0,0,0,0,0,0,0,0,0,0,0,0,0,0,0,0,0,0,0,0,0,0,0,0,0,0,0,0,0,0,0,0,0,0,0,0,0,0,0,0,0,0,0,0,0,0,0,0,0,0,0
0,0,0,0,0,0,0,0,0,0,0,0,0,0,0,0,0,0,0,0,0,0,0,0,0,0,0,0,0,0,0,0,0,0,0,0,0,0,0,0,0,0,0,0,0,0,0,0,0,0,0,0,0,0,0,0,0,0,0,0,0,0,0,0,0,0,0,0,0,0,0,0,0,0,0,0,0,0,0,0,0,0,0,0,0
0,0,0,0,0,0,0,0,0,0,0,0,0,0,0,0,0,0,0,0,0,0,0,0,0,0,0,0,0,0,0,0,0,0,0,0,0,0,0,0,0,0,0,0,0,0,0,0,0,0,0,0,0,0,0,0,0,0,0,0,0,0,0,0,0,0,0,0,0,0,0,0,0,0,0,0,0,0,0,0,0,0,0,0,0
0,0,0,0,0,0,0,0,0,0,0,0,0,0,0,0,0,0,0,0,0,0,0,0,0,0,0,0,0,0,0,0,0,0,0,0,0,0,0,0,0,0,0,0,0,0,0,0,0,0,0,0,0,0,0,0,0,0,0,0,0,0,0,0,0,0,0,0,0,0,0,0,0,0,0,0,0,0,0,0,0,0,0,0,0
0,0,0,0,0,0,0,0,0,0,0,0,0,0,0,0,0,0,0,0,0,0,0,0,0,0,0,0,0,0,0,0,0,0,0,0,0,0,0,0,0,0,0,0,0,0,0,0,0,0,0,0,0,0,0,0,0,0,0,0,0,0,0,0,0,0,0,0,0,0,0,0,0,0,0,0,0,0,0,0,0,0,0,0,0
0,0,0,0,0,0,0,0,0,0,0,0,0,0,0,0,0,0,0,0,0,0,0,0,0,0,0,0,0,0,0,0,0,0,0,0,0,0,0,0,0,0,0,0,0,0,0,0,0,0,0,0,0,0,0,0,0,0,0,0,0,0,0,0,0,0,0,0,0,0,0,0,0,0,0,0,0,0,0,0,0,0,0,0,0
0,0,0,0,0,0,0,0,0,0,0,0,0,0,0,0,0,0,0,0,0,0,0,0,0,0,0,0,0,0,0,0,0,0,0,0,0,0,0,0,0,0,0,0,0,0,0,0,0,0,0,0,0,0,0,0,0,0,0,0,0,0,0,0,0,0,0,0,0,0,0,0,0,0,0,0,0,0,0,0,0,0,0,0,0
0,0,0,0,0,0,0,0,0,0,0,0,0,0,0,0,0,0,0,0,0,0,0,0,0,0,0,0,0,0,0,0,0,0,0,0,0,0,0,0,0,0,0,0,0,0,0,0,0,0,0,0,0,0,0,0,0,0,0,0,0,0,0,0,0,0,0,0,0,0,0,0,0,0,0,0,0,0,0,0,0,0,0,0,0
0,0,0,0,0,0,0,0,0,0,0,0,0,0,0,0,0,0,0,0,0,0,0,0,0,0,0,0,0,0,0,0,0,0,0,0,0,0,0,0,0,0,0,0,0,0,0,0,0,0,0,0,0,0,0,0,0,0,0,0,0,0,0,0,0,0,0,0,0,0,0,0,0,0,0,0,0,0,0,0,0,0,0,0,0
