0,0,0,0,0,0,0,0,0,0,0,0,0,0,0,0,0,0,0,0,0,0,0,0,0,0,0,0,0,0,0,0,0,0,0,0,0,0,0,0,0,0,0,0,0,0,0,0,0,0,0,0,0,0,0,0,0,0,0,0,0,0,0,0,0,0,0,0,0,0,0,0,0,0,0,0,0,0,0,0,0,0,0,0,0
0,0,0,0,0,0,0,0,0,0,0,0,0,0,0,0,0,0,0,0,0,0,0,0,0,0,0,0,0,0,0,0,0,0,0,0,0,0,0,0,0,0,0,0,0,0,0,0,0,0,0,0,0,0,0,0,0,0,0,0,0,0,0,0,0,0,0,0,0,0,0,0,0,0,0,0,0,0,0,0,0,0,0,0,0
0,0,0,0,0,0,0,0,0,0,0,0,0,0,0,0,0,0,0,0,0,0,0,0,0,0,0,0,0,0,0,0,0,0,0,0,0,0,0,0,0,0,0,0,0,0,0,0,0,0,0,0,0,0,0,0,0,0,0,0,0,0,0,0,0,0,0,0,0,0,0,0,0,0,0,0,0,0,0,0,0,0,0,0,0
0,0,0,0,0,0,0,0,0,0,0,0,0,0,0,0,0,0,0,0,0,0,0,0,0,0,0,0,0,0,0,0,0,0,0,0,0,0,0,0,0,0,0,0,0,0,0,0,0,0,0,0,0,0,0,0,0,0,0,0,0,0,0,0,0,0,0,0,0,0,0,0,0,0,0,0,0,0,0,0,0,0,0,0,0
0,0,0,0,0,0,0,0,0,0,0,0,0,0,0,0,0,0,0,0,0,0,0,0,0,0,0,0,0,0,0,0,0,0,0,0,0,0,0,0,0,0,0,0,0,0,0,0,0,0,0,0,0,0,0,0,0,0,0,0,0,0,0,0,0,0,0,0,0,0,0,0,0,0,0,0,0,0,0,0,0,0,0,0,0
0,0,0,0,0,0,0,0,0,0,0,0,0,0,0,0,0,0,0,0,0,0,0,0,0,0,0,0,0,0,0,0,0,0,0,0,0,0,0,0,0,0,0,0,0,0,0,0,0,0,0,0,0,0,0,0,0,0,0,0,0,0,0,0,0,0,0,0,0,0,0,0,0,0,0,0,0,0,0,0,0,0,0,0,0
0,0,0,0,0,0,0,0,0,0,0,0,0,0,0,0,0,0,0,0,0,0,0,0,0,0,0,0,0,0,0,0,0,0,0,0,0,0,0,0,0,0,0,0,0,0,0,0,0,0,0,0,0,0,0,0,0,0,0,0,0,0,0,0,0,0,0,0,0,0,0,0,0,0,0,0,0,0,0,0,0,0,0,0,0
0,0,0,0,0,0,0,0,0,0,0,0,0,0,0,0,0,0,0,0,0,0,0,0,0,0,0,0,0,0,0,0,0,0,0,0,0,0,0,0,0,0,0,0,0,0,0,0,0,0,0,0,0,0,0,0,0,0,0,0,0,0,0,0,0,0,0,0,0,0,0,0,0,0,0,0,0,0,0,0,0,0,0,0,0
0,0,0,0,0,0,0,0,0,0,0,0,0,0,0,0,0,0,0,0,0,0,0,0,0,0,0,0,0,0,0,0,0,0,0,0,0,0,0,0,0,0,0,0,0,0,0,0,0,0,0,0,0,0,0,0,0,0,0,0,0,0,0,0,0,0,0,0,0,0,0,0,0,0,0,0,0,0,0,0,0,0,0,0,0
0,0,0,0,0,0,0,0,0,0,0,0,0,0,0,0,0,0,0,0,0,0,0,0,0,0,0,0,0,0,0,0,0,0,0,0,0,0,0,0,0,0,0,0,0,0,0,0,0,0,0,0,0,0,0,0,0,0,0,0,0,0,0,0,0,0,0,0,0,0,0,0,0,0,0,0,0,0,0,0,0,0,0,0,0
0,0,0,0,0,0,0,0,0,0,0,0,0,0,0,0,0,0,0,0,0,0,0,0,0,0,0,0,0,0,0,0,0,0,0,0,0,0,0,0,0,0,0,0,0,0,0,0,0,0,0,0,0,0,0,0,0,0,0,0,0,0,0,0,0,0,0,0,0,0,0,0,0,0,0,0,0,0,0,0,0,0,0,0,0
0,0,0,0,0,0,0,0,0,0,0,0,0,0,0,0,0,0,0,0,0,0,0,0,0,0,0,0,0,0,0,0,0,0,0,0,0,0,0,0,0,0,0,0,0,0,0,0,0,0,0,0,0,0,0,0,0,0,0,0,0,0,0,0,0,0,0,0,0,0,0,0,0,0,0,0,0,0,0,0,0,0,0,0,0
0,0,0,0,0,0,0,0,0,0,0,0,0,0,0,0,0,0,0,0,0,0,0,0,0,0,0,0,0,0,0,0,0,0,0,0,0,0,0,0,0,0,0,0,0,0,0,0,0,0,0,0,0,0,0,0,0,0,0,0,0,0,0,0,0,0,0,0,0,0,0,0,0,0,0,0,0,0,0,0,0,0,0,0,0
0,0,0,0,0,0,0,0,0,0,0,0,0,0,0,0,0,0,0,0,0,0,0,0,0,0,0,0,0,0,0,0,0,0,0,0,0,0,0,0,0,0,0,0,0,0,0,0,0,0,0,0,0,0,0,0,0,0,0,0,0,0,0,0,0,0,0,0,0,0,0,0,0,0,0,0,0,0,0,0,0,0,0,0,0
0,0,0,0,0,0,0,0,0,0,0,0,0,0,0,0,0,0,0,0,0,0,0,0,0,0,0,0,0,0,0,0,0,0,0,0,0,0,0,0,0,0,0,0,0,0,0,0,0,0,0,0,0,0,0,0,0,0,0,0,0,0,0,0,0,0,0,0,0,0,0,0,0,0,0,0,0,0,0,0,0,0,0,0,0
0,0,0,0,0,0,0,0,0,0,0,0,0,0,0,0,0,0,0,0,0,0,0,0,0,0,0,0,0,0,0,0,0,0,0,0,0,0,0,0,0,0,0,0,0,0,0,0,0,0,0,0,0,0,0,0,0,0,0,0,0,0,0,0,0,0,0,0,0,0,0,0,0,0,0,0,0,0,0,0,0,0,0,0,0
0,0,0,0,0,0,0,0,0,0,0,0,0,0,0,0,0,0,0,0,0,0,0,0,0,0,0,0,0,0,0,0,0,0,0,0,0,0,0,0,0,0,0,0,0,0,0,0,0,0,0,0,0,0,0,0,0,0,0,0,0,0,0,0,0,0,0,0,0,0,0,0,0,0,0,0,0,0,0,0,0,0,0,0,0
0,0,0,0,0,0,0,0,0,0,0,0,0,0,0,0,0,0,0,0,0,0,0,0,0,0,0,0,0,0,0,0,0,0,0,0,0,0,0,0,0,0,0,0,0,0,0,0,0,0,0,0,0,0,0,0,0,0,0,0,0,0,0,0,0,0,0,0,0,0,0,0,0,0,0,0,0,0,0,0,0,0,0,0,0
0,0,0,0,0,0,0,0,0,0,0,0,0,0,0,0,0,0,0,0,0,0,0,0,0,0,0,0,0,0,0,0,0,0,0,0,0,0,0,0,0,0,0,0,0,0,0,0,0,0,0,0,0,0,0,0,0,0,0,0,0,0,0,0,0,0,0,0,0,0,0,0,0,0,0,0,0,0,0,0,0,0,0,0,0
0,0,0,0,0,0,0,0,0,0,0,0,0,0,0,0,0,0,0,0,0,0,0,0,0,0,0,0,0,0,0,0,0,0,0,0,0,0,0,0,0,0,0,0,0,0,0,0,0,0,0,0,0,0,0,0,0,0,0,0,0,0,0,0,0,0,0,0,0,0,0,0,0,0,0,0,0,0,0,0,0,0,0,0,0
0,0,0,0,0,0,0,0,0,0,0,0,0,0,0,0,0,0,0,0,0,0,0,0,0,0,0,0,0,0,0,0,0,0,0,0,0,0,0,0,0,0,0,0,0,0,0,0,0,0,0,0,0,0,0,0,0,0,0,0,0,0,0,0,0,0,0,0,0,0,0,0,0,0,0,0,0,0,0,0,0,0,0,0,0
0,0,0,0,0,0,0,0,0,0,0,0,0,0,0,0,0,0,0,0,0,0,0,0,0,0,0,0,0,0,0,0,0,0,0,0,0,0,0,0,0,0,0,0,0,0,0,0,0,0,0,0,0,0,0,0,0,0,0,0,0,0,0,0,0,0,0,0,0,0,0,0,0,0,0,0,0,0,0,0,0,0,0,0,0
0,0,0,0,0,0,0,0,0,0,0,0,0,0,0,0,0,0,0,0,0,0,0,0,0,0,0,0,0,0,0,0,0,0,0,0,0,0,0,0,0,0,0,0,0,0,0,0,0,0,0,0,0,0,0,0,0,0,0,0,0,0,0,0,0,0,0,0,0,0,0,0,0,0,0,0,0,0,0,0,0,0,0,0,0
0,0,0,0,0,0,0,0,0,0,0,0,0,0,0,0,0,0,0,0,0,0,0,0,0,0,0,0,0,0,0,0,0,0,0,0,0,0,0,0,0,0,0,0,0,0,0,0,0,0,0,0,0,0,0,0,0,0,0,0,0,0,0,0,0,0,0,0,0,0,0,0,0,0,0,0,0,0,0,0,0,0,0,0,0
0,0,0,0,0,0,0,0,0,0,0,0,0,0,0,0,0,0,0,0,0,0,0,0,0,0,0,0,0,0,0,0,0,0,0,0,0,0,0,0,0,0,0,0,0,0,0,0,0,0,0,0,0,0,0,0,0,0,0,0,0,0,0,0,0,0,0,0,0,0,0,0,0,0,0,0,0,0,0,0,0,0,0,0,0
0,0,0,0,0,0,0,0,0,0,0,0,0,0,0,0,0,0,0,0,0,0,0,0,0,0,0,0,0,0,0,0,0,0,0,0,0,0,0,0,0,0,0,0,0,0,0,0,0,0,0,0,0,0,0,0,0,0,0,0,0,0,0,0,0,0,0,0,0,0,0,0,0,0,0,0,0,0,0,0,0,0,0,0,0
0,0,0,0,0,0,0,0,0,0,0,0,0,0,0,0,0,0,0,0,0,0,0,0,0,0,0,0,0,0,0,0,0,0,0,0,0,0,0,0,0,0,0,0,0,0,0,0,0,0,0,0,0,0,0,0,0,0,0,0,0,0,0,0,0,0,0,0,0,0,0,0,0,0,0,0,0,0,0,0,0,0,0,0,0
0,0,0,0,0,0,0,0,0,0,0,0,0,0,0,0,0,0,0,0,0,0,0,0,0,0,0,0,0,0,0,0,0,0,0,0,0,0,0,0,0,0,0,0,0,0,0,0,0,0,0,0,0,0,0,0,0,0,0,0,0,0,0,0,0,0,0,0,0,0,0,0,0,0,0,0,0,0,0,0,0,0,0,0,0
0,0,0,0,0,0,0,0,0,0,0,0,0,0,0,0,0,0,0,0,0,0,0,0,0,0,0,0,0,0,0,0,0,0,0,0,0,0,0,0,0,0,0,0,0,0,0,0,0,0,0,0,0,0,0,0,0,0,0,0,0,0,0,0,0,0,0,0,0,0,0,0,0,0,0,0,0,0,0,0,0,0,0,0,0
0,0,0,0,0,0,0,0,0,0,0,0,0,0,0,0,0,0,0,0,0,0,0,0,0,0,0,0,0,0,0,0,0,0,0,0,0,0,0,0,0,0,0,0,0,0,0,0,0,0,0,0,0,0,0,0,0,0,0,0,0,0,0,0,0,0,0,0,0,0,0,0,0,0,0,0,0,0,0,0,0,0,0,0,0
0,0,0,0,0,0,0,0,0,0,0,0,0,0,0,0,0,0,0,0,0,0,0,0,0,0,0,0,0,0,0,0,0,0,0,0,0,0,0,0,0,0,0,0,0,0,0,0,0,0,0,0,0,0,0,0,0,0,0,0,0,0,0,0,0,0,0,0,0,0,0,0,0,0,0,0,0,0,0,0,0,0,0,0,0
0,0,0,0,0,0,0,0,0,0,0,0,0,0,0,0,0,0,0,0,0,0,0,0,0,0,0,0,0,0,0,0,0,0,0,0,0,0,0,0,0,0,0,0,0,0,0,0,0,0,0,0,0,0,0,0,0,0,0,0,0,0,0,0,0,0,0,0,0,0,0,0,0,0,0,0,0,0,0,0,0,0,0,0,0
0,0,0,0,0,0,0,0,0,0,0,0,0,0,0,0,0,0,0,0,0,0,0,0,0,0,0,0,0,0,0,0,0,0,0,0,0,0,0,0,0,0,0,0,0,0,0,0,0,0,0,0,0,0,0,0,0,0,0,0,0,0,0,0,0,0,0,0,0,0,0,0,0,0,0,0,0,0,0,0,0,0,0,0,0
0,0,0,0,0,0,0,0,0,0,0,0,0,0,0,0,0,0,0,0,0,0,0,0,0,0,0,0,0,0,0,0,0,0,0,0,0,0,0,0,0,0,0,0,0,0,0,0,0,0,0,0,0,0,0,0,0,0,0,0,0,0,0,0,0,0,0,0,0,0,0,0,0,0,0,0,0,0,0,0,0,0,0,0,0
0,0,0,0,0,0,0,0,0,0,0,0,0,0,0,0,0,0,0,0,0,0,0,0,0,0,0,0,0,0,0,0,0,0,0,0,0,0,0,0,0,0,0,0,0,0,0,0,0,0,0,0,0,0,0,0,0,0,0,0,0,0,0,0,0,0,0,0,0,0,0,0,0,0,0,0,0,0,0,0,0,0,0,0,0
0,0,0,0,0,0,0,0,0,0,0,0,0,0,0,0,0,0,0,0,0,0,0,0,0,0,0,0,0,0,0,0,0,0,0,0,0,0,0,0,0,0,0,0,0,0,0,0,0,0,0,0,0,0,0,0,0,0,0,0,0,0,0,0,0,0,0,0,0,0,0,0,0,0,0,0,0,0,0,0,0,0,0,0,0
0,0,0,0,0,0,0,0,0,0,0,0,0,0,0,0,0,0,0,0,0,0,0,0,0,0,0,0,0,0,0,0,0,0,0,0,0,0,0,0,0,0,0,0,0,0,0,0,0,0,0,0,0,0,0,0,0,0,0,0,0,0,0,0,0,0,0,0,0,0,0,0,0,0,0,0,0,0,0,0,0,0,0,0,0
0,0,0,0,0,0,0,0,0,0,0,0,0,0,0,0,0,0,0,0,0,0,0,0,0,0,0,0,0,0,0,0,0,0,0,0,0,0,0,0,0,0,0,0,0,0,0,0,0,0,0,0,0,0,0,0,0,0,0,0,0,0,0,0,0,0,0,0,0,0,0,0,0,0,0,0,0,0,0,0,0,0,0,0,0
0,0,0,0,0,0,0,0,0,0,0,0,0,0,0,0,0,0,0,0,0,0,0,0,0,0,0,0,0,0,0,0,0,0,0,0,0,0,0,0,0,0,0,0,0,0,0,0,0,0,0,0,0,0,0,0,0,0,0,0,0,0,0,0,0,0,0,0,0,0,0,0,0,0,0,0,0,0,0,0,0,0,0,0,0
0,0,0,0,0,0,0,0,0,0,0,0,0,0,0,0,0,0,0,0,0,0,0,0,0,0,0,0,0,0,0,0,0,0,0,0,0,0,0,0,0,0,0,0,0,0,0,0,0,0,0,0,0,0,0,0,0,0,0,0,0,0,0,0,0,0,0,0,0,0,0,0,0,0,0,0,0,0,0,0,0,0,0,0,0
0,0,0,0,0,0,0,0,0,0,0,0,0,0,0,0,0,0,0,0,0,0,0,0,0,0,0,0,0,0,0,0,0,0,0,0,0,0,0,0,0,0,0,0,0,0,0,0,0,0,0,0,0,0,0,0,0,0,0,0,0,0,0,0,0,0,0,0,0,0,0,0,0,0,0,0,0,0,0,0,0,0,0,0,0
0,0,0,0,0,0,0,0,0,0,0,0,0,0,0,0,0,0,0,0,0,0,0,0,0,0,0,0,0,0,0,0,0,0,0,0,0,0,0,0,0,0,0,0,0,0,0,0,0,0,0,0,0,0,0,0,0,0,0,0,0,0,0,0,0,0,0,0,0,0,0,0,0,0,0,0,0,0,0,0,0,0,0,0,0
0,0,0,0,0,0,0,0,0,0,0,0,0,0,0,0,0,0,0,0,0,0,0,0,0,0,0,0,0,0,0,0,0,0,0,0,0,0,0,0,0,0,0,0,0,0,0,0,0,0,0,0,0,0,0,0,0,0,0,0,0,0,0,0,0,0,0,0,0,0,0,0,0,0,0,0,0,0,0,0,0,0,0,0,0
0,0,0,0,0,0,0,0,0,0,0,0,0,0,0,0,0,0,0,0,0,0,0,0,0,0,0,0,0,0,0,0,0,0,0,0,0,0,0,0,0,0,0,0,0,0,0,0,0,0,0,0,0,0,0,0,0,0,0,0,0,0,0,0,0,0,0,0,0,0,0,0,0,0,0,0,0,0,0,0,0,0,0,0,0
0,0,0,0,0,0,0,0,0,0,0,0,0,0,0,0,0,0,0,0,0,0,0,0,0,0,0,0,0,0,0,0,0,0,0,0,0,0,0,0,0,0,0,0,0,0,0,0,0,0,0,0,0,0,0,0,0,0,0,0,0,0,0,0,0,0,0,0,0,0,0,0,0,0,0,0,0,0,0,0,0,0,0,0,0
0,0,0,0,0,0,0,0,0,0,0,0,0,0,0,0,0,0,0,0,0,0,0,0,0,0,0,0,0,0,0,0,0,0,0,0,0,0,0,0,0,0,0,0,0,0,0,0,0,0,0,0,0,0,0,0,0,0,0,0,0,0,0,0,0,0,0,0,0,0,0,0,0,0,0,0,0,0,0,0,0,0,0,0,0
0,0,0,0,0,0,0,0,0,0,0,0,0,0,0,0,0,0,0,0,0,0,0,0,0,0,0,0,0,0,0,0,0,0,0,0,0,0,0,0,0,0,0,0,0,0,0,0,0,0,0,0,0,0,0,0,0,0,0,0,0,0,0,0,0,0,0,0,0,0,0,0,0,0,0,0,0,0,0,0,0,0,0,0,0
0,0,0,0,0,0,0,0,0,0,0,0,0,0,0,0,0,0,0,0,0,0,0,0,0,0,0,0,0,0,0,0,0,0,0,0,0,0,0,0,0,0,0,0,0,0,0,0,0,0,0,0,0,0,0,0,0,0,0,0,0,0,0,0,0,0,0,0,0,0,0,0,0,0,0,0,0,0,0,0,0,0,0,0,0
0,0,0,0,0,0,0,0,0,0,0,0,0,0,0,0,0,0,0,0,0,0,0,0,0,0,0,0,0,0,0,0,0,0,0,0,0,0,0,0,0,0,0,0,0,0,0,0,0,0,0,0,0,0,0,0,0,0,0,0,0,0,0,0,0,0,0,0,0,0,0,0,0,0,0,0,0,0,0,0,0,0,0,0,0
0,0,0,0,0,0,0,0,0,0,0,0,0,0,0,0,0,0,0,0,0,0,0,0,0,0,0,0,0,0,0,0,0,0,0,0,0,0,0,0,0,0,0,0,0,0,0,0,0,0,0,0,0,0,0,0,0,0,0,0,0,0,0,0,0,0,0,0,0,0,0,0,0,0,0,0,0,0,0,0,0,0,0,0,0
0,0,0,0,0,0,0,0,0,0,0,0,0,0,0,0,0,0,0,0,0,0,0,0,0,0,0,0,0,0,0,0,0,0,0,0,0,0,0,0,0,0,0,0,0,0,0,0,0,0,0,0,0,0,0,0,0,0,0,0,0,0,0,0,0,0,0,0,0,0,0,0,0,0,0,0,0,0,0,0,0,0,0,0,0
0,0,0,0,0,0,0,0,0,0,0,0,0,0,0,0,0,0,0,0,0,0,0,0,0,0,0,0,0,0,0,0,0,0,0,0,0,0,0,0,0,0,0,0,0,0,0,0,0,0,0,0,0,0,0,0,0,0,0,0,0,0,0,0,0,0,0,0,0,0,0,0,0,0,0,0,0,0,0,0,0,0,0,0,0
0,0,0,0,0,0,0,0,0,0,0,0,0,0,0,0,0,0,0,0,0,0,0,0,0,0,0,0,0,0,0,0,0,0,0,0,0,0,0,0,0,0,0,0,0,0,0,0,0,0,0,0,0,0,0,0,0,0,0,0,0,0,0,0,0,0,0,0,0,0,0,0,0,0,0,0,0,0,0,0,0,0,0,0,0
0,0,0,0,0,0,0,0,0,0,0,0,0,0,0,0,0,0,0,0,0,0,0,0,0,0,0,0,0,0,0,0,0,0,0,0,0,0,0,0,0,0,0,0,0,0,0,0,0,0,0,0,0,0,0,0,0,0,0,0,0,0,0,0,0,0,0,0,0,0,0,0,0,0,0,0,0,0,0,0,0,0,0,0,0
0,0,0,0,0,0,0,0,0,0,0,0,0,0,0,0,0,0,0,0,0,0,0,0,0,0,0,0,0,0,0,0,0,0,0,0,0,0,0,0,0,0,0,0,0,0,0,0,0,0,0,0,0,0,0,0,0,0,0,0,0,0,0,0,0,0,0,0,0,0,0,0,0,0,0,0,0,0,0,0,0,0,0,0,0
0,0,0,0,0,0,0,0,0,0,0,0,0,0,0,0,0,0,0,0,0,0,0,0,0,0,0,0,0,0,0,0,0,0,0,0,0,0,0,0,0,0,0,0,0,0,0,0,0,0,0,0,0,0,0,0,0,0,0,0,0,0,0,0,0,0,0,0,0,0,0,0,0,0,0,0,0,0,0,0,0,0,0,0,0
0,0,0,0,0,0,0,0,0,0,0,0,0,0,0,0,0,0,0,0,0,0,0,0,0,0,0,0,0,0,0,0,0,0,0,0,0,0,0,0,0,0,0,0,0,0,0,0,0,0,0,0,0,0,0,0,0,0,0,0,0,0,0,0,0,0,0,0,0,0,0,0,0,0,0,0,0,0,0,0,0,0,0,0,0
0,0,0,0,0,0,0,0,0,0,0,0,0,0,0,0,0,0,0,0,0,0,0,0,0,0,0,0,0,0,0,0,0,0,0,0,0,0,0,0,0,0,0,0,0,0,0,0,0,0,0,0,0,0,0,0,0,0,0,0,0,0,0,0,0,0,0,0,0,0,0,0,0,0,0,0,0,0,0,0,0,0,0,0,0
0,0,0,0,0,0,0,0,0,0,0,0,0,0,0,0,0,0,0,0,0,0,0,0,0,0,0,0,0,0,0,0,0,0,0,0,0,0,0,0,0,0,0,0,0,0,0,0,0,0,0,0,0,0,0,0,0,0,0,0,0,0,0,0,0,0,0,0,0,0,0,0,0,0,0,0,0,0,0,0,0,0,0,0,0
0,0,0,0,0,0,0,0,0,0,0,0,0,0,0,0,0,0,0,0,0,0,0,0,0,0,0,0,0,0,0,0,0,0,0,0,0,0,0,0,0,0,0,0,0,0,0,0,0,0,0,0,0,0,0,0,0,0,0,0,0,0,0,0,0,0,0,0,0,0,0,0,0,0,0,0,0,0,0,0,0,0,0,0,0
0,0,0,0,0,0,0,0,0,0,0,0,0,0,0,0,0,0,0,0,0,0,0,0,0,0,0,0,0,0,0,0,0,0,0,0,0,0,0,0,0,0,0,0,0,0,0,0,0,0,0,0,0,0,0,0,0,0,0,0,0,0,0,0,0,0,0,0,0,0,0,0,0,0,0,0,0,0,0,0,0,0,0,0,0
0,0,0,0,0,0,0,0,0,0,0,0,0,0,0,0,0,0,0,0,0,0,0,0,0,0,0,0,0,0,0,0,0,0,0,0,0,0,0,0,0,0,0,0,0,0,0,0,0,0,0,0,0,0,0,0,0,0,0,0,0,0,0,0,0,0,0,0,0,0,0,0,0,0,0,0,0,0,0,0,0,0,0,0,0
0,0,0,0,0,0,0,0,0,0,0,0,0,0,0,0,0,0,0,0,0,0,0,0,0,0,0,0,0,0,0,0,0,0,0,0,0,0,0,0,0,0,0,0,0,0,0,0,0,0,0,0,0,0,0,0,0,0,0,0,0,0,0,0,0,0,0,0,0,0,0,0,0,0,0,0,0,0,0,0,0,0,0,0,0
0,0,0,0,0,0,0,0,0,0,0,0,0,0,0,0,0,0,0,0,0,0,0,0,0,0,0,0,0,0,0,0,0,0,0,0,0,0,0,0,0,0,0,0,0,0,0,0,0,0,0,0,0,0,0,0,0,0,0,0,0,0,0,0,0,0,0,0,0,0,0,0,0,0,0,0,0,0,0,0,0,0,0,0,0
0,0,0,0,0,0,0,0,0,0,0,0,0,0,0,0,0,0,0,0,0,0,0,0,0,0,0,0,0,0,0,0,0,0,0,0,0,0,0,0,0,0,0,0,0,0,0,0,0,0,0,0,0,0,0,0,0,0,0,0,0,0,0,0,0,0,0,0,0,0,0,0,0,0,0,0,0,0,0,0,0,0,0,0,0
0,0,0,0,0,0,0,0,0,0,0,0,0,0,0,0,0,0,0,0,0,0,0,0,0,0,0,0,0,0,0,0,0,0,0,0,0,0,0,0,0,0,0,0,0,0,0,0,0,0,0,0,0,0,0,0,0,0,0,0,0,0,0,0,0,0,0,0,0,0,0,0,0,0,0,0,0,0,0,0,0,0,0,0,0
0,0,0,0,0,0,0,0,0,0,0,0,0,0,0,0,0,0,0,0,0,0,0,0,0,0,0,0,0,0,0,0,0,0,0,0,0,0,0,0,0,0,0,0,0,0,0,0,0,0,0,0,0,0,0,0,0,0,0,0,0,0,0,0,0,0,0,0,0,0,0,0,0,0,0,0,0,0,0,0,0,0,0,0,0
0,0,0,0,0,0,0,0,0,0,0,0,0,0,0,0,0,0,0,0,0,0,0,0,0,0,0,0,0,0,0,0,0,0,0,0,0,0,0,0,0,0,0,0,0,0,0,0,0,0,0,0,0,0,0,0,0,0,0,0,0,0,0,0,0,0,0,0,0,0,0,0,0,0,0,0,0,0,0,0,0,0,0,0,0
0,0,0,0,0,0,0,0,0,0,0,0,0,0,0,0,0,0,0,0,0,0,0,0,0,0,0,0,0,0,0,0,0,0,0,0,0,0,0,0,0,0,0,0,0,0,0,0,0,0,0,0,0,0,0,0,0,0,0,0,0,0,0,0,0,0,0,0,0,0,0,0,0,0,0,0,0,0,0,0,0,0,0,0,0
0,0,0,0,0,0,0,0,0,0,0,0,0,0,0,0,0,0,0,0,0,0,0,0,0,0,0,0,0,0,0,0,0,0,0,0,0,0,0,0,0,0,0,0,0,0,0,0,0,0,0,0,0,0,0,0,0,0,0,0,0,0,0,0,0,0,0,0,0,0,0,0,0,0,0,0,0,0,0,0,0,0,0,0,0
0,0,0,0,0,0,0,0,0,0,0,0,0,0,0,0,0,0,0,0,0,0,0,0,0,0,0,0,0,0,0,0,0,0,0,0,0,0,0,0,0,0,0,0,0,0,0,0,0,0,0,0,0,0,0,0,0,0,0,0,0,0,0,0,0,0,0,0,0,0,0,0,0,0,0,0,0,0,0,0,0,0,0,0,0
0,0,0,0,0,0,0,0,0,0,0,0,0,0,0,0,0,0,0,0,0,0,0,0,0,0,0,0,0,0,0,0,0,0,0,0,0,0,0,0,0,0,0,0,0,0,0,0,0,0,0,0,0,0,0,0,0,0,0,0,0,0,0,0,0,0,0,0,0,0,0,0,0,0,0,0,0,0,0,0,0,0,0,0,0
0,0,0,0,0,0,0,0,0,0,0,0,0,0,0,0,0,0,0,0,0,0,0,0,0,0,0,0,0,0,0,0,0,0,0,0,0,0,0,0,0,0,0,0,0,0,0,0,0,0,0,0,0,0,0,0,0,0,0,0,0,0,0,0,0,0,0,0,0,0,0,0,0,0,0,0,0,0,0,0,0,0,0,0,0
0,0,0,0,0,0,0,0,0,0,0,0,0,0,0,0,0,0,0,0,0,0,0,0,0,0,0,0,0,0,0,0,0,0,0,0,0,0,0,0,0,0,0,0,0,0,0,0,0,0,0,0,0,0,0,0,0,0,0,0,0,0,0,0,0,0,0,0,0,0,0,0,0,0,0,0,0,0,0,0,0,0,0,0,0
0,0,0,0,0,0,0,0,0,0,0,0,0,0,0,0,0,0,0,0,0,0,0,0,0,0,0,0,0,0,0,0,0,0,0,0,0,0,0,0,0,0,0,0,0,0,0,0,0,0,0,0,0,0,0,0,0,0,0,0,0,0,0,0,0,0,0,0,0,0,0,0,0,0,0,0,0,0,0,0,0,0,0,0,0
0,0,0,0,0,0,0,0,0,0,0,0,0,0,0,0,0,0,0,0,0,0,0,0,0,0,0,0,0,0,0,0,0,0,0,0,0,0,0,0,0,0,0,0,0,0,0,0,0,0,0,0,0,0,0,0,0,0,0,0,0,0,0,0,0,0,0,0,0,0,0,0,0,0,0,0,0,0,0,0,0,0,0,0,0
0,0,0,0,0,0,0,0,0,0,0,0,0,0,0,0,0,0,0,0,0,0,0,0,0,0,0,0,0,0,0,0,0,0,0,0,0,0,0,0,0,0,0,0,0,0,0,0,0,0,0,0,0,0,0,0,0,0,0,0,0,0,0,0,0,0,0,0,0,0,0,0,0,0,0,0,0,0,0,0,0,0,0,0,0
0,0,0,0,0,0,0,0,0,0,0,0,0,0,0,0,0,0,0,0,0,0,0,0,0,0,0,0,0,0,0,0,0,0,0,0,0,0,0,0,0,0,0,0,0,0,0,0,0,0,0,0,0,0,0,0,0,0,0,0,0,0,0,0,0,0,0,0,0,0,0,0,0,0,0,0,0,0,0,0,0,0,0,0,0
0,0,0,0,0,0,0,0,0,0,0,0,0,0,0,0,0,0,0,0,0,0,0,0,0,0,0,0,0,0,0,0,0,0,0,0,0,0,0,0,0,0,0,0,0,0,0,0,0,0,0,0,0,0,0,0,0,0,0,0,0,0,0,0,0,0,0,0,0,0,0,0,0,0,0,0,0,0,0,0,0,0,0,0,0
0,0,0,0,0,0,0,0,0,0,0,0,0,0,0,0,0,0,0,0,0,0,0,0,0,0,0,0,0,0,0,0,0,0,0,0,0,0,0,0,0,0,0,0,0,0,0,0,0,0,0,0,0,0,0,0,0,0,0,0,0,0,0,0,0,0,0,0,0,0,0,0,0,0,0,0,0,0,0,0,0,0,0,0,0
0,0,0,0,0,0,0,0,0,0,0,0,0,0,0,0,0,0,0,0,0,0,0,0,0,0,0,0,0,0,0,0,0,0,0,0,0,0,0,0,0,0,0,0,0,0,0,0,0,0,0,0,0,0,0,0,0,0,0,0,0,0,0,0,0,0,0,0,0,0,0,0,0,0,0,0,0,0,0,0,0,0,0,0,0
0,0,0,0,0,0,0,0,0,0,0,0,0,0,0,0,0,0,0,0,0,0,0,0,0,0,0,0,0,0,0,0,0,0,0,0,0,0,0,0,0,0,0,0,0,0,0,0,0,0,0,0,0,0,0,0,0,0,0,0,0,0,0,0,0,0,0,0,0,0,0,0,0,0,0,0,0,0,0,0,0,0,0,0,0
0,0,0,0,0,0,0,0,0,0,0,0,0,0,0,0,0,0,0,0,0,0,0,0,0,0,0,0,0,0,0,0,0,0,0,0,0,0,0,0,0,0,0,0,0,0,0,0,0,0,0,0,0,0,0,0,0,0,0,0,0,0,0,0,0,0,0,0,0,0,0,0,0,0,0,0,0,0,0,0,0,0,0,0,0
0,0,0,0,0,0,0,0,0,0,0,0,0,0,0,0,0,0,0,0,0,0,0,0,0,0,0,0,0,0,0,0,0,0,0,0,0,0,0,0,0,0,0,0,0,0,0,0,0,0,0,0,0,0,0,0,0,0,0,0,0,0,0,0,0,0,0,0,0,0,0,0,0,0,0,0,0,0,0,0,0,0,0,0,0
0,0,0,0,0,0,0,0,0,0,0,0,0,0,0,0,0,0,0,0,0,0,0,0,0,0,0,0,0,0,0,0,0,0,0,0,0,0,0,0,0,0,0,0,0,0,0,0,0,0,0,0,0,0,0,0,0,0,0,0,0,0,0,0,0,0,0,0,0,0,0,0,0,0,0,0,0,0,0,0,0,0,0,0,0
0,0,0,0,0,0,0,0,0,0,0,0,0,0,0,0,0,0,0,0,0,0,0,0,0,0,0,0,0,0,0,0,0,0,0,0,0,0,0,0,0,0,0,0,0,0,0,0,0,0,0,0,0,0,0,0,0,0,0,0,0,0,0,0,0,0,0,0,0,0,0,0,0,0,0,0,0,0,0,0,0,0,0,0,0
0,0,0,0,0,0,0,0,0,0,0,0,0,0,0,0,0,0,0,0,0,0,0,0,0,0,0,0,0,0,0,0,0,0,0,0,0,0,0,0,0,0,0,0,0,0,0,0,0,0,0,0,0,0,0,0,0,0,0,0,0,0,0,0,0,0,0,0,0,0,0,0,0,0,0,0,0,0,0,0,0,0,0,0,0
0,0,0,0,0,0,0,0,0,0,0,0,0,0,0,0,0,0,0,0,0,0,0,0,0,0,0,0,0,0,0,0,0,0,0,0,0,0,0,0,0,0,0,0,0,0,0,0,0,0,0,0,0,0,0,0,0,0,0,0,0,0,0,0,0,0,0,0,0,0,0,0,0,0,0,0,0,0,0,0,0,0,0,0,0
0,0,0,0,0,0,0,0,0,0,0,0,0,0,0,0,0,0,0,0,0,0,0,0,0,0,0,0,0,0,0,0,0,0,0,0,0,0,0,0,0,0,0,0,0,0,0,0,0,0,0,0,0,0,0,0,0,0,0,0,0,0,0,0,0,0,0,0,0,0,0,0,0,0,0,0,0,0,0,0,0,0,0,0,0
0,0,0,0,0,0,0,0,0,0,0,0,0,0,0,0,0,0,0,0,0,0,0,0,0,0,0,0,0,0,0,0,0,0,0,0,0,0,0,0,0,0,0,0,0,0,0,0,0,0,0,0,0,0,0,0,0,0,0,0,0,0,0,0,0,0,0,0,0,0,0,0,0,0,0,0,0,0,0,0,0,0,0,0,0
0,0,0,0,0,0,0,0,0,0,0,0,0,0,0,0,0,0,0,0,0,0,0,0,0,0,0,0,0,0,0,0,0,0,0,0,0,0,0,0,0,0,0,0,0,0,0,0,0,0,0,0,0,0,0,0,0,0,0,0,0,0,0,0,0,0,0,0,0,0,0,0,0,0,0,0,0,0,0,0,0,0,0,0,0
0,0,0,0,0,0,0,0,0,0,0,0,0,0,0,0,0,0,0,0,0,0,0,0,0,0,0,0,0,0,0,0,0,0,0,0,0,0,0,0,0,0,0,0,0,0,0,0,0,0,0,0,0,0,0,0,0,0,0,0,0,0,0,0,0,0,0,0,0,0,0,0,0,0,0,0,0,0,0,0,0,0,0,0,0
0,0,0,0,0,0,0,0,0,0,0,0,0,0,0,0,0,0,0,0,0,0,0,0,0,0,0,0,0,0,0,0,0,0,0,0,0,0,0,0,0,0,0,0,0,0,0,0,0,0,0,0,0,0,0,0,0,0,0,0,0,0,0,0,0,0,0,0,0,0,0,0,0,0,0,0,0,0,0,0,0,0,0,0,0
0,0,0,0,0,0,0,0,0,0,0,0,0,0,0,0,0,0,0,0,0,0,0,0,0,0,0,0,0,0,0,0,0,0,0,0,0,0,0,0,0,0,0,0,0,0,0,0,0,0,0,0,0,0,0,0,0,0,0,0,0,0,0,0,0,0,0,0,0,0,0,0,0,0,0,0,0,0,0,0,0,0,0,0,0
0,0,0,0,0,0,0,0,0,0,0,0,0,0,0,0,0,0,0,0,0,0,0,0,0,0,0,0,0,0,0,0,0,0,0,0,0,0,0,0,0,0,0,0,0,0,0,0,0,0,0,0,0,0,0,0,0,0,0,0,0,0,0,0,0,0,0,0,0,0,0,0,0,0,0,0,0,0,0,0,0,0,0,0,0
0,0,0,0,0,0,0,0,0,0,0,0,0,0,0,0,0,0,0,0,0,0,0,0,0,0,0,0,0,0,0,0,0,0,0,0,0,0,0,0,0,0,0,0,0,0,0,0,0,0,0,0,0,0,0,0,0,0,0,0,0,0,0,0,0,0,0,0,0,0,0,0,0,0,0,0,0,0,0,0,0,0,0,0,0
0,0,0,0,0,0,0,0,0,0,0,0,0,0,0,0,0,0,0,0,0,0,0,0,0,0,0,0,0,0,0,0,0,0,0,0,0,0,0,0,0,0,0,0,0,0,0,0,0,0,0,0,0,0,0,0,0,0,0,0,0,0,0,0,0,0,0,0,0,0,0,0,0,0,0,0,0,0,0,0,0,0,0,0,0
0,0,0,0,0,0,0,0,0,0,0,0,0,0,0,0,0,0,0,0,0,0,0,0,0,0,0,0,0,0,0,0,0,0,0,0,0,0,0,0,0,0,0,0,0,0,0,0,0,0,0,0,0,0,0,0,0,0,0,0,0,0,0,0,0,0,0,0,0,0,0,0,0,0,0,0,0,0,0,0,0,0,0,0,0
0,0,0,0,0,0,0,0,0,0,0,0,0,0,0,0,0,0,0,0,0,0,0,0,0,0,0,0,0,0,0,0,0,0,0,0,0,0,0,0,0,0,0,0,0,0,0,0,0,0,0,0,0,0,0,0,0,0,0,0,0,0,0,0,0,0,0,0,0,0,0,0,0,0,0,0,0,0,0,0,0,0,0,0,0
0,0,0,0,0,0,0,0,0,0,0,0,0,0,0,0,0,0,0,0,0,0,0,0,0,0,0,0,0,0,0,0,0,0,0,0,0,0,0,0,0,0,0,0,0,0,0,0,0,0,0,0,0,0,0,0,0,0,0,0,0,0,0,0,0,0,0,0,0,0,0,0,0,0,0,0,0,0,0,0,0,0,0,0,0
0,0,0,0,0,0,0,0,0,0,0,0,0,0,0,0,0,0,0,0,0,0,0,0,0,0,0,0,0,0,0,0,0,0,0,0,0,0,0,0,0,0,0,0,0,0,0,0,0,0,0,0,0,0,0,0,0,0,0,0,0,0,0,0,0,0,0,0,0,0,0,0,0,0,0,0,0,0,0,0,0,0,0,0,0
0,0,0,0,0,0,0,0,0,0,0,0,0,0,0,0,0,0,0,0,0,0,0,0,0,0,0,0,0,0,0,0,0,0,0,0,0,0,0,0,0,0,0,0,0,0,0,0,0,0,0,0,0,0,0,0,0,0,0,0,0,0,0,0,0,0,0,0,0,0,0,0,0,0,0,0,0,0,0,0,0,0,0,0,0
0,0,0,0,0,0,0,0,0,0,0,0,0,0,0,0,0,0,0,0,0,0,0,0,0,0,0,0,0,0,0,0,0,0,0,0,0,0,0,0,0,0,0,0,0,0,0,0,0,0,0,0,0,0,0,0,0,0,0,0,0,0,0,0,0,0,0,0,0,0,0,0,0,0,0,0,0,0,0,0,0,0,0,0,0
4.95598297e-13,4.95598297e-13,4.95598297e-13,4.95598297e-13,4.95598297e-13,4.95598297e-13,4.95598297e-13,4.95598297e-13,4.95598297e-13,4.95598297e-13,4.95598297e-13,4.95598297e-13,4.95598297e-13,4.95598297e-13,4.95598297e-13,4.95598297e-13,4.95598297e-13,4.95598297e-13,4.95598297e-13,4.95598297e-13,4.95598297e-13,4.95598297e-13,4.95598297e-13,0,0,0,0,0,0,0,0,0,0,0,0,0,0,0,0,0,0,0,4.95598297e-13,4.95598297e-13,4.95598297e-13,4.95598297e-13,4.95598297e-13,4.95598297e-13,4.95598297e-13,4.95598297e-13,4.95598297e-13,4.95598297e-13,4.95598297e-13,4.95598297e-13,4.95598297e-13,4.95598297e-13,4.95598297e-13,4.95598297e-13,4.95598297e-13,4.95598297e-13,4.95598297e-13,4.95598297e-13,4.95598297e-13,4.95598297e-13,4.95598297e-13,4.95598297e-13,4.95598297e-13,4.95598297e-13,4.95598297e-13,4.95598297e-13,4.95598297e-13,4.95598297e-13,4.95598297e-13,4.95598297e-13,4.95598297e-13,4.95598297e-13,4.95598297e-13,4.95598297e-13,4.95598297e-13,4.95598297e-13,4.95598297e-13,4.95598297e-13,0,0,0
1.01861211e-12,1.01861211e-12,1.01861211e-12,1.01861211e-12,1.01861211e-12,1.01861211e-12,1.01861211e-12,1.01861211e-12,1.01861211e-12,1.01861211e-12,1.01861211e-12,1.01861211e-12,1.01861211e-12,1.01861211e-12,1.01861211e-12,1.01861211e-12,1.01861211e-12,1.01861211e-12,1.01861211e-12,1.01861211e-12,1.01861211e-12,1.01861211e-12,0,0,0,0,0,0,0,0,0,0,0,0,0,0,0,0,0,0,0,0,1.01861211e-12,1.01861211e-12,1.01861211e-12,1.01861211e-12,1.01861211e-12,1.01861211e-12,1.01861211e-12,1.01861211e-12,1.01861211e-12,1.01861211e-12,1.01861211e-12,1.01861211e-12,1.01861211e-12,1.01861211e-12,1.01861211e-12,1.01861211e-12,1.01861211e-12,1.01861211e-12,1.01861211e-12,1.01861211e-12,1.01861211e-12,1.01861211e-12,1.01861211e-12,1.01861211e-12,1.01861211e-12,1.01861211e-12,1.01861211e-12,1.01861211e-12,1.01861211e-12,1.01861211e-12,1.01861211e-12,1.01861211e-12,1.01861211e-12,1.01861211e-12,1.01861211e-12,1.01861211e-12,1.01861211e-12,1.01861211e-12,1.01861211e-12,1.01861211e-12,0,0,0
1.01861211e-12,1.01861211e-12,1.01861211e-12,1.01861211e-12,1.01861211e-12,1.01861211e-12,1.01861211e-12,1.01861211e-12,1.01861211e-12,1.01861211e-12,1.01861211e-12,1.01861211e-12,1.01861211e-12,1.01861211e-12,1.01861211e-12,1.01861211e-12,1.01861211e-12,1.01861211e-12,1.01861211e-12,1.01861211e-12,1.01861211e-12,1.01861211e-12,0,0,0,0,0,0,0,0,0,0,0,0,0,0,0,0,0,0,0,0,1.01861211e-12,1.01861211e-12,1.01861211e-12,1.01861211e-12,1.01861211e-12,1.01861211e-12,1.01861211e-12,1.01861211e-12,1.01861211e-12,1.01861211e-12,1.01861211e-12,1.01861211e-12,1.01861211e-12,1.01861211e-12,1.01861211e-12,1.01861211e-12,1.01861211e-12,1.01861211e-12,1.01861211e-12,1.01861211e-12,1.01861211e-12,1.01861211e-12,1.01861211e-12,1.01861211e-12,1.01861211e-12,1.01861211e-12,1.01861211e-12,1.01861211e-12,1.01861211e-12,1.01861211e-12,1.01861211e-12,1.01861211e-12,1.01861211e-12,1.01861211e-12,1.01861211e-12,1.01861211e-12,1.01861211e-12,1.01861211e-12,1.01861211e-12,1.01861211e-12,1.01861211e-12,1.01861211e-12,0
1.01861211e-12,1.01861211e-12,1.01861211e-12,1.01861211e-12,1.01861211e-12,1.01861211e-12,1.01861211e-12,1.01861211e-12,1.01861211e-12,1.01861211e-12,1.01861211e-12,1.01861211e-12,1.01861211e-12,1.01861211e-12,1.01861211e-12,1.01861211e-12,1.01861211e-12,1.01861211e-12,1.01861211e-12,1.01861211e-12,1.01861211e-12,1.01861211e-12,0,0,0,0,0,0,0,0,0,0,0,0,0,0,0,0,0,0,0,0,1.01861211e-12,1.01861211e-12,1.01861211e-12,1.01861211e-12,1.01861211e-12,1.01861211e-12,1.01861211e-12,1.01861211e-12,1.01861211e-12,1.01861211e-12,1.01861211e-12,1.01861211e-12,1.01861211e-12,1.01861211e-12,1.01861211e-12,1.01861211e-12,1.01861211e-12,1.01861211e-12,1.01861211e-12,1.01861211e-12,1.01861211e-12,1.01861211e-12,1.01861211e-12,1.01861211e-12,1.01861211e-12,1.01861211e-12,1.01861211e-12,1.01861211e-12,1.01861211e-12,1.01861211e-12,1.01861211e-12,1.01861211e-12,1.01861211e-12,1.01861211e-12,1.01861211e-12,1.01861211e-12,1.01861211e-12,1.01861211e-12,1.01861211e-12,1.01861211e-12,1.01861211e-12,1.01861211e-12,0
1.01861211e-12,1.01861211e-12,1.01861211e-12,1.01861211e-12,1.01861211e-12,1.01861211e-12,1.01861211e-12,1.01861211e-12,1.01861211e-12,1.01861211e-12,1.01861211e-12,1.01861211e-12,1.01861211e-12,1.01861211e-12,1.01861211e-12,1.01861211e-12,1.01861211e-12,1.01861211e-12,1.01861211e-12,1.01861211e-12,1.01861211e-12,1.01861211e-12,0,0,0,0,0,0,0,0,0,0,0,0,0,0,0,0,0,0,0,0,1.01861211e-12,1.01861211e-12,1.01861211e-12,1.01861211e-12,1.01861211e-12,1.01861211e-12,1.01861211e-12,1.01861211e-12,1.01861211e-12,1.01861211e-12,1.01861211e-12,1.01861211e-12,1.01861211e-12,1.01861211e-12,1.01861211e-12,1.01861211e-12,1.01861211e-12,1.01861211e-12,1.01861211e-12,1.01861211e-12,1.01861211e-12,1.01861211e-12,1.01861211e-12,1.01861211e-12,1.01861211e-12,1.01861211e-12,1.01861211e-12,1.01861211e-12,1.01861211e-12,1.01861211e-12,1.01861211e-12,1.01861211e-12,1.01861211e-12,1.01861211e-12,1.01861211e-12,1.01861211e-12,1.01861211e-12,1.01861211e-12,1.01861211e-12,1.01861211e-12,1.01861211e-12,1.01861211e-12,0
1.01861211e-12,1.01861211e-12,1.01861211e-12,1.01861211e-12,1.01861211e-12,1.01861211e-12,1.01861211e-12,1.01861211e-12,1.01861211e-12,1.01861211e-12,1.01861211e-12,1.01861211e-12,1.01861211e-12,1.01861211e-12,1.01861211e-12,1.01861211e-12,1.01861211e-12,1.01861211e-12,1.01861211e-12,1.01861211e-12,1.01861211e-12,1.01861211e-12,0,0,0,0,0,0,0,0,0,0,0,0,0,0,0,0,0,0,0,0,0,1.01861211e-12,1.01861211e-12,1.01861211e-12,1.01861211e-12,1.01861211e-12,1.01861211e-12,1.01861211e-12,1.01861211e-12,1.01861211e-12,1.01861211e-12,1.01861211e-12,1.01861211e-12,1.01861211e-12,1.01861211e-12,1.01861211e-12,1.01861211e-12,1.01861211e-12,1.01861211e-12,1.01861211e-12,1.01861211e-12,1.01861211e-12,1.01861211e-12,1.01861211e-12,1.01861211e-12,1.01861211e-12,1.01861211e-12,1.01861211e-12,1.01861211e-12,1.01861211e-12,1.01861211e-12,1.01861211e-12,1.01861211e-12,1.01861211e-12,1.01861211e-12,1.01861211e-12,1.01861211e-12,1.01861211e-12,1.01861211e-12,1.01861211e-12,1.01861211e-12,1.01861211e-12,1.01861211e-12
1.01861211e-12,1.01861211e-12,1.01861211e-12,1.01861211e-12,1.01861211e-12,1.01861211e-12,1.01861211e-12,1.01861211e-12,1.01861211e-12,1.01861211e-12,1.01861211e-12,1.01861211e-12,1.01861211e-12,1.01861211e-12,1.01861211e-12,1.01861211e-12,1.01861211e-12,1.01861211e-12,1.01861211e-12,1.01861211e-12,1.01861211e-12,0,0,0,0,0,0,0,0,0,0,0,0,0,0,0,0,0,0,0,0,0,0,1.01861211e-12,1.01861211e-12,1.01861211e-12,1.01861211e-12,1.01861211e-12,1.01861211e-12,1.01861211e-12,1.01861211e-12,1.01861211e-12,1.01861211e-12,1.01861211e-12,1.01861211e-12,1.01861211e-12,1.01861211e-12,1.01861211e-12,1.01861211e-12,1.01861211e-12,1.01861211e-12,1.01861211e-12,1.01861211e-12,1.01861211e-12,1.01861211e-12,1.01861211e-12,1.01861211e-12,1.01861211e-12,1.01861211e-12,1.01861211e-12,1.01861211e-12,1.01861211e-12,1.01861211e-12,1.01861211e-12,1.01861211e-12,1.01861211e-12,1.01861211e-12,1.01861211e-12,1.01861211e-12,1.01861211e-12,1.01861211e-12,1.01861211e-12,1.01861211e-12,1.01861211e-12,1.01861211e-12
1.01861211e-12,1.01861211e-12,1.01861211e-12,1.01861211e-12,1.01861211e-12,1.01861211e-12,1.01861211e-12,1.01861211e-12,1.01861211e-12,1.01861211e-12,1.01861211e-12,1.01861211e-12,1.01861211e-12,1.01861211e-12,1.01861211e-12,1.01861211e-12,1.01861211e-12,1.01861211e-12,1.01861211e-12,1.01861211e-12,1.01861211e-12,0,0,0,0,0,0,0,0,0,0,0,0,0,0,0,0,0,0,0,0,0,0,0,0,1.01861211e-12,1.01861211e-12,1.01861211e-12,1.01861211e-12,1.01861211e-12,1.01861211e-12,1.01861211e-12,1.01861211e-12,1.01861211e-12,1.01861211e-12,1.01861211e-12,1.01861211e-12,1.01861211e-12,1.01861211e-12,1.01861211e-12,1.01861211e-12,1.01861211e-12,1.01861211e-12,1.01861211e-12,1.01861211e-12,1.01861211e-12,1.01861211e-12,1.01861211e-12,1.01861211e-12,1.01861211e-12,1.01861211e-12,1.01861211e-12,1.01861211e-12,1.01861211e-12,1.01861211e-12,1.01861211e-12,1.01861211e-12,1.01861211e-12,1.01861211e-12,1.01861211e-12,1.01861211e-12,1.01861211e-12,1.01861211e-12,1.01861211e-12,1.01861211e-12
1.01861211e-12,1.01861211e-12,1.01861211e-12,1.01861211e-12,1.01861211e-12,1.01861211e-12,1.01861211e-12,1.01861211e-12,1.01861211e-12,1.01861211e-12,1.01861211e-12,1.01861211e-12,1.01861211e-12,1.01861211e-12,1.01861211e-12,1.01861211e-12,1.01861211e-12,1.01861211e-12,1.01861211e-12,1.01861211e-12,1.01861211e-12,0,0,0,0,0,0,0,0,0,0,0,0,0,0,0,0,0,0,0,0,0,0,0,0,0,1.01861211e-12,1.01861211e-12,1.01861211e-12,1.01861211e-12,1.01861211e-12,1.01861211e-12,1.01861211e-12,1.01861211e-12,1.01861211e-12,1.01861211e-12,1.01861211e-12,1.01861211e-12,1.01861211e-12,1.01861211e-12,1.01861211e-12,1.01861211e-12,1.01861211e-12,1.01861211e-12,1.01861211e-12,1.01861211e-12,1.01861211e-12,1.01861211e-12,1.01861211e-12,1.01861211e-12,1.01861211e-12,1.01861211e-12,1.01861211e-12,1.01861211e-12,1.01861211e-12,1.01861211e-12,1.01861211e-12,1.01861211e-12,1.01861211e-12,1.01861211e-12,1.01861211e-12,1.01861211e-12,1.01861211e-12,1.01861211e-12,1.01861211e-12
1.01861211e-12,1.01861211e-12,1.01861211e-12,1.01861211e-12,1.01861211e-12,1.01861211e-12,1.01861211e-12,1.01861211e-12,1.01861211e-12,1.01861211e-12,1.01861211e-12,1.01861211e-12,1.01861211e-12,1.01861211e-12,1.01861211e-12,1.01861211e-12,1.01861211e-12,1.01861211e-12,1.01861211e-12,1.01861211e-12,0,0,0,0,0,0,0,0,0,0,0,0,0,0,0,0,0,0,0,0,0,0,0,0,0,0,1.01861211e-12,1.01861211e-12,1.01861211e-12,1.01861211e-12,1.01861211e-12,1.01861211e-12,1.01861211e-12,1.01861211e-12,1.01861211e-12,1.01861211e-12,1.01861211e-12,1.01861211e-12,1.01861211e-12,1.01861211e-12,1.01861211e-12,1.01861211e-12,1.01861211e-12,1.01861211e-12,1.01861211e-12,1.01861211e-12,1.01861211e-12,1.01861211e-12,1.01861211e-12,1.01861211e-12,1.01861211e-12,1.01861211e-12,1.01861211e-12,1.01861211e-12,1.01861211e-12,1.01861211e-12,1.01861211e-12,1.01861211e-12,1.01861211e-12,1.01861211e-12,1.01861211e-12,1.01861211e-12,1.01861211e-12,0,0
1.01861211e-12,1.01861211e-12,1.01861211e-12,1.01861211e-12,1.01861211e-12,1.01861211e-12,1.01861211e-12,1.01861211e-12,1.01861211e-12,1.01861211e-12,1.01861211e-12,1.01861211e-12,1.01861211e-12,1.01861211e-12,1.01861211e-12,1.01861211e-12,1.01861211e-12,1.01861211e-12,1.01861211e-12,1.01861211e-12,0,0,0,0,0,0,0,0,0,0,0,0,0,0,0,0,0,0,0,0,0,0,0,0,0,0,1.01861211e-12,1.01861211e-12,1.01861211e-12,1.01861211e-12,1.01861211e-12,1.01861211e-12,1.01861211e-12,1.01861211e-12,1.01861211e-12,1.01861211e-12,1.01861211e-12,1.01861211e-12,1.01861211e-12,1.01861211e-12,1.01861211e-12,1.01861211e-12,1.01861211e-12,1.01861211e-12,1.01861211e-12,1.01861211e-12,1.01861211e-12,1.01861211e-12,1.01861211e-12,1.01861211e-12,1.01861211e-12,1.01861211e-12,1.01861211e-12,1.01861211e-12,1.01861211e-12,1.01861211e-12,1.01861211e-12,1.01861211e-12,1.01861211e-12,1.01861211e-12,1.01861211e-12,1.01861211e-12,1.01861211e-12,0,0
1.01861211e-12,1.01861211e-12,1.01861211e-12,1.01861211e-12,1.01861211e-12,1.01861211e-12,1.01861211e-12,1.01861211e-12,1.01861211e-12,1.01861211e-12,1.01861211e-12,1.01861211e-12,1.01861211e-12,1.01861211e-12,1.01861211e-12,1.01861211e-12,1.01861211e-12,1.01861211e-12,1.01861211e-12,1.01861211e-12,0,0,0,0,0,0,0,0,0,0,0,0,0,0,0,0,0,0,0,0,0,0,0,0,0,0,1.01861211e-12,1.01861211e-12,1.01861211e-12,1.01861211e-12,1.01861211e-12,1.01861211e-12,1.01861211e-12,1.01861211e-12,1.01861211e-12,1.01861211e-12,1.01861211e-12,1.01861211e-12,1.01861211e-12,1.01861211e-12,1.01861211e-12,1.01861211e-12,1.01861211e-12,1.01861211e-12,1.01861211e-12,1.01861211e-12,1.01861211e-12,1.01861211e-12,1.01861211e-12,1.01861211e-12,1.01861211e-12,1.01861211e-12,1.01861211e-12,1.01861211e-12,1.01861211e-12,1.01861211e-12,1.01861211e-12,1.01861211e-12,1.01861211e-12,1.01861211e-12,1.01861211e-12,1.01861211e-12,1.01861211e-12,0,0
1.01861211e-12,1.01861211e-12,1.01861211e-12,1.01861211e-12,1.01861211e-12,1.01861211e-12,1.01861211e-12,1.01861211e-12,1.01861211e-12,1.01861211e-12,1.01861211e-12,1.01861211e-12,1.01861211e-12,1.01861211e-12,1.01861211e-12,1.01861211e-12,1.01861211e-12,1.01861211e-12,1.01861211e-12,1.01861211e-12,0,0,0,0,0,0,0,0,0,0,0,0,0,0,0,0,0,0,0,0,0,0,0,0,0,0,1.01861211e-12,1.01861211e-12,1.01861211e-12,1.01861211e-12,1.01861211e-12,1.01861211e-12,1.01861211e-12,1.01861211e-12,1.01861211e-12,1.01861211e-12,1.01861211e-12,1.01861211e-12,1.01861211e-12,1.01861211e-12,1.01861211e-12,1.01861211e-12,1.01861211e-12,1.01861211e-12,1.01861211e-12,1.01861211e-12,1.01861211e-12,1.01861211e-12,1.01861211e-12,1.01861211e-12,1.01861211e-12,1.01861211e-12,1.01861211e-12,1.01861211e-12,1.01861211e-12,1.01861211e-12,1.01861211e-12,1.01861211e-12,1.01861211e-12,1.01861211e-12,1.01861211e-12,1.01861211e-12,1.01861211e-12,1.01861211e-12,0
1.01861211e-12,1.01861211e-12,1.01861211e-12,1.01861211e-12,1.01861211e-12,1.01861211e-12,1.01861211e-12,1.01861211e-12,1.01861211e-12,1.01861211e-12,1.01861211e-12,1.01861211e-12,1.01861211e-12,1.01861211e-12,1.01861211e-12,1.01861211e-12,1.01861211e-12,1.01861211e-12,1.01861211e-12,1.01861211e-12,0,0,0,0,0,0,0,0,0,0,0,0,0,0,0,0,0,0,0,0,0,0,0,0,0,0,0,1.01861211e-12,1.01861211e-12,1.01861211e-12,1.01861211e-12,1.01861211e-12,1.01861211e-12,1.01861211e-12,1.01861211e-12,1.01861211e-12,1.01861211e-12,1.01861211e-12,1.01861211e-12,1.01861211e-12,1.01861211e-12,1.01861211e-12,1.01861211e-12,1.01861211e-12,1.01861211e-12,1.01861211e-12,1.01861211e-12,1.01861211e-12,1.01861211e-12,1.01861211e-12,1.01861211e-12,1.01861211e-12,1.01861211e-12,1.01861211e-12,1.01861211e-12,1.01861211e-12,1.01861211e-12,1.01861211e-12,1.01861211e-12,1.01861211e-12,1.01861211e-12,1.01861211e-12,1.01861211e-12,1.01861211e-12,0
1.01861211e-12,1.01861211e-12,1.01861211e-12,1.01861211e-12,1.01861211e-12,1.01861211e-12,1.01861211e-12,1.01861211e-12,1.01861211e-12,1.01861211e-12,1.01861211e-12,1.01861211e-12,1.01861211e-12,1.01861211e-12,1.01861211e-12,1.01861211e-12,1.01861211e-12,1.01861211e-12,1.01861211e-12,1.01861211e-12,0,0,0,0,0,0,0,0,0,0,0,0,0,0,0,0,0,0,0,0,0,0,0,0,0,0,0,1.01861211e-12,1.01861211e-12,1.01861211e-12,1.01861211e-12,1.01861211e-12,1.01861211e-12,1.01861211e-12,1.01861211e-12,1.01861211e-12,1.01861211e-12,1.01861211e-12,1.01861211e-12,1.01861211e-12,1.01861211e-12,1.01861211e-12,1.01861211e-12,1.01861211e-12,1.01861211e-12,1.01861211e-12,1.01861211e-12,1.01861211e-12,1.01861211e-12,1.01861211e-12,1.01861211e-12,1.01861211e-12,1.01861211e-12,1.01861211e-12,1.01861211e-12,1.01861211e-12,1.01861211e-12,1.01861211e-12,1.01861211e-12,1.01861211e-12,1.01861211e-12,1.01861211e-12,1.01861211e-12,1.01861211e-12,0
1.01861211e-12,1.01861211e-12,1.01861211e-12,1.01861211e-12,1.01861211e-12,1.01861211e-12,1.01861211e-12,1.01861211e-12,1.01861211e-12,1.01861211e-12,1.01861211e-12,1.01861211e-12,1.01861211e-12,1.01861211e-12,1.01861211e-12,1.01861211e-12,1.01861211e-12,1.01861211e-12,1.01861211e-12,1.01861211e-12,0,0,0,0,0,0,0,0,0,0,0,0,0,0,0,0,0,0,0,0,0,0,0,0,0,0,0,1.01861211e-12,1.01861211e-12,1.01861211e-12,1.01861211e-12,1.01861211e-12,1.01861211e-12,1.01861211e-12,1.01861211e-12,1.01861211e-12,1.01861211e-12,1.01861211e-12,1.01861211e-12,1.01861211e-12,1.01861211e-12,1.01861211e-12,1.01861211e-12,1.01861211e-12,1.01861211e-12,1.01861211e-12,1.01861211e-12,1.01861211e-12,1.01861211e-12,1.01861211e-12,1.01861211e-12,1.01861211e-12,1.01861211e-12,1.01861211e-12,1.01861211e-12,1.01861211e-12,1.01861211e-12,1.01861211e-12,1.01861211e-12,1.01861211e-12,1.01861211e-12,1.01861211e-12,1.01861211e-12,0,0
1.01861211e-12,1.01861211e-12,1.01861211e-12,1.01861211e-12,1.01861211e-12,1.01861211e-12,1.01861211e-12,1.01861211e-12,1.01861211e-12,1.01861211e-12,1.01861211e-12,1.01861211e-12,1.01861211e-12,1.01861211e-12,1.01861211e-12,1.01861211e-12,1.01861211e-12,1.01861211e-12,1.01861211e-12,0,0,0,0,0,0,0,0,0,0,0,0,0,0,0,0,0,0,0,0,0,0,0,0,0,0,0,0,0,1.01861211e-12,1.01861211e-12,1.01861211e-12,1.01861211e-12,1.01861211e-12,1.01861211e-12,1.01861211e-12,1.01861211e-12,1.01861211e-12,1.01861211e-12,1.01861211e-12,1.01861211e-12,1.01861211e-12,1.01861211e-12,1.01861211e-12,1.01861211e-12,1.01861211e-12,1.01861211e-12,1.01861211e-12,1.01861211e-12,1.01861211e-12,1.01861211e-12,1.01861211e-12,1.01861211e-12,1.01861211e-12,1.01861211e-12,1.01861211e-12,1.01861211e-12,1.01861211e-12,1.01861211e-12,1.01861211e-12,1.01861211e-12,1.01861211e-12,1.01861211e-12,1.01861211e-12,1.01861211e-12,1.01861211e-12
1.01861211e-12,1.01861211e-12,1.01861211e-12,1.01861211e-12,1.01861211e-12,1.01861211e-12,1.01861211e-12,1.01861211e-12,1.01861211e-12,1.01861211e-12,1.01861211e-12,1.01861211e-12,1.01861211e-12,1.01861211e-12,1.01861211e-12,1.01861211e-12,1.01861211e-12,1.01861211e-12,1.01861211e-12,0,0,0,0,0,0,0,0,0,0,0,0,0,0,0,0,0,0,0,0,0,0,0,0,0,0,0,0,0,1.01861211e-12,1.01861211e-12,1.01861211e-12,1.01861211e-12,1.01861211e-12,1.01861211e-12,1.01861211e-12,1.01861211e-12,1.01861211e-12,1.01861211e-12,1.01861211e-12,1.01861211e-12,1.01861211e-12,1.01861211e-12,1.01861211e-12,1.01861211e-12,1.01861211e-12,1.01861211e-12,1.01861211e-12,1.01861211e-12,1.01861211e-12,1.01861211e-12,1.01861211e-12,1.01861211e-12,1.01861211e-12,1.01861211e-12,1.01861211e-12,1.01861211e-12,1.01861211e-12,1.01861211e-12,1.01861211e-12,1.01861211e-12,1.01861211e-12,1.01861211e-12,1.01861211e-12,1.01861211e-12,1.01861211e-12
1.01861211e-12,1.01861211e-12,1.01861211e-12,1.01861211e-12,1.01861211e-12,1.01861211e-12,1.01861211e-12,1.01861211e-12,1.01861211e-12,1.01861211e-12,1.01861211e-12,1.01861211e-12,1.01861211e-12,1.01861211e-12,1.01861211e-12,1.01861211e-12,1.01861211e-12,1.01861211e-12,1.01861211e-12,0,0,0,0,0,0,0,0,0,0,0,0,0,0,0,0,0,0,0,0,0,0,0,0,0,0,0,0,0,0,1.01861211e-12,1.01861211e-12,1.01861211e-12,1.01861211e-12,1.01861211e-12,1.01861211e-12,1.01861211e-12,1.01861211e-12,1.01861211e-12,1.01861211e-12,1.01861211e-12,1.01861211e-12,1.01861211e-12,1.01861211e-12,1.01861211e-12,1.01861211e-12,1.01861211e-12,1.01861211e-12,1.01861211e-12,1.01861211e-12,1.01861211e-12,1.01861211e-12,1.01861211e-12,1.01861211e-12,1.01861211e-12,1.01861211e-12,1.01861211e-12,1.01861211e-12,1.01861211e-12,1.01861211e-12,1.01861211e-12,1.01861211e-12,1.01861211e-12,1.01861211e-12,1.01861211e-12,1.01861211e-12
1.01861211e-12,1.01861211e-12,1.01861211e-12,1.01861211e-12,1.01861211e-12,1.01861211e-12,1.01861211e-12,1.01861211e-12,1.01861211e-12,1.01861211e-12,1.01861211e-12,0,0,1.01861211e-12,1.01861211e-12,1.01861211e-12,1.01861211e-12,1.01861211e-12,0,0,0,0,0,0,0,0,0,0,0,0,0,0,0,0,0,0,0,0,0,0,0,0,0,0,0,0,0,0,0,1.01861211e-12,1.01861211e-12,1.01861211e-12,1.01861211e-12,1.01861211e-12,1.01861211e-12,1.01861211e-12,1.01861211e-12,1.01861211e-12,1.01861211e-12,1.01861211e-12,1.01861211e-12,1.01861211e-12,1.01861211e-12,1.01861211e-12,1.01861211e-12,1.01861211e-12,1.01861211e-12,1.01861211e-12,1.01861211e-12,1.01861211e-12,1.01861211e-12,1.01861211e-12,1.01861211e-12,1.01861211e-12,1.01861211e-12,1.01861211e-12,1.01861211e-12,1.01861211e-12,1.01861211e-12,1.01861211e-12,1.01861211e-12,1.01861211e-12,1.01861211e-12,1.01861211e-12,1.01861211e-12
1.01861211e-12,1.01861211e-12,1.01861211e-12,1.01861211e-12,1.01861211e-12,1.01861211e-12,1.01861211e-12,1.01861211e-12,1.01861211e-12,1.01861211e-12,1.01861211e-12,1.022492e-08,0,1.01861211e-12,1.01861211e-12,1.01861211e-12,1.01861211e-12,1.01861211e-12,0,0,0,0,0,0,0,0,0,0,0,0,0,0,0,0,0,0,0,0,0,0,0,0,0,0,0,0,0,0,0,0,1.01861211e-12,1.01861211e-12,1.01861211e-12,1.01861211e-12,1.01861211e-12,1.01861211e-12,1.01861211e-12,1.01861211e-12,1.01861211e-12,1.01861211e-12,1.01861211e-12,1.01861211e-12,1.01861211e-12,1.01861211e-12,1.01861211e-12,1.01861211e-12,1.01861211e-12,1.01861211e-12,1.01861211e-12,1.01861211e-12,1.01861211e-12,1.01861211e-12,1.01861211e-12,1.01861211e-12,1.01861211e-12,1.01861211e-12,1.01861211e-12,1.01861211e-12,1.01861211e-12,1.01861211e-12,1.01861211e-12,1.01861211e-12,1.01861211e-12,1.01861211e-12,1.01861211e-12
1.01861211e-12,1.01861211e-12,1.01861211e-12,1.01861211e-12,1.01861211e-12,1.01861211e-12,1.01861211e-12,1.01861211e-12,1.01861211e-12,1.01861211e-12,1.01861211e-12,0,0,1.01861211e-12,1.01861211e-12,1.01861211e-12,1.01861211e-12,1.01861211e-12,0,0,0,0,0,0,0,0,0,0,0,0,0,0,0,0,0,0,0,0,0,0,0,0,0,0,0,0,0,0,0,0,0,1.01861211e-12,1.01861211e-12,1.01861211e-12,1.01861211e-12,1.01861211e-12,1.01861211e-12,1.01861211e-12,1.01861211e-12,1.01861211e-12,1.01861211e-12,1.01861211e-12,1.01861211e-12,1.01861211e-12,1.01861211e-12,1.01861211e-12,1.01861211e-12,1.01861211e-12,1.01861211e-12,1.01861211e-12,1.01861211e-12,1.01861211e-12,1.01861211e-12,1.01861211e-12,1.01861211e-12,1.01861211e-12,1.01861211e-12,1.01861211e-12,1.01861211e-12,1.01861211e-12,1.01861211e-12,1.01861211e-12,1.01861211e-12,1.01861211e-12,1.01861211e-12
1.01861211e-12,1.01861211e-12,1.01861211e-12,1.01861211e-12,1.01861211e-12,1.01861211e-12,1.01861211e-12,1.01861211e-12,1.01861211e-12,1.01861211e-12,1.01861211e-12,0,0,0,1.01861211e-12,1.01861211e-12,1.01861211e-12,0,0,0,0,0,0,0,0,0,0,0,0,0,0,0,0,0,0,0,0,0,0,0,0,0,0,0,0,0,0,0,0,0,0,0,0,1.01861211e-12,1.01861211e-12,1.01861211e-12,1.01861211e-12,1.01861211e-12,1.01861211e-12,1.01861211e-12,1.01861211e-12,1.01861211e-12,1.01861211e-12,1.01861211e-12,1.01861211e-12,1.01861211e-12,1.01861211e-12,1.01861211e-12,1.01861211e-12,1.01861211e-12,1.01861211e-12,1.01861211e-12,1.01861211e-12,1.01861211e-12,1.01861211e-12,1.01861211e-12,1.01861211e-12,1.01861211e-12,1.01861211e-12,1.01861211e-12,1.01861211e-12,1.01861211e-12,1.01861211e-12,1.01861211e-12,1.01861211e-12
1.01861211e-12,1.01861211e-12,1.01861211e-12,1.01861211e-12,1.01861211e-12,1.01861211e-12,1.01861211e-12,1.01861211e-12,1.01861211e-12,1.01861211e-12,1.01861211e-12,0,0,0,1.01861211e-12,1.01861211e-12,1.01861211e-12,0,0,0,0,0,0,0,0,0,0,0,0,0,0,0,0,0,0,0,0,0,0,0,0,0,0,0,0,0,0,0,0,0,0,0,0,0,0,0,0,1.01861211e-12,1.01861211e-12,1.01861211e-12,1.01861211e-12,1.01861211e-12,1.01861211e-12,1.01861211e-12,1.01861211e-12,1.01861211e-12,1.01861211e-12,1.01861211e-12,1.01861211e-12,1.01861211e-12,1.01861211e-12,1.01861211e-12,1.01861211e-12,1.01861211e-12,1.01861211e-12,1.01861211e-12,1.01861211e-12,1.01861211e-12,1.01861211e-12,1.01861211e-12,1.01861211e-12,1.01861211e-12,1.01861211e-12,1.01861211e-12,1.01861211e-12
1.01861211e-12,1.01861211e-12,1.01861211e-12,1.01861211e-12,1.01861211e-12,1.01861211e-12,1.01861211e-12,1.01861211e-12,1.01861211e-12,1.01861211e-12,1.01861211e-12,0,0,0,1.01861211e-12,1.01861211e-12,1.01861211e-12,0,0,0,0,0,0,0,0,0,0,0,0,0,0,0,0,0,0,0,0,0,0,0,0,0,0,0,0,0,0,0,0,0,0,0,0,0,0,0,0,0,0,0,1.01861211e-12,1.01861211e-12,1.01861211e-12,1.01861211e-12,1.01861211e-12,1.01861211e-12,1.01861211e-12,1.01861211e-12,1.01861211e-12,1.01861211e-12,1.01861211e-12,1.01861211e-12,1.01861211e-12,1.01861211e-12,1.01861211e-12,1.01861211e-12,1.01861211e-12,1.01861211e-12,1.01861211e-12,1.01861211e-12,1.01861211e-12,1.01861211e-12,1.01861211e-12,1.01861211e-12,1.01861211e-12
1.01861211e-12,1.01861211e-12,1.01861211e-12,1.01861211e-12,1.01861211e-12,1.01861211e-12,1.01861211e-12,1.01861211e-12,1.01861211e-12,1.01861211e-12,1.01861211e-12,1.01861211e-12,0,0,1.01861211e-12,1.01861211e-12,0,0,0,0,0,0,0,0,0,0,0,0,0,0,0,0,0,0,0,0,0,0,0,0,0,0,0,0,0,0,0,0,0,0,0,0,0,0,0,0,0,0,0,0,0,0,0,0,1.01861211e-12,1.01861211e-12,1.01861211e-12,1.01861211e-12,1.01861211e-12,1.01861211e-12,1.01861211e-12,1.01861211e-12,1.01861211e-12,1.01861211e-12,1.01861211e-12,1.01861211e-12,1.01861211e-12,1.01861211e-12,1.01861211e-12,1.01861211e-12,1.01861211e-12,1.01861211e-12,1.01861211e-12,1.01861211e-12,1.01861211e-12
1.01861211e-12,1.01861211e-12,1.01861211e-12,1.01861211e-12,1.01861211e-12,1.01861211e-12,1.01861211e-12,1.01861211e-12,1.01861211e-12,1.01861211e-12,1.01861211e-12,1.01861211e-12,0,0,0,1.01861211e-12,0,0,0,0,0,0,0,0,0,0,0,0,0,0,0,0,0,0,0,0,0,0,0,0,0,0,0,0,0,0,0,0,0,0,0,0,0,0,0,0,0,0,0,0,0,0,0,0,0,0,1.01861211e-12,1.01861211e-12,1.01861211e-12,1.01861211e-12,1.01861211e-12,1.01861211e-12,1.01861211e-12,1.01861211e-12,1.01861211e-12,1.01861211e-12,1.01861211e-12,1.01861211e-12,1.01861211e-12,1.01861211e-12,1.01861211e-12,1.01861211e-12,1.01861211e-12,1.01861211e-12,1.01861211e-12
1.01861211e-12,1.01861211e-12,1.01861211e-12,1.01861211e-12,1.01861211e-12,1.01861211e-12,1.01861211e-12,1.01861211e-12,1.01861211e-12,1.01861211e-12,1.01861211e-12,0,0,0,0,0,0,0,0,0,0,0,0,0,0,0,0,0,0,0,0,0,0,0,0,0,0,0,0,0,0,0,0,0,0,0,0,0,0,0,0,0,0,0,0,0,0,0,0,0,0,0,0,0,0,0,0,1.01861211e-12,1.01861211e-12,1.01861211e-12,1.01861211e-12,1.01861211e-12,1.01861211e-12,1.01861211e-12,1.01861211e-12,1.01861211e-12,1.01861211e-12,1.01861211e-12,1.01861211e-12,1.01861211e-12,1.01861211e-12,1.01861211e-12,1.01861211e-12,1.01861211e-12,1.01861211e-12
1.01861211e-12,1.01861211e-12,1.01861211e-12,1.01861211e-12,1.01861211e-12,1.01861211e-12,1.01861211e-12,1.01861211e-12,1.01861211e-12,1.01861211e-12,1.01861211e-12,0,0,0,0,0,0,0,0,0,0,0,0,0,0,0,0,0,0,0,0,0,0,0,0,0,0,0,0,0,0,0,0,0,0,0,0,0,0,0,0,0,0,0,0,0,0,0,0,0,0,0,0,0,0,0,0,0,1.01861211e-12,1.01861211e-12,1.01861211e-12,1.01861211e-12,1.01861211e-12,1.01861211e-12,1.01861211e-12,1.01861211e-12,1.01861211e-12,1.01861211e-12,1.01861211e-12,1.01861211e-12,1.01861211e-12,1.01861211e-12,1.01861211e-12,1.01861211e-12,1.01861211e-12
1.01861211e-12,1.01861211e-12,1.01861211e-12,1.01861211e-12,1.01861211e-12,1.01861211e-12,1.01861211e-12,1.01861211e-12,1.01861211e-12,1.01861211e-12,0,0,0,0,0,0,0,0,0,0,0,0,0,0,0,0,0,0,0,0,0,0,0,0,0,0,0,0,0,0,0,0,0,0,0,0,0,0,0,0,0,0,0,0,0,0,0,0,0,0,0,0,0,0,0,0,0,0,1.01861211e-12,1.01861211e-12,1.01861211e-12,1.01861211e-12,1.01861211e-12,1.01861211e-12,1.01861211e-12,1.01861211e-12,1.01861211e-12,1.01861211e-12,1.01861211e-12,1.01861211e-12,1.01861211e-12,1.01861211e-12,1.01861211e-12,1.01861211e-12,1.01861211e-12
1.01861211e-12,1.01861211e-12,1.01861211e-12,1.01861211e-12,1.01861211e-12,1.01861211e-12,1.01861211e-12,1.01861211e-12,1.01861211e-12,1.01861211e-12,0,0,0,0,0,0,0,0,0,0,0,0,0,0,0,0,0,0,0,0,0,0,0,0,0,0,0,0,0,0,0,0,0,0,0,0,0,0,0,0,0,0,0,0,0,0,0,0,0,0,0,0,0,0,0,0,0,0,1.01861211e-12,1.01861211e-12,1.01861211e-12,1.01861211e-12,1.01861211e-12,1.01861211e-12,1.01861211e-12,1.01861211e-12,1.01861211e-12,1.01861211e-12,1.01861211e-12,1.01861211e-12,1.01861211e-12,1.01861211e-12,1.01861211e-12,1.01861211e-12,1.01861211e-12
0,1.01861211e-12,1.01861211e-12,1.01861211e-12,1.01861211e-12,1.01861211e-12,1.01861211e-12,1.01861211e-12,1.01861211e-12,0,0,0,0,0,0,0,0,0,0,0,0,0,0,0,0,0,0,0,0,0,0,0,0,0,0,0,0,0,0,0,0,0,0,0,0,0,0,0,0,0,0,0,0,0,0,0,0,0,0,0,0,0,0,0,0,0,0,0,1.01861211e-12,1.01861211e-12,1.01861211e-12,1.01861211e-12,1.01861211e-12,1.01861211e-12,1.01861211e-12,1.01861211e-12,1.01861211e-12,1.01861211e-12,1.01861211e-12,1.01861211e-12,1.01861211e-12,1.01861211e-12,1.01861211e-12,1.01861211e-12,1.01861211e-12
0,1.01861211e-12,1.01861211e-12,1.01861211e-12,1.01861211e-12,1.01861211e-12,1.01861211e-12,1.01861211e-12,1.01861211e-12,0,0,0,0,0,0,0,0,0,0,0,0,0,0,0,0,0,0,0,0,0,0,0,0,0,0,0,0,0,0,0,0,0,0,0,0,0,0,0,0,0,0,0,0,0,0,0,0,0,0,0,0,0,0,0,0,0,0,0,1.01861211e-12,1.01861211e-12,1.01861211e-12,1.01861211e-12,1.01861211e-12,1.01861211e-12,1.01861211e-12,1.01861211e-12,1.01861211e-12,1.01861211e-12,1.01861211e-12,1.01861211e-12,0,0,0,0,0
0,0,1.01861211e-12,1.01861211e-12,1.01861211e-12,1.01861211e-12,1.01861211e-12,1.01861211e-12,1.01861211e-12,0,0,0,0,0,0,0,0,0,0,0,0,0,0,0,0,0,0,0,0,0,0,0,0,0,0,0,0,0,0,0,0,0,0,0,0,0,0,0,0,0,0,0,0,0,0,0,0,0,0,0,0,0,0,0,0,0,0,0,1.01861211e-12,1.01861211e-12,1.01861211e-12,1.01861211e-12,1.01861211e-12,1.01861211e-12,1.01861211e-12,1.01861211e-12,1.01861211e-12,1.01861211e-12,1.01861211e-12,1.01861211e-12,0,0,0,0,0
0,0,1.01861211e-12,1.01861211e-12,1.01861211e-12,1.01861211e-12,1.01861211e-12,1.01861211e-12,1.01861211e-12,0,0,0,0,0,0,0,0,0,0,0,0,0,0,0,0,0,0,0,0,0,0,0,0,0,0,0,0,0,0,0,0,0,0,0,0,0,0,0,0,0,0,0,0,0,0,0,0,0,0,0,0,0,0,0,0,0,0,0,1.01861211e-12,1.01861211e-12,1.01861211e-12,1.01861211e-12,1.01861211e-12,1.01861211e-12,1.01861211e-12,1.01861211e-12,1.01861211e-12,1.01861211e-12,1.01861211e-12,1.01861211e-12,0,0,0,0,0
0,0,0,1.01861211e-12,1.01861211e-12,1.01861211e-12,1.01861211e-12,1.01861211e-12,1.01861211e-12,0,0,0,0,0,0,0,0,0,0,0,0,0,0,0,0,0,0,0,0,0,0,0,0,0,0,0,0,0,0,0,0,0,0,0,0,0,0,0,0,0,0,0,0,0,0,0,0,0,0,0,0,0,0,0,0,0,0,0,1.01861211e-12,1.01861211e-12,1.01861211e-12,1.01861211e-12,1.01861211e-12,1.01861211e-12,1.01861211e-12,1.01861211e-12,1.01861211e-12,1.01861211e-12,1.01861211e-12,0,0,0,0,0,0
0,0,0,1.01861211e-12,1.01861211e-12,1.01861211e-12,1.01861211e-12,1.01861211e-12,1.01861211e-12,0,0,0,0,0,0,0,0,0,0,0,0,0,0,0,0,0,0,0,0,0,0,0,0,0,0,0,0,0,0,0,0,0,0,0,0,0,0,0,0,0,0,0,0,0,0,0,0,0,0,0,0,0,0,0,0,0,0,0,1.01861211e-12,1.01861211e-12,1.01861211e-12,1.01861211e-12,1.01861211e-12,1.01861211e-12,1.01861211e-12,1.01861211e-12,1.01861211e-12,1.01861211e-12,1.01861211e-12,0,0,0,0,0,0
0,0,0,1.01861211e-12,1.01861211e-12,1.01861211e-12,1.01861211e-12,1.01861211e-12,1.01861211e-12,0,0,0,0,0,0,0,0,0,0,0,0,0,0,0,0,0,0,0,0,0,0,0,0,0,0,0,0,0,0,0,0,0,0,0,0,0,0,0,0,0,0,0,0,0,0,0,0,0,0,0,0,0,0,0,0,0,0,0,1.01861211e-12,1.01861211e-12,1.01861211e-12,1.01861211e-12,1.01861211e-12,1.01861211e-12,1.01861211e-12,1.01861211e-12,1.01861211e-12,1.01861211e-12,1.01861211e-12,0,0,0,0,0,0
0,0,0,0,1.01861211e-12,1.01861211e-12,1.01861211e-12,1.01861211e-12,1.01861211e-12,0,0,0,0,0,0,0,0,0,0,0,0,0,0,0,0,0,0,0,0,0,0,0,0,0,0,0,0,0,0,0,0,0,0,0,0,0,0,0,0,0,0,0,0,0,0,0,0,0,0,0,0,0,0,0,0,0,0,0,1.01861211e-12,1.01861211e-12,1.01861211e-12,1.01861211e-12,1.01861211e-12,1.01861211e-12,1.01861211e-12,1.01861211e-12,1.01861211e-12,1.01861211e-12,1.01861211e-12,0,0,0,0,0,0
0,0,0,0,1.01861211e-12,1.01861211e-12,1.01861211e-12,1.01861211e-12,1.01861211e-12,0,0,0,0,0,0,0,0,0,0,0,0,0,0,0,0,0,0,0,0,0,0,0,0,0,0,0,0,0,0,0,0,0,0,0,0,0,0,0,0,0,0,0,0,0,0,0,0,0,0,0,0,0,0,0,0,0,0,0,1.01861211e-12,1.01861211e-12,1.01861211e-12,1.01861211e-12,1.01861211e-12,1.01861211e-12,1.01861211e-12,1.01861211e-12,1.01861211e-12,1.01861211e-12,0,0,0,0,0,0,0
0,0,0,0,1.01861211e-12,1.01861211e-12,1.01861211e-12,1.01861211e-12,1.01861211e-12,0,0,0,0,0,0,0,0,0,0,0,0,0,0,0,0,0,0,0,0,0,0,0,0,0,0,0,0,0,0,0,0,0,0,0,0,0,0,0,0,0,0,0,0,0,0,0,0,0,0,0,0,0,0,0,0,0,0,0,1.01861211e-12,1.01861211e-12,1.01861211e-12,1.01861211e-12,1.01861211e-12,1.01861211e-12,1.01861211e-12,1.01861211e-12,1.01861211e-12,1.01861211e-12,0,0,0,0,0,0,0
0,0,0,0,0,1.01861211e-12,1.01861211e-12,1.01861211e-12,1.01861211e-12,0,0,0,0,0,0,0,0,0,0,0,0,0,0,0,0,0,0,0,0,0,0,0,0,0,0,0,0,0,0,0,0,0,0,0,0,0,0,0,0,0,0,0,0,0,0,0,0,0,0,0,0,0,0,0,0,0,0,0,1.01861211e-12,1.01861211e-12,1.01861211e-12,1.01861211e-12,1.01861211e-12,1.01861211e-12,1.01861211e-12,1.01861211e-12,1.01861211e-12,0,0,0,0,0,0,0,0
0,0,0,0,0,1.01861211e-12,1.01861211e-12,1.01861211e-12,1.01861211e-12,0,0,0,0,0,0,0,0,0,0,0,0,0,0,0,0,0,0,0,0,0,0,0,0,0,0,0,0,0,0,0,0,0,0,0,0,0,0,0,0,0,0,0,0,0,0,0,0,0,0,0,0,0,0,0,0,0,0,0,1.01861211e-12,1.01861211e-12,1.01861211e-12,1.01861211e-12,1.01861211e-12,1.01861211e-12,1.01861211e-12,1.01861211e-12,1.01861211e-12,0,0,0,0,0,0,0,0
0,0,0,0,0,1.01861211e-12,1.01861211e-12,1.01861211e-12,1.01861211e-12,1.01861211e-12,0,0,0,0,0,0,0,0,0,0,0,0,0,0,0,0,0,0,0,0,0,0,0,0,0,0,0,0,0,0,0,0,0,0,0,0,0,0,0,0,0,0,0,0,0,0,0,0,0,0,0,0,0,0,0,0,0,0,1.01861211e-12,1.01861211e-12,1.01861211e-12,1.01861211e-12,1.01861211e-12,1.01861211e-12,1.01861211e-12,1.01861211e-12,0,0,0,0,0,0,0,0,0
0,0,0,0,1.01861211e-12,1.01861211e-12,1.01861211e-12,1.01861211e-12,1.01861211e-12,1.01861211e-12,1.01861211e-12,0,0,0,0,0,0,0,0,0,0,0,0,0,0,0,0,0,0,0,0,0,0,0,0,0,0,0,0,0,0,0,0,0,0,0,0,0,0,0,0,0,0,0,0,0,0,0,0,0,0,0,0,0,0,0,0,0,1.01861211e-12,1.01861211e-12,1.01861211e-12,1.01861211e-12,1.01861211e-12,1.01861211e-12,0,0,0,0,0,0,0,0,0,0,0
0,0,0,1.01861211e-12,1.01861211e-12,1.01861211e-12,1.01861211e-12,1.01861211e-12,1.01861211e-12,1.01861211e-12,1.01861211e-12,1.01861211e-12,0,0,0,0,0,0,0,0,0,0,0,0,0,0,0,0,0,0,0,0,0,0,0,0,0,0,0,0,0,0,0,0,0,0,0,0,0,0,0,0,0,0,0,0,0,0,0,0,0,0,0,0,0,0,0,0,1.01861211e-12,1.01861211e-12,1.01861211e-12,1.01861211e-12,1.01861211e-12,1.01861211e-12,0,0,0,0,0,0,0,0,0,0,0
0,1.01861211e-12,1.01861211e-12,1.01861211e-12,1.01861211e-12,1.01861211e-12,1.01861211e-12,1.01861211e-12,1.01861211e-12,1.01861211e-12,1.01861211e-12,1.01861211e-12,1.01861211e-12,1.01861211e-12,0,0,0,0,0,0,0,0,0,0,0,0,0,0,0,0,0,0,0,0,0,0,0,0,0,0,0,0,0,0,0,0,0,0,0,0,0,0,0,0,0,0,0,0,0,0,0,0,0,0,0,0,0,0,1.01861211e-12,1.01861211e-12,1.01861211e-12,1.01861211e-12,1.01861211e-12,1.01861211e-12,0,0,0,0,0,0,0,0,0,0,0
0,1.01861211e-12,1.01861211e-12,1.01861211e-12,1.01861211e-12,1.01861211e-12,1.01861211e-12,1.01861211e-12,1.01861211e-12,1.01861211e-12,1.01861211e-12,1.01861211e-12,1.01861211e-12,1.01861211e-12,1.01861211e-12,0,0,0,0,0,0,0,0,0,0,0,0,0,0,0,0,0,0,0,0,0,0,0,0,0,0,0,0,0,0,0,0,0,0,0,0,0,0,0,0,0,0,0,0,0,0,0,0,0,0,0,0,0,0,1.01861211e-12,1.01861211e-12,1.01861211e-12,1.01861211e-12,1.01861211e-12,0,0,0,0,0,0,0,0,0,0,0
1.01861211e-12,1.01861211e-12,1.01861211e-12,1.01861211e-12,1.01861211e-12,1.01861211e-12,1.01861211e-12,1.01861211e-12,1.01861211e-12,1.01861211e-12,1.01861211e-12,1.01861211e-12,1.01861211e-12,1.01861211e-12,1.01861211e-12,1.01861211e-12,0,0,0,0,0,0,0,0,0,0,0,0,0,0,0,0,0,0,0,0,0,0,0,0,0,0,0,0,0,0,0,0,0,0,0,0,0,0,0,0,0,0,0,0,0,0,0,0,0,0,0,0,0,1.01861211e-12,1.01861211e-12,1.01861211e-12,1.01861211e-12,1.01861211e-12,0,0,0,0,0,0,0,0,0,0,0
1.01861211e-12,1.01861211e-12,1.01861211e-12,1.01861211e-12,1.01861211e-12,1.01861211e-12,1.01861211e-12,1.01861211e-12,1.01861211e-12,1.01861211e-12,1.01861211e-12,1.01861211e-12,1.01861211e-12,1.01861211e-12,1.01861211e-12,1.01861211e-12,1.01861211e-12,0,0,0,0,0,0,0,0,0,0,0,0,0,0,0,0,0,0,0,0,0,0,0,0,0,0,0,0,0,0,0,0,0,0,0,0,0,0,0,0,0,0,0,0,0,0,0,0,0,0,0,0,1.01861211e-12,1.01861211e-12,1.01861211e-12,1.01861211e-12,1.01861211e-12,0,0,0,0,0,0,0,0,0,0,0
1.01861211e-12,1.01861211e-12,1.01861211e-12,1.01861211e-12,1.01861211e-12,1.01861211e-12,1.01861211e-12,1.01861211e-12,1.01861211e-12,1.01861211e-12,1.01861211e-12,1.01861211e-12,1.01861211e-12,1.01861211e-12,1.01861211e-12,1.01861211e-12,1.01861211e-12,0,0,0,0,0,0,0,0,0,0,0,0,0,0,0,0,0,0,0,0,0,0,0,0,0,0,0,0,0,0,0,0,0,0,0,0,0,0,0,0,0,0,0,0,0,0,0,0,0,0,0,0,1.01861211e-12,1.01861211e-12,1.01861211e-12,1.01861211e-12,1.01861211e-12,1.01861211e-12,0,0,0,0,0,0,0,0,0,0
1.01861211e-12,1.01861211e-12,1.01861211e-12,1.01861211e-12,1.01861211e-12,1.01861211e-12,1.01861211e-12,1.01861211e-12,1.01861211e-12,1.01861211e-12,1.01861211e-12,1.01861211e-12,1.01861211e-12,1.01861211e-12,1.01861211e-12,1.01861211e-12,1.01861211e-12,1.01861211e-12,0,0,0,0,0,0,0,0,0,0,0,0,0,0,0,0,0,0,0,0,0,0,0,0,0,0,0,0,0,0,0,0,0,0,0,0,0,0,0,0,0,0,0,0,0,0,0,0,0,0,0,1.01861211e-12,1.01861211e-12,1.01861211e-12,1.01861211e-12,1.01861211e-12,1.01861211e-12,0,0,0,0,0,0,0,0,0,0
1.01861211e-12,1.01861211e-12,1.01861211e-12,1.01861211e-12,1.01861211e-12,1.01861211e-12,1.01861211e-12,1.01861211e-12,1.01861211e-12,1.01861211e-12,1.01861211e-12,1.01861211e-12,1.01861211e-12,1.01861211e-12,1.01861211e-12,1.01861211e-12,1.01861211e-12,1.01861211e-12,0,0,0,0,0,0,0,0,0,0,0,0,0,0,0,0,0,0,0,0,0,0,0,0,0,0,0,0,0,0,0,0,0,0,0,0,0,0,0,0,0,0,0,0,0,0,0,0,0,0,0,0,1.01861211e-12,1.01861211e-12,1.01861211e-12,1.01861211e-12,1.01861211e-12,1.01861211e-12,1.01861211e-12,1.01861211e-12,1.01861211e-12,1.01861211e-12,0,0,0,0,0
1.01861211e-12,1.01861211e-12,1.01861211e-12,1.01861211e-12,1.01861211e-12,1.01861211e-12,1.01861211e-12,1.01861211e-12,1.01861211e-12,1.01861211e-12,1.01861211e-12,1.01861211e-12,1.01861211e-12,1.01861211e-12,1.01861211e-12,1.01861211e-12,1.01861211e-12,1.01861211e-12,0,0,0,0,0,0,0,0,0,0,0,0,0,0,0,0,0,0,0,0,0,0,0,0,0,0,0,0,0,0,0,0,0,0,0,0,0,0,0,0,0,0,0,0,0,0,0,0,0,0,0,0,1.01861211e-12,1.01861211e-12,1.01861211e-12,1.01861211e-12,1.01861211e-12,1.01861211e-12,1.01861211e-12,1.01861211e-12,1.01861211e-12,1.01861211e-12,1.01861211e-12,0,0,0,0
1.01861211e-12,1.01861211e-12,1.01861211e-12,1.01861211e-12,1.01861211e-12,1.01861211e-12,1.01861211e-12,1.01861211e-12,1.01861211e-12,1.01861211e-12,1.01861211e-12,1.01861211e-12,1.01861211e-12,1.01861211e-12,1.01861211e-12,1.01861211e-12,1.01861211e-12,1.01861211e-12,1.01861211e-12,0,0,0,0,0,0,0,0,0,0,0,0,0,0,0,0,0,0,0,0,0,0,0,0,0,0,0,0,0,0,0,0,0,0,0,0,0,0,0,0,0,0,0,0,0,0,0,0,0,0,0,1.01861211e-12,1.01861211e-12,1.01861211e-12,1.01861211e-12,1.01861211e-12,1.01861211e-12,1.01861211e-12,1.01861211e-12,1.01861211e-12,1.01861211e-12,1.01861211e-12,0,0,0,0
1.01861211e-12,1.01861211e-12,1.01861211e-12,1.01861211e-12,1.01861211e-12,1.01861211e-12,1.01861211e-12,1.01861211e-12,1.01861211e-12,1.01861211e-12,1.01861211e-12,1.01861211e-12,1.01861211e-12,1.01861211e-12,1.01861211e-12,1.01861211e-12,1.01861211e-12,1.01861211e-12,1.01861211e-12,0,0,0,0,0,0,0,0,0,0,0,0,0,0,0,0,0,0,0,0,0,0,0,0,0,0,0,0,0,0,0,0,0,0,0,0,0,0,0,0,0,0,0,0,0,0,0,0,0,0,0,1.01861211e-12,1.01861211e-12,1.01861211e-12,1.01861211e-12,1.01861211e-12,1.01861211e-12,1.01861211e-12,1.01861211e-12,1.01861211e-12,1.01861211e-12,0,0,0,0,0
1.01861211e-12,1.01861211e-12,1.01861211e-12,1.01861211e-12,1.01861211e-12,1.01861211e-12,1.01861211e-12,1.01861211e-12,1.01861211e-12,1.01861211e-12,1.01861211e-12,1.01861211e-12,1.01861211e-12,1.01861211e-12,1.01861211e-12,1.01861211e-12,1.01861211e-12,1.01861211e-12,1.01861211e-12,0,0,0,0,0,0,0,0,0,0,0,0,0,0,0,0,0,0,0,0,0,0,0,0,0,0,0,0,0,0,0,0,0,0,0,0,0,0,0,0,0,0,0,0,0,0,0,0,0,0,0,1.01861211e-12,1.01861211e-12,1.01861211e-12,1.01861211e-12,1.01861211e-12,1.01861211e-12,1.01861211e-12,1.01861211e-12,1.01861211e-12,1.01861211e-12,0,0,0,0,0
1.01861211e-12,1.01861211e-12,1.01861211e-12,1.01861211e-12,1.01861211e-12,1.01861211e-12,1.01861211e-12,1.01861211e-12,1.01861211e-12,1.01861211e-12,1.01861211e-12,1.01861211e-12,1.01861211e-12,1.01861211e-12,1.01861211e-12,1.01861211e-12,1.01861211e-12,1.01861211e-12,1.01861211e-12,0,0,0,0,0,0,0,0,0,0,0,0,0,0,0,0,0,0,0,0,0,0,0,0,0,0,0,0,0,0,0,0,0,0,0,0,0,0,0,0,0,0,0,0,0,0,0,0,0,0,0,1.01861211e-12,1.01861211e-12,1.01861211e-12,1.01861211e-12,1.01861211e-12,1.01861211e-12,1.01861211e-12,1.01861211e-12,0,0,0,0,0,0,0
1.01861211e-12,1.01861211e-12,1.01861211e-12,1.01861211e-12,1.01861211e-12,1.01861211e-12,1.01861211e-12,1.01861211e-12,1.01861211e-12,1.01861211e-12,1.01861211e-12,1.01861211e-12,1.01861211e-12,1.01861211e-12,1.01861211e-12,1.01861211e-12,1.01861211e-12,1.01861211e-12,1.01861211e-12,1.01861211e-12,0,0,0,0,0,0,0,0,0,0,0,0,0,0,0,0,0,0,0,0,0,0,0,0,0,0,0,0,0,0,0,0,0,0,0,0,0,0,0,0,0,0,0,0,0,0,0,0,0,0,0,1.01861211e-12,1.01861211e-12,1.01861211e-12,1.01861211e-12,1.01861211e-12,1.01861211e-12,1.01861211e-12,0,0,0,0,0,0,0
1.01861211e-12,1.01861211e-12,1.01861211e-12,1.01861211e-12,1.01861211e-12,1.01861211e-12,1.01861211e-12,1.01861211e-12,1.01861211e-12,1.01861211e-12,1.01861211e-12,1.01861211e-12,1.01861211e-12,1.01861211e-12,1.01861211e-12,1.01861211e-12,1.01861211e-12,1.01861211e-12,1.01861211e-12,1.01861211e-12,0,0,0,0,0,0,0,0,0,0,0,0,0,0,0,0,0,0,0,0,0,0,0,0,0,0,0,0,0,0,0,0,0,0,0,0,0,0,0,0,0,0,0,0,0,0,0,0,0,0,0,1.01861211e-12,1.01861211e-12,1.01861211e-12,1.01861211e-12,1.01861211e-12,1.01861211e-12,0,0,0,0,0,0,0,0
1.01861211e-12,1.01861211e-12,1.01861211e-12,1.01861211e-12,1.01861211e-12,1.01861211e-12,1.01861211e-12,1.01861211e-12,1.01861211e-12,1.01861211e-12,1.01861211e-12,1.01861211e-12,1.01861211e-12,1.01861211e-12,1.01861211e-12,1.01861211e-12,1.01861211e-12,1.01861211e-12,1.01861211e-12,1.01861211e-12,0,0,0,0,0,0,0,0,0,0,0,0,0,0,0,0,0,0,0,0,0,0,0,0,0,0,0,0,0,0,0,0,0,0,0,0,0,0,0,0,0,0,0,0,0,0,0,0,0,0,0,1.01861211e-12,1.01861211e-12,1.01861211e-12,1.01861211e-12,1.01861211e-12,1.01861211e-12,0,0,0,0,0,0,0,0
1.01861211e-12,1.01861211e-12,1.01861211e-12,1.01861211e-12,1.01861211e-12,1.01861211e-12,1.01861211e-12,1.01861211e-12,1.01861211e-12,1.01861211e-12,1.01861211e-12,1.01861211e-12,1.01861211e-12,1.01861211e-12,1.01861211e-12,1.01861211e-12,1.01861211e-12,1.01861211e-12,1.01861211e-12,1.01861211e-12,1.01861211e-12,0,0,0,0,0,0,0,0,0,0,0,0,0,0,0,0,0,0,0,0,0,0,0,0,0,0,0,0,0,0,0,0,0,0,0,0,0,0,0,0,0,0,0,0,0,0,0,0,0,0,0,1.01861211e-12,1.01861211e-12,1.01861211e-12,1.01861211e-12,0,0,0,0,0,0,0,0,0
1.01861211e-12,1.01861211e-12,1.01861211e-12,1.01861211e-12,1.01861211e-12,1.01861211e-12,1.01861211e-12,1.01861211e-12,1.01861211e-12,1.01861211e-12,1.01861211e-12,1.01861211e-12,1.01861211e-12,1.01861211e-12,1.01861211e-12,1.01861211e-12,1.01861211e-12,1.01861211e-12,1.01861211e-12,1.01861211e-12,1.01861211e-12,0,0,0,0,0,0,0,0,0,0,0,0,0,0,0,0,0,0,0,0,0,0,0,0,0,0,0,0,0,0,0,0,0,0,0,0,0,0,0,0,0,0,0,0,0,0,0,0,0,0,0,1.01861211e-12,1.01861211e-12,1.01861211e-12,1.01861211e-12,0,0,0,0,0,0,0,0,0
1.01861211e-12,1.01861211e-12,1.01861211e-12,1.01861211e-12,1.01861211e-12,1.01861211e-12,1.01861211e-12,1.01861211e-12,1.01861211e-12,1.01861211e-12,1.01861211e-12,1.01861211e-12,1.01861211e-12,1.01861211e-12,1.01861211e-12,1.01861211e-12,1.01861211e-12,1.01861211e-12,1.01861211e-12,1.01861211e-12,1.01861211e-12,0,0,0,0,0,0,0,0,0,0,0,0,0,0,0,0,0,0,0,0,0,0,0,0,0,0,0,0,0,0,0,0,0,0,0,0,0,0,0,0,0,0,0,0,0,0,0,0,0,0,0,1.01861211e-12,1.01861211e-12,1.01861211e-12,1.01861211e-12,0,0,0,0,0,0,0,0,0
1.01861211e-12,1.01861211e-12,1.01861211e-12,1.01861211e-12,1.01861211e-12,1.01861211e-12,1.01861211e-12,1.01861211e-12,1.01861211e-12,1.01861211e-12,1.01861211e-12,1.01861211e-12,1.01861211e-12,1.01861211e-12,1.01861211e-12,1.01861211e-12,1.01861211e-12,1.01861211e-12,1.01861211e-12,1.01861211e-12,1.01861211e-12,0,0,0,0,0,0,0,0,0,0,0,0,0,0,0,0,0,0,0,0,0,0,0,0,0,0,0,0,0,0,0,0,0,0,0,0,0,0,0,0,0,0,0,0,0,0,0,0,0,0,0,0,1.01861211e-12,1.01861211e-12,1.01861211e-12,1.01861211e-12,0,0,0,0,0,0,0,0
1.01861211e-12,1.01861211e-12,1.01861211e-12,1.01861211e-12,1.01861211e-12,1.01861211e-12,1.01861211e-12,1.01861211e-12,1.01861211e-12,1.01861211e-12,1.01861211e-12,1.01861211e-12,1.01861211e-12,1.01861211e-12,1.01861211e-12,1.01861211e-12,1.01861211e-12,1.01861211e-12,1.01861211e-12,1.01861211e-12,1.01861211e-12,0,0,0,0,0,0,0,0,0,0,0,0,0,0,0,0,0,0,0,0,0,0,0,0,0,0,0,0,0,0,0,0,0,0,0,0,0,0,0,0,0,0,0,0,0,0,0,0,0,0,0,0,1.01861211e-12,1.01861211e-12,1.01861211e-12,1.01861211e-12,0,0,0,0,0,0,0,0
1.01861211e-12,1.01861211e-12,1.01861211e-12,1.01861211e-12,1.01861211e-12,1.01861211e-12,1.01861211e-12,1.01861211e-12,1.01861211e-12,1.01861211e-12,1.01861211e-12,1.01861211e-12,1.01861211e-12,1.01861211e-12,1.01861211e-12,1.01861211e-12,1.01861211e-12,1.01861211e-12,1.01861211e-12,1.01861211e-12,1.01861211e-12,0,0,0,0,0,0,0,0,0,0,0,0,0,0,0,0,0,0,0,0,0,0,0,0,0,0,0,0,0,0,0,0,0,0,0,0,0,0,0,0,0,0,0,0,0,0,0,0,0,0,0,0,0,1.01861211e-12,1.01861211e-12,1.01861211e-12,0,0,0,0,0,0,0,0
1.01861211e-12,1.01861211e-12,1.01861211e-12,1.01861211e-12,1.01861211e-12,1.01861211e-12,1.01861211e-12,1.01861211e-12,1.01861211e-12,1.01861211e-12,1.01861211e-12,1.01861211e-12,1.01861211e-12,1.01861211e-12,1.01861211e-12,1.01861211e-12,1.01861211e-12,1.01861211e-12,1.01861211e-12,1.01861211e-12,1.01861211e-12,0,0,0,0,0,0,0,0,0,0,0,0,0,0,0,0,0,0,0,0,0,0,0,0,0,0,0,0,0,0,0,0,0,0,0,0,0,0,0,0,0,0,0,0,0,0,0,0,0,0,0,0,0,1.01861211e-12,1.01861211e-12,1.01861211e-12,1.01861211e-12,0,0,0,0,0,0,0
1.01861211e-12,1.01861211e-12,1.01861211e-12,1.01861211e-12,1.01861211e-12,1.01861211e-12,1.01861211e-12,1.01861211e-12,1.01861211e-12,1.01861211e-12,1.01861211e-12,1.01861211e-12,1.01861211e-12,1.01861211e-12,1.01861211e-12,1.01861211e-12,1.01861211e-12,1.01861211e-12,1.01861211e-12,1.01861211e-12,1.01861211e-12,0,0,0,0,0,0,0,0,0,0,0,0,0,0,0,0,0,0,0,0,0,0,0,0,0,0,0,0,0,0,0,0,0,0,0,0,0,0,0,0,0,0,0,0,0,0,0,0,0,0,0,0,0,0,1.01861211e-12,1.01861211e-12,1.01861211e-12,0,0,0,0,0,0,0
1.01861211e-12,1.01861211e-12,1.01861211e-12,1.01861211e-12,1.01861211e-12,1.01861211e-12,1.01861211e-12,1.01861211e-12,1.01861211e-12,1.01861211e-12,1.01861211e-12,1.01861211e-12,1.01861211e-12,1.01861211e-12,1.01861211e-12,1.01861211e-12,1.01861211e-12,1.01861211e-12,1.01861211e-12,1.01861211e-12,1.01861211e-12,0,0,0,0,0,0,0,0,0,0,0,0,0,0,0,0,0,0,0,0,0,0,0,0,0,0,0,0,0,0,0,0,0,0,0,0,0,0,0,0,0,0,0,0,0,0,0,0,0,0,0,0,0,0,0,1.01861211e-12,1.01861211e-12,0,0,0,0,0,0,0
1.01861211e-12,1.01861211e-12,1.01861211e-12,1.01861211e-12,1.01861211e-12,1.01861211e-12,1.01861211e-12,1.01861211e-12,1.01861211e-12,1.01861211e-12,1.01861211e-12,1.01861211e-12,1.01861211e-12,1.01861211e-12,1.01861211e-12,1.01861211e-12,1.01861211e-12,1.01861211e-12,1.01861211e-12,1.01861211e-12,1.01861211e-12,0,0,0,0,0,0,0,0,0,0,0,0,0,0,0,0,0,0,0,0,0,0,0,0,0,0,0,0,0,0,0,0,0,0,0,0,0,0,0,0,0,0,0,0,0,0,0,0,0,0,0,0,0,0,0,0,1.01861211e-12,0,0,0,0,0,0,0
1.01861211e-12,1.01861211e-12,1.01861211e-12,1.01861211e-12,1.01861211e-12,1.01861211e-12,1.01861211e-12,1.01861211e-12,1.01861211e-12,1.01861211e-12,1.01861211e-12,1.01861211e-12,1.01861211e-12,1.01861211e-12,1.01861211e-12,1.01861211e-12,1.01861211e-12,1.01861211e-12,1.01861211e-12,1.01861211e-12,1.01861211e-12,0,0,0,0,0,0,0,0,0,0,0,0,0,0,0,0,0,0,0,0,0,0,0,0,0,0,0,0,0,0,0,0,0,0,0,0,0,0,0,0,0,0,0,0,0,0,0,0,0,0,0,0,0,0,0,0,0,1.01861211e-12,0,0,0,0,0,0
1.01861211e-12,1.01861211e-12,1.01861211e-12,1.01861211e-12,1.01861211e-12,1.01861211e-12,1.01861211e-12,1.01861211e-12,1.01861211e-12,1.01861211e-12,1.01861211e-12,1.01861211e-12,1.01861211e-12,1.01861211e-12,1.01861211e-12,1.01861211e-12,1.01861211e-12,1.01861211e-12,1.01861211e-12,1.01861211e-12,1.01861211e-12,0,0,0,0,0,0,0,0,0,0,0,0,0,0,0,0,0,0,0,0,0,0,0,0,0,0,0,0,0,0,0,0,0,0,0,0,0,0,0,0,0,0,0,0,0,0,0,0,0,0,0,0,0,0,0,0,0,0,0,0,0,0,0,0
1.01861211e-12,1.01861211e-12,1.01861211e-12,1.01861211e-12,1.01861211e-12,1.01861211e-12,1.01861211e-12,1.01861211e-12,1.01861211e-12,1.01861211e-12,1.01861211e-12,1.01861211e-12,1.01861211e-12,1.01861211e-12,1.01861211e-12,1.01861211e-12,1.01861211e-12,1.01861211e-12,1.01861211e-12,1.01861211e-12,1.01861211e-12,0,0,0,0,0,0,0,0,0,0,0,0,0,0,0,0,0,0,0,0,0,0,0,0,0,0,0,0,0,0,0,0,0,0,0,0,0,0,0,0,0,0,0,0,0,0,0,0,0,0,0,0,0,0,0,0,0,0,0,0,0,0,0,0
1.01861211e-12,1.01861211e-12,1.01861211e-12,1.01861211e-12,1.01861211e-12,1.01861211e-12,1.01861211e-12,1.01861211e-12,1.01861211e-12,1.01861211e-12,1.01861211e-12,1.01861211e-12,1.01861211e-12,1.01861211e-12,1.01861211e-12,1.01861211e-12,1.01861211e-12,1.01861211e-12,1.01861211e-12,1.01861211e-12,1.01861211e-12,1.01861211e-12,0,0,0,0,0,0,0,0,0,0,0,0,0,0,0,0,0,0,0,0,0,0,0,0,0,0,0,0,0,0,0,0,0,0,0,0,0,0,0,0,0,0,0,0,0,0,0,0,0,0,0,0,0,0,0,0,0,0,0,0,0,0,0
1.01861211e-12,1.01861211e-12,1.01861211e-12,1.01861211e-12,1.01861211e-12,1.01861211e-12,1.01861211e-12,1.01861211e-12,1.01861211e-12,1.01861211e-12,1.01861211e-12,1.01861211e-12,1.01861211e-12,1.01861211e-12,1.01861211e-12,1.01861211e-12,1.01861211e-12,1.01861211e-12,1.01861211e-12,1.01861211e-12,1.01861211e-12,1.01861211e-12,0,0,0,0,0,0,0,0,0,0,0,0,0,0,0,0,0,0,0,0,0,0,0,0,0,0,0,0,0,0,0,0,0,0,0,0,0,0,0,0,0,0,0,0,0,0,0,0,0,0,0,0,0,0,0,0,0,0,0,0,1.01861211e-12,1.01861211e-12,0
1.01861211e-12,1.01861211e-12,1.01861211e-12,1.01861211e-12,1.01861211e-12,1.01861211e-12,1.01861211e-12,1.01861211e-12,1.01861211e-12,1.01861211e-12,1.01861211e-12,1.01861211e-12,1.01861211e-12,1.01861211e-12,1.01861211e-12,1.01861211e-12,1.01861211e-12,1.01861211e-12,1.01861211e-12,1.01861211e-12,1.01861211e-12,1.01861211e-12,0,0,0,0,0,0,0,0,0,0,0,0,0,0,0,0,0,0,0,0,0,0,0,0,0,0,0,0,0,0,0,0,0,0,0,0,0,0,0,0,0,0,0,0,0,0,0,0,0,0,0,0,0,0,0,0,0,0,0,0,0,1.01861211e-12,1.01861211e-12
1.01861211e-12,1.01861211e-12,1.01861211e-12,1.01861211e-12,1.01861211e-12,1.01861211e-12,1.01861211e-12,1.01861211e-12,1.01861211e-12,1.01861211e-12,1.01861211e-12,1.01861211e-12,1.01861211e-12,1.01861211e-12,1.01861211e-12,1.01861211e-12,1.01861211e-12,1.01861211e-12,1.01861211e-12,1.01861211e-12,1.01861211e-12,1.01861211e-12,0,0,0,0,0,0,0,0,0,0,0,0,0,0,0,0,0,0,0,0,0,0,0,0,0,0,0,0,0,0,0,0,0,0,0,0,0,0,0,0,0,0,0,0,0,0,0,0,0,0,0,0,0,0,0,0,0,0,0,0,0,0,1.01861211e-12
1.01861211e-12,1.01861211e-12,1.01861211e-12,1.01861211e-12,1.01861211e-12,1.01861211e-12,1.01861211e-12,1.01861211e-12,1.01861211e-12,1.01861211e-12,1.01861211e-12,1.01861211e-12,1.01861211e-12,1.01861211e-12,1.01861211e-12,1.01861211e-12,1.01861211e-12,1.01861211e-12,1.01861211e-12,1.01861211e-12,1.01861211e-12,1.01861211e-12,0,0,0,0,0,0,0,0,0,0,0,0,0,0,0,0,0,0,0,0,0,0,0,0,0,0,0,0,0,0,0,0,0,0,0,0,0,0,0,0,0,0,0,0,0,0,0,0,0,0,0,0,0,0,0,0,0,0,0,0,0,0,0
1.01861211e-12,1.01861211e-12,1.01861211e-12,1.01861211e-12,1.01861211e-12,1.01861211e-12,1.01861211e-12,1.01861211e-12,1.01861211e-12,1.01861211e-12,1.01861211e-12,1.01861211e-12,1.01861211e-12,1.01861211e-12,1.01861211e-12,1.01861211e-12,1.01861211e-12,1.01861211e-12,1.01861211e-12,1.01861211e-12,1.01861211e-12,1.01861211e-12,1.01861211e-12,0,0,0,0,0,0,0,0,0,0,0,0,0,0,0,0,0,0,0,0,0,0,0,0,0,0,0,0,0,0,0,0,0,0,0,0,0,0,0,0,0,0,0,0,0,0,0,0,0,0,0,0,0,0,0,0,0,0,0,0,0,0
1.01861211e-12,1.01861211e-12,1.01861211e-12,1.01861211e-12,1.01861211e-12,1.01861211e-12,1.01861211e-12,1.01861211e-12,1.01861211e-12,1.01861211e-12,1.01861211e-12,1.01861211e-12,1.01861211e-12,1.01861211e-12,1.01861211e-12,1.01861211e-12,1.01861211e-12,1.01861211e-12,1.01861211e-12,1.01861211e-12,1.01861211e-12,1.01861211e-12,1.01861211e-12,1.01861211e-12,0,0,0,0,0,0,0,0,0,0,0,0,0,0,0,0,0,0,0,0,0,0,0,0,0,0,0,0,0,0,0,0,0,0,0,0,0,0,0,0,0,0,0,0,0,0,0,0,0,0,0,0,0,0,0,0,0,0,0,0,0
1.01861211e-12,1.01861211e-12,1.01861211e-12,1.01861211e-12,1.01861211e-12,1.01861211e-12,1.01861211e-12,1.01861211e-12,1.01861211e-12,1.01861211e-12,1.01861211e-12,1.01861211e-12,1.01861211e-12,1.01861211e-12,1.01861211e-12,1.01861211e-12,1.01861211e-12,1.01861211e-12,1.01861211e-12,1.01861211e-12,1.01861211e-12,1.01861211e-12,1.01861211e-12,1.01861211e-12,1.01861211e-12,1.01861211e-12,0,0,0,0,0,0,0,0,0,0,0,0,0,0,0,0,0,0,0,0,0,0,0,0,0,0,0,0,0,0,0,0,0,0,0,0,0,0,0,0,0,0,0,0,0,0,0,0,0,0,0,0,0,0,0,0,0,0,0
1.01861211e-12,1.01861211e-12,1.01861211e-12,1.01861211e-12,1.01861211e-12,1.01861211e-12,1.01861211e-12,1.01861211e-12,1.01861211e-12,1.01861211e-12,1.01861211e-12,1.01861211e-12,1.01861211e-12,1.01861211e-12,1.01861211e-12,1.01861211e-12,1.01861211e-12,1.01861211e-12,1.01861211e-12,1.01861211e-12,1.01861211e-12,1.01861211e-12,1.01861211e-12,1.01861211e-12,1.01861211e-12,1.01861211e-12,1.01861211e-12,1.01861211e-12,0,0,0,0,0,0,0,0,0,0,0,0,0,0,0,0,0,0,0,0,0,0,0,0,0,0,0,0,0,0,0,0,0,0,0,0,0,0,0,0,0,0,0,0,0,0,0,0,0,0,0,0,0,0,0,1.01861211e-12,0
1.01861211e-12,1.01861211e-12,1.01861211e-12,1.01861211e-12,1.01861211e-12,1.01861211e-12,1.01861211e-12,1.01861211e-12,1.01861211e-12,1.01861211e-12,1.01861211e-12,1.01861211e-12,1.01861211e-12,1.01861211e-12,1.01861211e-12,1.01861211e-12,1.01861211e-12,1.01861211e-12,1.01861211e-12,1.01861211e-12,1.01861211e-12,1.01861211e-12,1.01861211e-12,1.01861211e-12,1.01861211e-12,1.01861211e-12,1.01861211e-12,1.01861211e-12,1.01861211e-12,0,0,0,0,0,0,0,0,0,0,0,0,0,0,0,0,0,0,0,0,0,0,0,0,0,0,0,0,0,0,0,0,0,0,0,0,0,0,0,0,0,0,0,0,0,0,0,0,0,0,0,0,0,0,0,0
4.96442766e-11,4.96442766e-11,4.96442766e-11,4.96442766e-11,4.96442766e-11,4.96442766e-11,4.96442766e-11,4.96442766e-11,4.96442766e-11,4.96442766e-11,4.96442766e-11,4.96442766e-11,4.96442766e-11,4.96442766e-11,4.96442766e-11,4.96442766e-11,4.96442766e-11,4.96442766e-11,4.96442766e-11,4.96442766e-11,4.96442766e-11,4.96442766e-11,4.96442766e-11,4.96442766e-11,4.96442766e-11,4.96442766e-11,4.96442766e-11,4.96442766e-11,4.96442766e-11,4.96442766e-11,0,0,0,0,0,0,0,0,0,0,0,0,0,0,0,0,0,0,0,0,0,0,0,0,0,0,0,0,0,0,0,0,0,0,0,0,0,0,0,0,0,0,0,0,0,0,0,0,0,0,0,0,0,0,0
8.07414559e-11,8.07414559e-11,8.07414559e-11,8.07414559e-11,8.07414559e-11,8.07414559e-11,8.07414559e-11,8.07414559e-11,8.07414559e-11,8.07414559e-11,8.07414559e-11,8.07414559e-11,8.07414559e-11,8.07414559e-11,8.07414559e-11,8.07414559e-11,8.07414559e-11,8.07414559e-11,8.07414559e-11,8.07414559e-11,8.07414559e-11,8.07414559e-11,8.07414559e-11,8.07414559e-11,8.07414559e-11,8.07414559e-11,8.07414559e-11,8.07414559e-11,8.07414559e-11,8.07414559e-11,0,0,0,0,0,0,0,0,0,0,0,0,0,0,0,0,0,0,0,0,0,0,0,0,0,0,0,0,0,0,0,0,0,0,0,0,0,0,0,0,0,0,0,0,0,0,0,0,0,0,0,0,0,0,0
8.07414559e-11,8.07414559e-11,8.07414559e-11,8.07414559e-11,8.07414559e-11,8.07414559e-11,8.07414559e-11,8.07414559e-11,8.07414559e-11,8.07414559e-11,8.07414559e-11,8.07414559e-11,8.07414559e-11,8.07414559e-11,8.07414559e-11,8.07414559e-11,8.07414559e-11,8.07414559e-11,8.07414559e-11,8.07414559e-11,8.07414559e-11,8.07414559e-11,8.07414559e-11,8.07414559e-11,8.07414559e-11,8.07414559e-11,8.07414559e-11,8.07414559e-11,8.07414559e-11,8.07414559e-11,8.07414559e-11,0,0,0,0,0,0,0,0,0,0,0,0,0,0,0,0,0,0,0,0,0,0,0,0,0,0,0,0,0,0,0,0,0,0,0,0,0,0,0,0,0,0,0,0,0,0,0,0,0,0,0,0,0,0
2.43074054e-10,2.43074054e-10,2.43074054e-10,2.43074054e-10,2.43074054e-10,2.43074054e-10,2.43074054e-10,2.43074054e-10,2.43074054e-10,2.43074054e-10,2.43074054e-10,2.43074054e-10,2.43074054e-10,2.43074054e-10,2.43074054e-10,2.43074054e-10,2.43074054e-10,2.43074054e-10,2.43074054e-10,2.43074054e-10,2.43074054e-10,2.43074054e-10,2.43074054e-10,2.43074054e-10,2.43074054e-10,2.43074054e-10,2.43074054e-10,2.43074054e-10,2.43074054e-10,2.43074054e-10,2.43074054e-10,0,0,0,0,0,0,0,0,0,0,0,0,0,0,0,0,0,0,0,0,0,0,0,0,0,0,0,0,0,0,0,0,0,0,0,0,0,0,0,0,0,0,0,0,0,0,0,0,0,0,0,0,0,0
2.43074054e-10,2.43074054e-10,2.43074054e-10,2.43074054e-10,2.43074054e-10,2.43074054e-10,2.43074054e-10,2.43074054e-10,2.43074054e-10,2.43074054e-10,2.43074054e-10,2.43074054e-10,2.43074054e-10,2.43074054e-10,2.43074054e-10,2.43074054e-10,2.43074054e-10,2.43074054e-10,2.43074054e-10,2.43074054e-10,2.43074054e-10,2.43074054e-10,2.43074054e-10,2.43074054e-10,2.43074054e-10,2.43074054e-10,2.43074054e-10,2.43074054e-10,2.43074054e-10,2.43074054e-10,2.43074054e-10,0,0,0,0,0,0,0,0,0,0,0,0,0,0,0,0,0,0,0,0,0,0,0,0,0,0,0,0,0,0,0,0,0,0,0,0,0,0,0,0,0,0,0,0,0,0,0,0,0,0,0,0,0,0
2.43074054e-10,2.43074054e-10,2.43074054e-10,2.43074054e-10,2.43074054e-10,2.43074054e-10,2.43074054e-10,2.43074054e-10,2.43074054e-10,2.43074054e-10,2.43074054e-10,2.43074054e-10,2.43074054e-10,2.43074054e-10,2.43074054e-10,2.43074054e-10,2.43074054e-10,2.43074054e-10,2.43074054e-10,2.43074054e-10,2.43074054e-10,2.43074054e-10,2.43074054e-10,2.43074054e-10,2.43074054e-10,2.43074054e-10,2.43074054e-10,2.43074054e-10,2.43074054e-10,2.43074054e-10,0,0,0,0,0,0,0,0,0,0,0,0,0,0,0,0,0,0,0,0,0,0,0,0,0,0,0,0,0,0,0,0,0,0,0,0,0,0,0,0,0,0,0,0,0,0,0,0,0,0,0,0,0,0,0
2.43074054e-10,2.43074054e-10,2.43074054e-10,2.43074054e-10,2.43074054e-10,2.43074054e-10,2.43074054e-10,2.43074054e-10,2.43074054e-10,2.43074054e-10,2.43074054e-10,2.43074054e-10,2.43074054e-10,2.43074054e-10,2.43074054e-10,2.43074054e-10,2.43074054e-10,2.43074054e-10,2.43074054e-10,2.43074054e-10,2.43074054e-10,2.43074054e-10,2.43074054e-10,2.43074054e-10,2.43074054e-10,2.43074054e-10,2.43074054e-10,2.43074054e-10,2.43074054e-10,2.43074054e-10,0,0,0,0,0,0,0,0,0,0,0,0,0,0,0,0,0,0,0,0,0,0,0,0,0,0,0,0,0,0,0,0,0,0,0,0,0,0,0,0,0,0,0,0,0,0,0,0,0,0,0,0,0,0,0
2.43074054e-10,2.43074054e-10,2.43074054e-10,2.43074054e-10,2.43074054e-10,2.43074054e-10,2.43074054e-10,2.43074054e-10,2.43074054e-10,2.43074054e-10,2.43074054e-10,2.43074054e-10,2.43074054e-10,2.43074054e-10,2.43074054e-10,2.43074054e-10,2.43074054e-10,2.43074054e-10,2.43074054e-10,2.43074054e-10,2.43074054e-10,2.43074054e-10,2.43074054e-10,2.43074054e-10,2.43074054e-10,2.43074054e-10,2.43074054e-10,2.43074054e-10,2.43074054e-10,2.43074054e-10,0,0,0,0,0,0,0,0,0,0,0,0,0,0,0,0,0,0,0,0,0,0,0,0,0,0,0,0,0,0,0,0,0,0,0,0,0,0,0,0,0,0,0,0,0,0,0,0,0,0,0,0,0,0,0
2.43074054e-10,2.43074054e-10,2.43074054e-10,2.43074054e-10,2.43074054e-10,2.43074054e-10,2.43074054e-10,2.43074054e-10,2.43074054e-10,2.43074054e-10,2.43074054e-10,2.43074054e-10,2.43074054e-10,2.43074054e-10,2.43074054e-10,2.43074054e-10,2.43074054e-10,2.43074054e-10,2.43074054e-10,2.43074054e-10,2.43074054e-10,2.43074054e-10,2.43074054e-10,2.43074054e-10,2.43074054e-10,2.43074054e-10,2.43074054e-10,2.43074054e-10,2.43074054e-10,0,0,0,0,0,0,0,0,0,0,0,0,0,0,0,0,0,0,0,0,0,0,0,0,0,0,0,0,0,0,0,0,0,0,0,0,0,0,0,0,0,0,0,0,0,0,0,0,0,0,0,0,0,0,0,0
2.43074054e-10,2.43074054e-10,2.43074054e-10,2.43074054e-10,2.43074054e-10,2.43074054e-10,2.43074054e-10,2.43074054e-10,2.43074054e-10,2.43074054e-10,2.43074054e-10,2.43074054e-10,2.43074054e-10,2.43074054e-10,2.43074054e-10,2.43074054e-10,2.43074054e-10,2.43074054e-10,2.43074054e-10,2.43074054e-10,2.43074054e-10,2.43074054e-10,2.43074054e-10,2.43074054e-10,2.43074054e-10,2.43074054e-10,2.43074054e-10,2.43074054e-10,2.43074054e-10,0,0,0,0,0,0,0,0,0,0,0,0,0,0,0,0,0,0,0,0,0,0,0,0,0,0,0,0,0,0,0,0,0,0,0,0,0,0,0,0,0,0,0,0,0,0,0,0,0,0,0,0,0,0,0,0
2.43074054e-10,2.43074054e-10,2.43074054e-10,2.43074054e-10,2.43074054e-10,2.43074054e-10,2.43074054e-10,2.43074054e-10,2.43074054e-10,2.43074054e-10,2.43074054e-10,2.43074054e-10,2.43074054e-10,2.43074054e-10,2.43074054e-10,2.43074054e-10,2.43074054e-10,2.43074054e-10,2.43074054e-10,2.43074054e-10,2.43074054e-10,2.43074054e-10,2.43074054e-10,2.43074054e-10,2.43074054e-10,2.43074054e-10,2.43074054e-10,2.43074054e-10,2.43074054e-10,0,0,0,0,0,0,0,0,0,0,0,0,0,0,0,0,0,0,0,0,0,0,0,0,0,0,0,0,0,0,0,0,0,0,0,0,0,0,0,0,0,0,0,0,0,0,0,0,0,0,0,0,0,0,0,0
2.43074054e-10,2.43074054e-10,2.43074054e-10,2.43074054e-10,2.43074054e-10,2.43074054e-10,2.43074054e-10,2.43074054e-10,2.43074054e-10,2.43074054e-10,2.43074054e-10,2.43074054e-10,2.43074054e-10,2.43074054e-10,2.43074054e-10,2.43074054e-10,2.43074054e-10,2.43074054e-10,2.43074054e-10,2.43074054e-10,2.43074054e-10,2.43074054e-10,2.43074054e-10,2.43074054e-10,2.43074054e-10,2.43074054e-10,2.43074054e-10,2.43074054e-10,2.43074054e-10,0,0,0,0,0,0,0,0,0,0,0,0,0,0,0,0,0,0,0,0,0,0,0,0,0,0,0,0,0,0,0,0,0,0,0,0,0,0,0,0,0,0,0,0,0,0,0,0,0,0,0,0,0,0,0,0
2.43074054e-10,2.43074054e-10,2.43074054e-10,2.43074054e-10,2.43074054e-10,2.43074054e-10,2.43074054e-10,2.43074054e-10,2.43074054e-10,2.43074054e-10,2.43074054e-10,2.43074054e-10,2.43074054e-10,2.43074054e-10,2.43074054e-10,2.43074054e-10,2.43074054e-10,2.43074054e-10,2.43074054e-10,2.43074054e-10,2.43074054e-10,2.43074054e-10,2.43074054e-10,2.43074054e-10,2.43074054e-10,2.43074054e-10,2.43074054e-10,2.43074054e-10,2.43074054e-10,0,0,0,0,0,0,0,0,0,0,0,0,0,0,0,0,0,0,0,0,0,0,0,0,0,0,0,0,0,0,0,0,0,0,0,0,0,0,0,0,0,0,0,0,0,0,0,0,0,0,0,0,0,0,0,0
2.43074054e-10,2.43074054e-10,2.43074054e-10,2.43074054e-10,2.43074054e-10,2.43074054e-10,2.43074054e-10,2.43074054e-10,2.43074054e-10,2.43074054e-10,2.43074054e-10,2.43074054e-10,2.43074054e-10,2.43074054e-10,2.43074054e-10,2.43074054e-10,2.43074054e-10,2.43074054e-10,2.43074054e-10,2.43074054e-10,2.43074054e-10,2.43074054e-10,2.43074054e-10,2.43074054e-10,2.43074054e-10,2.43074054e-10,2.43074054e-10,2.43074054e-10,2.43074054e-10,0,0,0,0,0,0,0,0,0,0,0,0,0,0,0,0,0,0,0,0,0,0,0,0,0,0,0,0,0,0,0,0,0,0,0,0,0,0,0,0,0,0,0,0,0,0,0,0,7.29372e-08,1.79683e-07,2.248737e-07,0,0,0,0,0
2.43074054e-10,2.43074054e-10,2.43074054e-10,2.43074054e-10,2.43074054e-10,2.43074054e-10,2.43074054e-10,2.43074054e-10,2.43074054e-10,2.43074054e-10,2.43074054e-10,2.43074054e-10,2.43074054e-10,2.43074054e-10,2.43074054e-10,2.43074054e-10,2.43074054e-10,2.43074054e-10,2.43074054e-10,2.43074054e-10,2.43074054e-10,2.43074054e-10,2.43074054e-10,2.43074054e-10,2.43074054e-10,2.43074054e-10,2.43074054e-10,2.43074054e-10,2.43074054e-10,0,0,0,0,0,0,0,0,0,0,0,0,0,0,0,0,0,0,0,0,0,0,0,0,0,0,0,0,0,0,0,0,0,0,0,0,0,0,0,0,0,0,0,0,0,0,1.507643e-07,1.935417e-07,3.849381e-07,7.259118e-07,0,0,0,0,0,0
2.43074054e-10,2.43074054e-10,2.43074054e-10,2.43074054e-10,2.43074054e-10,2.43074054e-10,2.43074054e-10,2.43074054e-10,2.43074054e-10,2.43074054e-10,2.43074054e-10,2.43074054e-10,2.43074054e-10,2.43074054e-10,2.43074054e-10,2.43074054e-10,2.43074054e-10,2.43074054e-10,2.43074054e-10,2.43074054e-10,2.43074054e-10,2.43074054e-10,2.43074054e-10,2.43074054e-10,2.43074054e-10,2.43074054e-10,2.43074054e-10,2.43074054e-10,0,0,0,0,0,0,0,0,0,0,0,0,0,0,0,0,0,0,0,0,0,0,0,0,0,0,0,0,0,0,0,0,0,0,0,0,0,0,0,0,0,0,0,0,0,0,2.362229e-08,5.533318e-07,7.972612e-07,8.458663e-07,1.058335e-06,1.058335e-06,0,0,0,0,0
2.43074054e-10,2.43074054e-10,2.43074054e-10,2.43074054e-10,2.43074054e-10,2.43074054e-10,2.43074054e-10,2.43074054e-10,2.43074054e-10,2.43074054e-10,2.43074054e-10,2.43074054e-10,2.43074054e-10,2.43074054e-10,2.43074054e-10,2.43074054e-10,2.43074054e-10,2.43074054e-10,2.43074054e-10,2.43074054e-10,2.43074054e-10,2.43074054e-10,2.43074054e-10,2.43074054e-10,2.43074054e-10,2.43074054e-10,2.43074054e-10,0,0,0,0,0,0,0,0,0,0,0,0,0,0,0,0,0,0,0,0,0,0,0,0,0,0,0,0,0,0,0,0,0,0,0,0,0,0,0,0,0,0,0,0,0,0,0,7.955687e-08,4.255424e-07,8.655741e-07,1.051197e-06,1.058335e-06,0,0,0,0,0,0
2.43074054e-10,2.43074054e-10,2.43074054e-10,2.43074054e-10,2.43074054e-10,2.43074054e-10,2.43074054e-10,2.43074054e-10,2.43074054e-10,2.43074054e-10,2.43074054e-10,2.43074054e-10,2.43074054e-10,2.43074054e-10,2.43074054e-10,2.43074054e-10,2.43074054e-10,2.43074054e-10,2.43074054e-10,2.43074054e-10,2.43074054e-10,2.43074054e-10,2.43074054e-10,2.43074054e-10,2.43074054e-10,2.43074054e-10,0,0,0,0,0,0,0,0,0,0,0,0,0,0,0,0,0,0,0,0,0,0,0,0,0,0,0,0,0,0,0,0,0,0,0,0,0,0,0,0,0,0,0,0,0,0,0,0,0,4.698822e-09,6.542887e-07,1.058335e-06,1.058335e-06,0,0,0,0,0,0
2.43074054e-10,2.43074054e-10,2.43074054e-10,2.43074054e-10,2.43074054e-10,2.43074054e-10,2.43074054e-10,2.43074054e-10,2.43074054e-10,2.43074054e-10,2.43074054e-10,2.43074054e-10,2.43074054e-10,2.43074054e-10,2.43074054e-10,2.43074054e-10,2.43074054e-10,2.43074054e-10,2.43074054e-10,2.43074054e-10,2.43074054e-10,2.43074054e-10,2.43074054e-10,2.43074054e-10,0,0,0,0,0,0,0,0,0,0,0,0,0,0,0,0,0,0,0,0,0,0,0,0,0,0,0,0,0,0,0,0,0,0,0,0,0,0,0,0,0,0,0,0,0,0,0,0,0,0,0,2.204847e-07,7.703692e-07,1.058335e-06,0,0,0,0,0,0,0
0,2.43074054e-10,2.43074054e-10,2.43074054e-10,2.43074054e-10,2.43074054e-10,2.43074054e-10,2.43074054e-10,2.43074054e-10,2.43074054e-10,2.43074054e-10,2.43074054e-10,2.43074054e-10,2.43074054e-10,2.43074054e-10,2.43074054e-10,2.43074054e-10,2.43074054e-10,0,0,0,0,0,0,0,0,0,0,0,0,0,0,0,0,0,0,0,0,0,0,0,0,0,0,0,0,0,0,0,0,0,0,0,0,0,0,0,0,0,0,0,0,0,0,0,0,0,0,0,0,0,0,0,0,0,4.538968e-07,1.003781e-06,1.058335e-06,0,0,0,0,0,0,0
0,2.43074054e-10,2.43074054e-10,2.43074054e-10,2.43074054e-10,2.43074054e-10,2.43074054e-10,2.43074054e-10,2.43074054e-10,2.43074054e-10,2.43074054e-10,2.43074054e-10,2.43074054e-10,2.43074054e-10,2.43074054e-10,2.43074054e-10,0,0,0,0,0,0,0,0,0,0,0,0,0,0,0,0,0,0,0,0,0,0,0,0,0,0,0,0,0,0,0,0,0,0,0,0,0,0,0,0,0,0,0,0,0,0,0,0,0,0,0,0,0,0,0,0,2.072148e-08,0,1.374245e-07,6.87309e-07,1.058335e-06,1.058335e-06,0,0,0,0,0,0,0
0,0,2.43074054e-10,2.43074054e-10,2.43074054e-10,2.43074054e-10,2.43074054e-10,2.43074054e-10,2.43074054e-10,2.43074054e-10,2.43074054e-10,2.43074054e-10,2.43074054e-10,2.43074054e-10,2.43074054e-10,0,0,0,0,0,0,0,0,0,0,0,0,0,0,0,0,0,0,0,0,0,0,0,0,0,0,0,0,0,0,0,0,0,0,0,0,0,0,0,0,0,0,0,0,0,0,0,0,0,0,0,0,0,0,0,0,0,2.422575e-07,4.527431e-07,5.732028e-07,9.308777e-07,1.058335e-06,1.058335e-06,0,0,0,0,0,0,0
0,0,2.43074054e-10,2.43074054e-10,2.43074054e-10,2.43074054e-10,2.43074054e-10,2.43074054e-10,2.43074054e-10,2.43074054e-10,2.43074054e-10,2.43074054e-10,2.43074054e-10,2.43074054e-10,0,0,0,0,0,0,0,0,0,0,0,0,0,0,0,0,0,0,0,0,0,0,0,0,0,0,0,0,0,0,0,0,0,0,0,0,0,0,0,0,0,0,0,0,0,0,0,0,0,0,0,0,0,0,0,0,0,6.781251e-09,4.192865e-07,1.021852e-06,9.738418e-07,1.058335e-06,1.058335e-06,1.058335e-06,0,0,0,0,0,0,0
0,0,2.43074054e-10,2.43074054e-10,2.43074054e-10,2.43074054e-10,2.43074054e-10,2.43074054e-10,2.43074054e-10,2.43074054e-10,2.43074054e-10,2.43074054e-10,2.43074054e-10,2.43074054e-10,0,0,0,0,0,0,0,0,0,0,0,0,0,0,0,0,0,0,0,0,0,0,0,0,0,0,0,0,0,0,0,0,0,0,0,0,0,0,0,0,0,0,0,0,0,0,0,0,0,0,0,0,0,0,0,0,0,1.197118e-09,1.794744e-07,4.719673e-07,7.053794e-07,9.759773e-07,1.058335e-06,1.058335e-06,0,0,0,0,0,0,0
0,0,0,2.43074054e-10,2.43074054e-10,2.43074054e-10,2.43074054e-10,2.43074054e-10,2.43074054e-10,2.43074054e-10,2.43074054e-10,2.43074054e-10,2.43074054e-10,0,0,0,0,0,0,0,0,0,0,0,0,0,0,0,0,0,0,0,0,0,0,0,0,0,0,0,0,0,0,0,0,0,0,0,0,0,0,0,0,0,0,0,0,0,0,0,0,0,0,0,0,0,0,0,0,0,0,0,0,3.837115e-08,1.66361e-07,7.447821e-07,1.058335e-06,1.058335e-06,0,0,0,0,0,0,0
0,0,0,0,2.43074054e-10,2.43074054e-10,2.43074054e-10,2.43074054e-10,2.43074054e-10,2.43074054e-10,2.43074054e-10,2.43074054e-10,2.43074054e-10,0,0,0,0,0,0,0,0,0,0,0,0,0,0,0,0,0,0,0,0,0,0,0,0,0,0,0,0,0,0,0,0,0,0,0,0,0,0,0,0,0,0,0,0,0,0,0,0,0,0,0,0,0,0,0,0,0,0,0,1.665864e-07,4.47627e-07,5.488114e-07,8.359313e-07,1.058335e-06,1.058335e-06,0,0,0,0,0,0,0
0,0,0,0,0,2.43074054e-10,2.43074054e-10,2.43074054e-10,2.43074054e-10,2.43074054e-10,2.43074054e-10,2.43074054e-10,2.43074054e-10,0,0,0,0,0,0,0,0,0,0,0,0,0,0,0,0,0,0,0,0,0,0,0,0,0,0,0,0,0,0,0,0,0,0,0,0,0,0,0,0,0,0,0,0,0,0,0,0,0,0,0,0,0,0,0,7.656033e-08,0,0,0,4.381282e-07,9.880127e-07,9.959585e-07,1.048851e-06,1.058335e-06,1.058335e-06,0,0,0,0,0,0,0
0,0,0,0,0,2.43074054e-10,2.43074054e-10,2.43074054e-10,2.43074054e-10,2.43074054e-10,2.43074054e-10,2.43074054e-10,2.43074054e-10,0,0,0,0,0,0,0,0,0,0,0,0,0,0,0,0,0,0,0,0,0,0,0,0,0,0,0,0,0,0,0,0,0,0,0,0,0,0,0,0,0,0,0,0,0,0,0,0,0,0,0,0,0,0,3.70674e-08,4.327215e-07,5.445484e-07,3.111363e-07,1.904456e-07,6.715403e-07,9.552063e-07,7.647323e-07,8.950402e-07,1.058335e-06,1.058335e-06,0,0,0,0,0,0,0
0,0,0,0,0,0,2.43074054e-10,2.43074054e-10,2.43074054e-10,2.43074054e-10,2.43074054e-10,2.43074054e-10,2.43074054e-10,0,0,0,0,0,0,0,0,0,0,0,0,0,0,0,0,0,0,0,0,0,0,0,0,0,0,0,0,0,0,0,0,0,0,0,0,0,0,0,0,0,0,0,0,0,0,0,0,0,0,0,0,0,0,2.722007e-07,8.220853e-07,1.058335e-06,8.610208e-07,7.72116e-07,0,0,1.768946e-07,6.173369e-07,1.023763e-06,1.058335e-06,0,0,0,0,0,0,0
0,0,0,0,0,0,2.43074054e-10,2.43074054e-10,2.43074054e-10,2.43074054e-10,2.43074054e-10,2.43074054e-10,2.43074054e-10,0,0,0,0,0,0,0,0,0,0,0,0,0,0,0,0,0,0,0,0,0,0,0,0,0,0,0,0,0,0,0,0,0,0,0,0,0,0,0,0,0,0,0,0,0,0,0,0,0,0,0,0,2.023211e-07,2.183503e-07,5.056129e-07,1.055497e-06,1.058335e-06,1.058335e-06,1.058335e-06,1.049696e-06,0,0,6.058298e-07,1.049509e-06,0,0,0,0,0,0,0,0
0,0,0,0,0,0,2.43074054e-10,2.43074054e-10,2.43074054e-10,2.43074054e-10,2.43074054e-10,2.43074054e-10,2.43074054e-10,0,0,0,0,0,0,0,0,0,0,0,0,0,0,0,0,0,0,0,0,0,0,0,0,0,0,0,0,0,0,0,0,0,0,0,0,0,0,0,0,0,0,0,0,0,0,0,0,0,6.557941e-08,2.601904e-07,3.079683e-07,6.665091e-07,8.279092e-07,9.032625e-07,1.058335e-06,1.058335e-06,1.058335e-06,1.058335e-06,1.058335e-06,0,0,0,0,0,0,0,0,0,0,0,0
0,0,0,0,0,0,2.43074054e-10,2.43074054e-10,2.43074054e-10,2.43074054e-10,2.43074054e-10,2.43074054e-10,2.43074054e-10,0,0,0,0,0,0,0,0,0,0,0,0,0,0,0,0,0,0,0,0,0,0,0,0,0,0,0,0,0,0,0,0,0,0,0,0,0,0,0,0,0,0,0,0,0,0,0,0,0,3.396854e-07,8.14945e-07,8.521669e-07,9.914885e-07,1.058335e-06,1.058335e-06,1.058335e-06,1.058335e-06,1.058335e-06,1.058335e-06,1.058335e-06,0,0,0,0,0,0,0,0,0,0,0,0
0,0,0,0,0,0,0,2.43074054e-10,2.43074054e-10,2.43074054e-10,2.43074054e-10,2.43074054e-10,2.43074054e-10,0,0,0,0,0,0,0,0,0,0,0,0,0,0,0,0,0,0,0,0,0,0,0,0,0,0,0,0,0,0,0,0,0,0,0,0,0,0,0,0,0,0,0,0,0,0,0,0,2.321303e-08,5.730975e-07,1.058335e-06,1.058335e-06,1.058335e-06,1.058335e-06,1.058335e-06,1.058335e-06,1.058335e-06,1.058335e-06,1.212994e-06,0,0,0,0,0,0,0,0,0,0,0,0,0
0,0,0,0,0,0,0,2.43074054e-10,2.43074054e-10,2.43074054e-10,2.43074054e-10,2.43074054e-10,2.43074054e-10,0,0,0,0,0,0,0,0,0,0,0,0,0,0,0,0,0,0,0,0,0,0,0,0,0,0,0,0,0,0,0,0,0,0,0,0,0,0,0,0,0,0,0,0,0,0,0,0,2.566252e-07,8.065097e-07,1.058335e-06,1.058335e-06,1.232892e-06,1.319476e-06,1.107837e-06,1.058335e-06,1.058335e-06,1.058335e-06,1.522129e-06,0,0,0,0,0,0,0,0,0,0,0,0,0
0,0,0,0,0,0,0,2.43074054e-10,2.43074054e-10,2.43074054e-10,2.43074054e-10,2.43074054e-10,2.43074054e-10,0,0,0,0,0,0,0,0,0,0,0,0,0,0,0,0,0,0,0,0,0,0,0,0,0,0,0,0,0,0,0,0,0,0,0,0,0,0,0,0,0,0,0,0,0,0,0,0,4.900373e-07,1.039922e-06,1.058335e-06,1.075502e-06,1.611908e-06,1.866557e-06,1.32147e-06,1.058335e-06,1.058335e-06,1.205656e-06,1.755541e-06,0,0,0,0,0,0,0,0,0,0,0,0,0
0,0,0,0,0,0,0,0,0,2.43074054e-10,2.43074054e-10,2.43074054e-10,2.43074054e-10,0,0,0,0,0,0,0,0,0,0,0,0,0,0,0,0,0,0,0,0,0,0,0,0,0,0,0,0,0,0,0,0,0,0,0,0,0,0,0,0,0,0,0,0,0,1.283564e-08,0,1.735649e-07,7.234494e-07,1.058335e-06,1.058335e-06,0,0,1.565743e-06,1.245288e-06,1.058335e-06,1.058335e-06,1.267516e-06,0,0,0,0,0,0,0,0,0,0,0,0,0,0
0,0,0,0,0,0,0,0,0,0,4.34666371e-11,4.34666371e-11,4.34666371e-11,0,0,0,0,0,0,0,0,0,0,0,0,0,0,0,0,0,0,0,0,0,0,0,0,0,0,0,0,0,0,0,0,0,0,0,0,0,0,0,0,0,0,0,0,0,2.254372e-07,3.626664e-07,5.213719e-07,9.568615e-07,1.058335e-06,0,0,0,0,0,0,0,0,0,0,0,0,0,0,0,0,0,0,0,0,0,0
0,0,0,0,0,0,0,0,0,0,0,2.80405943e-10,2.80405943e-10,0,0,0,0,0,0,0,0,0,0,0,0,0,0,0,0,0,0,0,0,0,0,0,0,0,0,0,0,0,0,0,0,0,0,0,0,0,0,0,0,0,0,0,0,4.907104e-08,5.989556e-07,9.767922e-07,9.309454e-07,1.058335e-06,1.058335e-06,0,0,0,0,0,0,0,0,0,0,0,0,0,0,0,0,0,0,0,0,0,0
0,0,0,0,0,0,0,0,0,0,0,0,0,0,0,0,0,0,0,0,0,0,0,0,0,0,0,0,0,0,0,0,0,0,0,0,0,0,0,0,0,0,0,0,0,0,0,0,0,0,0,0,0,0,0,0,0,2.824832e-07,8.323677e-07,1.058335e-06,1.058335e-06,1.058335e-06,0,0,0,0,0,0,0,0,0,0,0,0,0,0,0,0,0,0,0,0,0,0,0
0,0,0,0,0,0,0,0,0,0,0,0,0,0,0,0,0,0,0,0,0,0,0,0,0,0,0,0,0,0,0,0,0,0,0,0,0,0,0,0,0,0,0,0,0,0,0,0,0,0,0,0,0,0,0,0,0,3.116064e-07,8.739644e-07,1.058335e-06,1.058335e-06,1.058335e-06,0,0,0,0,0,0,0,0,0,0,0,0,0,0,0,0,0,0,0,0,0,0,0
0,0,0,0,0,0,0,0,0,0,0,0,0,0,0,0,0,0,0,0,0,0,0,0,0,0,0,0,0,0,0,0,0,0,0,0,0,0,0,0,0,0,0,0,0,0,0,0,0,0,0,0,0,0,0,0,2.714353e-08,6.326856e-08,4.901733e-07,9.313696e-07,1.058335e-06,1.058335e-06,0,0,0,0,0,0,0,0,0,0,0,0,0,0,0,0,0,0,0,0,0,0,0
0,0,0,0,0,0,0,0,0,0,0,0,0,0,0,0,0,0,0,0,0,0,0,0,0,0,0,0,0,0,0,0,0,0,0,0,0,0,0,0,0,0,0,0,0,0,0,0,0,0,0,0,0,0,0,0,2.838036e-07,4.276194e-07,5.996049e-07,1.024357e-06,1.058335e-06,1.058335e-06,0,0,0,0,0,0,0,0,0,0,0,0,0,0,0,0,0,0,0,0,0,0,0
0,0,0,0,0,0,0,0,0,0,0,0,0,0,0,0,0,0,0,0,0,0,0,0,0,0,0,0,0,0,0,0,0,0,0,0,0,0,0,0,0,0,0,0,0,0,0,0,0,0,0,0,0,0,0,1.163627e-07,6.662472e-07,1.017553e-06,9.651199e-07,1.058335e-06,1.058335e-06,1.058335e-06,0,0,0,0,0,0,0,0,0,0,0,0,0,0,0,0,0,0,0,0,0,0,0
0,0,0,0,0,0,0,0,0,0,0,0,0,0,0,0,0,0,0,0,0,0,0,0,0,0,0,0,0,0,0,0,0,0,0,0,0,0,0,0,0,0,0,0,0,0,0,0,0,0,0,0,0,1.099157e-07,1.166569e-07,3.497748e-07,8.996593e-07,1.058335e-06,1.058335e-06,1.058335e-06,1.058335e-06,1.058335e-06,0,0,0,0,0,0,0,0,0,0,0,0,0,0,0,0,0,0,0,0,0,0,0
0,0,0,0,0,0,0,0,0,0,0,0,0,0,0,0,0,0,0,0,0,0,0,0,0,0,0,0,0,0,0,0,0,0,0,0,0,0,0,0,0,0,0,0,0,0,0,0,0,0,0,1.586725e-07,1.014453e-07,4.746026e-07,7.052145e-07,7.898558e-07,1.058335e-06,1.058335e-06,1.058335e-06,1.058335e-06,1.058335e-06,0,0,0,0,0,0,0,0,0,0,0,0,0,0,0,0,0,0,0,0,0,0,0,0
0,0,0,0,0,0,0,0,0,0,0,0,0,0,0,0,0,0,0,0,0,0,0,0,0,0,0,0,0,0,0,0,0,0,0,0,0,0,0,0,0,0,0,0,0,0,0,0,0,0,1.733196e-07,6.13926e-07,7.385847e-07,8.871943e-07,1.058335e-06,1.047344e-06,1.058335e-06,1.058335e-06,1.058335e-06,1.058335e-06,1.058335e-06,0,0,0,0,0,0,0,0,0,0,0,0,0,0,0,0,0,0,0,0,0,0,0,0
0,0,0,0,0,0,0,0,0,0,0,0,0,0,0,0,0,0,0,0,0,0,0,0,0,0,0,0,0,0,0,0,0,0,0,0,0,0,0,0,0,0,0,0,0,0,0,0,0,0,1.765681e-07,6.225583e-07,9.769366e-07,1.054116e-06,1.058335e-06,1.058335e-06,1.058335e-06,1.058335e-06,1.058335e-06,1.058335e-06,1.058335e-06,0,0,0,0,0,0,0,0,0,0,0,0,0,0,0,0,0,0,0,0,0,0,0,0
0,0,0,0,0,0,0,0,0,0,0,0,0,0,0,0,0,0,0,0,0,0,0,0,0,0,0,0,0,0,0,0,0,0,0,0,0,0,0,0,0,0,0,0,0,0,0,0,0,0,0,2.559408e-07,8.183373e-07,1.058335e-06,1.058335e-06,1.058335e-06,1.058335e-06,1.058335e-06,1.058335e-06,1.058335e-06,1.058335e-06,0,0,0,0,0,0,0,0,0,0,0,0,0,0,0,0,0,0,0,0,0,0,0,0
0,0,0,0,0,0,0,0,0,0,0,0,0,0,0,0,0,0,0,0,0,0,0,0,0,0,0,0,0,0,0,0,0,0,0,0,0,0,0,0,0,0,0,0,0,0,0,0,0,0,0,0,9.255173e-07,1.058335e-06,1.058335e-06,1.058335e-06,1.058335e-06,1.058335e-06,1.058335e-06,1.058335e-06,0,0,0,0,0,0,0,0,0,0,0,0,0,0,0,0,0,0,0,0,0,0,0,0,0
0,0,0,0,0,0,0,0,0,0,0,0,0,0,0,0,0,0,0,0,0,0,0,0,0,0,0,0,0,0,0,0,0,0,0,0,0,0,0,0,0,0,0,0,0,0,0,0,0,0,0,0,0,1.058335e-06,1.058335e-06,1.058335e-06,1.058335e-06,1.058335e-06,1.058335e-06,1.058335e-06,0,0,0,0,0,0,0,0,0,0,0,0,0,0,0,0,0,0,0,0,0,0,0,0,0
0,0,0,0,0,0,0,0,0,0,0,0,0,0,0,0,0,0,0,0,0,0,0,0,0,0,0,0,0,0,0,0,0,0,0,0,0,0,0,0,0,0,0,0,0,0,0,0,0,0,0,0,0,0,1.058335e-06,1.058335e-06,1.058335e-06,1.058335e-06,0,0,0,0,0,0,0,0,0,0,0,0,0,0,0,0,0,0,0,0,0,0,0,0,0,0,0
0,0,0,0,0,0,0,0,0,0,0,0,0,0,0,0,0,0,0,0,0,0,0,0,0,0,0,0,0,0,0,0,0,0,0,0,0,0,0,0,0,0,0,0,0,0,0,0,0,0,0,0,0,0,0,0,0,0,0,0,0,0,0,0,0,0,0,0,0,0,0,0,0,0,0,0,0,0,0,0,0,0,0,0,0
0,0,0,0,0,0,0,0,0,0,0,0,0,0,0,0,0,0,0,0,0,0,0,0,0,0,0,0,0,0,0,0,0,0,0,0,0,0,0,0,0,0,0,0,0,0,0,0,0,0,0,0,0,0,0,0,0,0,0,0,0,0,0,0,0,0,0,0,0,0,0,0,0,0,0,0,0,0,0,0,0,0,0,0,0
0,0,0,0,0,0,0,0,0,0,0,0,0,0,0,0,0,0,0,0,0,0,0,0,0,0,0,0,0,0,0,0,0,0,0,0,0,0,0,0,0,0,0,0,0,0,0,0,0,0,0,0,0,0,0,0,0,0,0,0,0,0,0,0,0,0,0,0,0,0,0,0,0,0,0,0,0,0,0,0,0,0,0,0,0
0,0,0,0,0,0,0,0,0,0,0,0,0,0,0,0,0,0,0,0,0,0,0,0,0,0,0,0,0,0,0,0,0,0,0,0,0,0,0,0,0,0,0,0,0,0,0,0,0,0,0,0,0,0,0,0,0,0,0,0,0,0,0,0,0,0,0,0,0,0,0,0,0,0,0,0,0,0,0,0,0,0,0,0,0
0,0,0,0,0,0,0,0,0,0,0,0,0,0,0,0,0,0,0,0,0,0,0,0,0,0,0,0,0,0,0,0,0,0,0,0,0,0,0,0,0,0,0,0,0,0,0,0,0,0,0,0,0,0,0,0,0,0,0,0,0,0,0,0,0,0,0,0,0,0,0,0,0,0,0,0,0,0,0,0,0,0,0,0,0
0,0,0,0,0,0,0,0,0,0,0,0,0,0,0,0,0,0,0,0,0,0,0,0,0,0,0,0,0,0,0,0,0,0,0,0,0,0,0,0,0,0,0,0,0,0,0,0,0,0,0,0,0,0,0,0,0,0,0,0,0,0,0,0,0,0,0,0,0,0,0,0,0,0,0,0,0,0,0,0,0,0,0,0,0
0,0,0,0,0,0,0,0,0,0,0,0,0,0,0,0,0,0,0,0,0,0,0,0,0,0,0,0,0,0,0,0,0,0,0,0,0,0,0,0,0,0,0,0,0,0,0,0,0,0,0,0,0,0,0,0,0,0,0,0,0,0,0,0,0,0,0,0,0,0,0,0,0,0,0,0,0,0,0,0,0,0,0,0,0
0,0,0,0,0,0,0,0,0,0,0,0,0,0,0,0,0,0,0,0,0,0,0,0,0,0,0,0,0,0,0,0,0,0,0,0,0,0,0,0,0,0,0,0,0,0,0,0,0,0,0,0,0,0,0,0,0,0,0,0,0,0,0,0,0,0,0,0,0,0,0,0,0,0,0,0,0,0,0,0,0,0,0,0,0
0,0,0,0,0,0,0,0,0,0,0,0,0,0,0,0,0,0,0,0,0,0,0,0,0,0,0,0,0,0,0,0,0,0,0,0,0,0,0,0,0,0,0,0,0,0,0,0,0,0,0,0,0,0,0,0,0,0,0,0,0,0,0,0,0,0,0,0,0,0,0,0,0,0,0,0,0,0,0,0,0,0,0,0,0
0,0,0,0,0,0,0,0,0,0,0,0,0,0,0,0,0,0,0,0,0,0,0,0,0,0,0,0,0,0,0,0,0,0,0,0,0,0,0,0,0,0,0,0,0,0,0,0,0,0,0,0,0,0,0,0,0,0,0,0,0,0,0,0,0,0,0,0,0,0,0,0,0,0,0,0,0,0,0,0,0,0,0,0,0
0,0,0,0,0,0,0,0,0,0,0,0,0,0,0,0,0,0,0,0,0,0,0,0,0,0,0,0,0,0,0,0,0,0,0,0,0,0,0,0,0,0,0,0,0,0,0,0,0,0,0,0,0,0,0,0,0,0,0,0,0,0,0,0,0,0,0,0,0,0,0,0,0,0,0,0,0,0,0,0,0,0,0,0,0
0,0,0,0,0,0,0,0,0,0,0,0,0,0,0,0,0,0,0,0,0,0,0,0,0,0,0,0,0,0,0,0,0,0,0,0,0,0,0,0,0,0,0,0,0,0,0,0,0,0,0,0,0,0,0,0,0,0,0,0,0,0,0,0,0,0,0,0,0,0,0,0,0,0,0,0,0,0,0,0,0,0,0,0,0
0,0,0,0,0,0,0,0,0,0,0,0,0,0,0,0,0,0,0,0,0,0,0,0,0,0,0,0,0,0,0,0,0,0,0,0,0,0,0,0,0,0,0,0,0,0,0,0,0,0,0,0,0,0,0,0,0,0,0,0,0,0,0,0,0,0,0,0,0,0,0,0,0,0,0,0,0,0,0,0,0,0,0,0,0
0,0,0,0,0,0,0,0,0,0,0,0,0,0,0,0,0,0,0,0,0,0,0,0,0,0,0,0,0,0,0,0,0,0,0,0,0,0,0,0,0,0,0,0,0,0,0,0,0,0,0,0,0,0,0,0,0,0,0,0,0,0,0,0,0,0,0,0,0,0,0,0,0,0,0,0,0,0,0,0,0,0,0,0,0
0,0,0,0,0,0,0,0,0,0,0,0,0,0,0,0,0,0,0,0,0,0,0,0,0,0,0,0,0,0,0,0,0,0,0,0,0,0,0,0,0,0,0,0,0,0,0,0,0,0,0,0,0,0,0,0,0,0,0,0,0,0,0,0,0,0,0,0,0,0,0,0,0,0,0,0,0,0,0,0,0,0,0,0,0
0,0,0,0,0,0,0,0,0,0,0,0,0,0,0,0,0,0,0,0,0,0,0,0,0,0,0,0,0,0,0,0,0,0,0,0,0,0,0,0,0,0,0,0,0,0,0,0,0,0,0,0,0,0,0,0,0,0,0,0,0,0,0,0,0,0,0,0,0,0,0,0,0,0,0,0,0,0,0,0,0,0,0,0,0
0,0,0,0,0,0,0,0,0,0,0,0,0,0,0,0,0,0,0,0,0,0,0,0,0,0,0,0,0,0,0,0,0,0,0,0,0,0,0,0,0,0,0,0,0,0,0,0,0,0,0,0,0,0,0,0,0,0,0,0,0,0,0,0,0,0,0,0,0,0,0,0,0,0,0,0,0,0,0,0,0,0,0,0,0
0,0,0,0,0,0,0,0,0,0,0,0,0,0,0,0,0,0,0,0,0,0,0,0,0,0,0,0,0,0,0,0,0,0,0,0,0,0,0,0,0,0,0,0,0,0,0,0,0,0,0,0,0,0,0,0,0,0,0,0,0,0,0,0,0,0,0,0,0,0,0,0,0,0,0,0,0,0,0,0,0,0,0,0,0
0,0,0,0,0,0,0,0,0,0,0,0,0,0,0,0,0,0,0,0,0,0,0,0,0,0,0,0,0,0,0,0,0,0,0,0,0,0,0,0,0,0,0,0,0,0,0,0,0,0,0,0,0,0,0,0,0,0,0,0,0,0,0,0,0,0,0,0,0,0,0,0,0,0,0,0,0,0,0,0,0,0,0,0,0
0,0,0,0,0,0,0,0,0,0,0,0,0,0,0,0,0,0,0,0,0,0,0,0,0,0,0,0,0,0,0,0,0,0,0,0,0,0,0,0,0,0,0,0,0,0,0,0,0,0,0,0,0,0,0,0,0,0,0,0,0,0,0,0,0,0,0,0,0,0,0,0,0,0,0,0,0,0,0,0,0,0,0,0,0
0,0,0,0,0,0,0,0,0,0,0,0,0,0,0,0,0,0,0,0,0,0,0,0,0,0,0,0,0,0,0,0,0,0,0,0,0,0,0,0,0,0,0,0,0,0,0,0,0,0,0,0,0,0,0,0,0,0,0,0,0,0,0,0,0,0,0,0,0,0,0,0,0,0,0,0,0,0,0,0,0,0,0,0,0
0,0,0,0,0,0,0,0,0,0,0,0,0,0,0,0,0,0,0,0,0,0,0,0,0,0,0,0,0,0,0,0,0,0,0,0,0,0,0,0,0,0,0,0,0,0,0,0,0,0,0,0,0,0,0,0,0,0,0,0,0,0,0,0,0,0,0,0,0,0,0,0,0,0,0,0,0,0,0,0,0,0,0,0,0
0,0,0,0,0,0,0,0,0,0,0,0,0,0,0,0,0,0,0,0,0,0,0,0,0,0,0,0,0,0,0,0,0,0,0,0,0,0,0,0,0,0,0,0,0,0,0,0,0,0,0,0,0,0,0,0,0,0,0,0,0,0,0,0,0,0,0,0,0,0,0,0,0,0,0,0,0,0,0,0,0,0,0,0,0
0,0,0,0,0,0,0,0,0,0,0,0,0,0,0,0,0,0,0,0,0,0,0,0,0,0,0,0,0,0,0,0,0,0,0,0,0,0,0,0,0,0,0,0,0,0,0,0,0,0,0,0,0,0,0,0,0,0,0,0,0,0,0,0,0,0,0,0,0,0,0,0,0,0,0,0,0,0,0,0,0,0,0,0,0
0,0,0,0,0,0,0,0,0,0,0,0,0,0,0,0,0,0,0,0,0,0,0,0,0,0,0,0,0,0,0,0,0,0,0,0,0,0,0,0,0,0,0,0,0,0,0,0,0,0,0,0,0,0,0,0,0,0,0,0,0,0,0,0,0,0,0,0,0,0,0,0,0,0,0,0,0,0,0,0,0,0,0,0,0
0,0,0,0,0,0,0,0,0,0,0,0,0,0,0,0,0,0,0,0,0,0,0,0,0,0,0,0,0,0,0,0,0,0,0,0,0,0,0,0,0,0,0,0,0,0,0,0,0,0,0,0,0,0,0,0,0,0,0,0,0,0,0,0,0,0,0,0,0,0,0,0,0,0,0,0,0,0,0,0,0,0,0,0,0
0,0,0,0,0,0,0,0,0,0,0,0,0,0,0,0,0,0,0,0,0,0,0,0,0,0,0,0,0,0,0,0,0,0,0,0,0,0,0,0,0,0,0,0,0,0,0,0,0,0,0,0,0,0,0,0,0,0,0,0,0,0,0,0,0,0,0,0,0,0,0,0,0,0,0,0,0,0,0,0,0,0,0,0,0
0,0,0,0,0,0,0,0,0,0,0,0,0,0,0,0,0,0,0,0,0,0,0,0,0,0,0,0,0,0,0,0,0,0,0,0,0,0,0,0,0,0,0,0,0,0,0,0,0,0,0,0,0,0,0,0,0,0,0,0,0,0,0,0,0,0,0,0,0,0,0,0,0,0,0,0,0,0,0,0,0,0,0,0,0
0,0,0,0,0,0,0,0,0,0,0,0,0,0,0,0,0,0,0,0,0,0,0,0,0,0,0,0,0,0,0,0,0,0,0,0,0,0,0,0,0,0,0,0,0,0,0,0,0,0,0,0,0,0,0,0,0,0,0,0,0,0,0,0,0,0,0,0,0,0,0,0,0,0,0,0,0,0,0,0,0,0,0,0,0
0,0,0,0,0,0,0,0,0,0,0,0,0,0,0,0,0,0,0,0,0,0,0,0,0,0,0,0,0,0,0,0,0,0,0,0,0,0,0,0,0,0,0,0,0,0,0,0,0,0,0,0,0,0,0,0,0,0,0,0,0,0,0,0,0,0,0,0,0,0,0,0,0,0,0,0,0,0,0,0,0,0,0,0,0
0,0,0,0,0,0,0,0,0,0,0,0,0,0,0,0,0,0,0,0,0,0,0,0,0,0,0,0,0,0,0,0,0,0,0,0,0,0,0,0,0,0,0,0,0,0,0,0,0,0,0,0,0,0,0,0,0,0,0,0,0,0,0,0,0,0,0,0,0,0,0,0,0,0,0,0,0,0,0,0,0,0,0,0,0
0,0,0,0,0,0,0,0,0,0,0,0,0,0,0,0,0,0,0,0,0,0,0,0,0,0,0,0,0,0,0,0,0,0,0,0,0,0,0,0,0,0,0,0,0,0,0,0,0,0,0,0,0,0,0,0,0,0,0,0,0,0,0,0,0,0,0,0,0,0,0,0,0,0,0,0,0,0,0,0,0,0,0,0,0
0,0,0,0,0,0,0,0,0,0,0,0,0,0,0,0,0,0,0,0,0,0,0,0,0,0,0,0,0,0,0,0,0,0,0,0,0,0,0,0,0,0,0,0,0,0,0,0,0,0,0,0,0,0,0,0,0,0,0,0,0,0,0,0,0,0,0,0,0,0,0,0,0,0,0,0,0,0,0,0,0,0,0,0,0
0,0,0,0,0,0,0,0,0,0,0,0,0,0,0,0,0,0,0,0,0,0,0,0,0,0,0,0,0,0,0,0,0,0,0,0,0,0,0,0,0,0,0,0,0,0,0,0,0,0,0,0,0,0,0,0,0,0,0,0,0,0,0,0,0,0,0,0,0,0,0,0,0,0,0,0,0,0,0,0,0,0,0,0,0
0,0,0,0,0,0,0,0,0,0,0,0,0,0,0,0,0,0,0,0,0,0,0,0,0,0,0,0,0,0,0,0,0,0,0,0,0,0,0,0,0,0,0,0,0,0,0,0,0,0,0,0,0,0,0,0,0,0,0,0,0,0,0,0,0,0,0,0,0,0,0,0,0,0,0,0,0,0,0,0,0,0,0,0,0
0,0,0,0,0,0,0,0,0,0,0,0,0,0,0,0,0,0,0,0,0,0,0,0,0,0,0,0,0,0,0,0,0,0,0,0,0,0,0,0,0,0,0,0,0,0,0,0,0,0,0,0,0,0,0,0,0,0,0,0,0,0,0,0,0,0,0,0,0,0,0,0,0,0,0,0,0,0,0,0,0,0,0,0,0
0,0,0,0,0,0,0,0,0,0,0,0,0,0,0,0,0,0,0,0,0,0,0,0,0,0,0,0,0,0,0,0,0,0,0,0,0,0,0,0,0,0,0,0,0,0,0,0,0,0,0,0,0,0,0,0,0,0,0,0,0,0,0,0,0,0,0,0,0,0,0,0,0,0,0,0,0,0,0,0,0,0,0,0,0
