0 0 0 0 0 0 0 0 0 0 0 0 0 0 0 0 0 0 0 0 0 0 0 0 0 0 0 3.645876e-06 4.06836e-06 4.233342e-06 4.233342e-06 0 0 0 0 0 0 0 0 0 0 0 0 0 0 0 0 0 0 0 0 0 0 0 0 0 0 0 0 0 0 0 0 0 0 0 0 0 0 0 0 0 0 0 0 0 0 0 0 0 0 0 0 0 0
0 0 0 0 0 0 0 0 0 0 0 0 0 0 0 0 0 0 0 0 0 0 0 0 0 0 3.259271e-06 3.46844e-06 4.042517e-06 4.233342e-06 4.233342e-06 4.233342e-06 4.233342e-06 0 0 0 0 0 0 0 0 0 0 0 0 0 0 0 0 0 0 0 0 0 0 0 0 0 0 0 0 0 0 0 0 0 0 0 0 0 0 0 0 0 0 0 0 0 0 0 0 0 0 0 0
0 0 0 0 0 0 0 0 0 0 0 0 0 0 0 0 0 0 0 0 0 0 0 0 0 0 3.194546e-06 3.701852e-06 4.233342e-06 4.233342e-06 4.233342e-06 4.233342e-06 4.233342e-06 0 0 0 0 0 0 0 0 0 0 0 0 0 0 0 0 0 0 0 0 0 0 0 0 0 0 0 0 0 0 0 0 0 0 0 0 0 0 0 0 0 0 0 0 0 0 0 0 0 0 0 0
0 0 0 0 0 0 0 0 0 0 0 0 0 0 0 0 0 0 0 0 0 0 0 0 0 3.937384e-06 3.6972e-06 3.979136e-06 4.233342e-06 4.233342e-06 4.233342e-06 4.233342e-06 4.233342e-06 4.233342e-06 0 0 0 0 0 0 0 0 0 0 0 0 0 0 0 0 0 0 0 0 0 0 0 0 0 0 0 0 0 0 0 0 0 0 0 0 0 0 0 0 0 0 0 0 0 0 0 0 0 0 0
0 0 0 0 0 0 0 0 0 0 0 0 0 0 0 0 0 0 0 0 0 0 0 4.233342e-06 4.233342e-06 4.233342e-06 4.164084e-06 4.211793e-06 4.233342e-06 4.233342e-06 4.233342e-06 4.233342e-06 4.233342e-06 4.253825e-06 4.308271e-06 0 0 0 0 0 0 0 0 0 0 0 0 0 0 0 0 0 0 0 0 0 0 0 0 0 0 0 0 0 0 0 0 0 0 0 0 0 0 0 0 0 0 0 0 0 0 0 0 0 0
0 0 0 0 0 0 0 0 0 0 0 0 0 0 0 0 0 0 0 0 0 4.233342e-06 4.233342e-06 4.233342e-06 4.233342e-06 4.233342e-06 4.233342e-06 4.264785e-06 4.233342e-06 4.233342e-06 4.233342e-06 4.233342e-06 4.233342e-06 4.486258e-06 4.774932e-06 0 0 0 0 0 0 0 0 0 0 0 0 0 0 0 0 0 0 0 0 0 0 0 0 0 0 0 0 0 0 0 0 0 0 0 0 0 0 0 0 0 0 0 0 0 0 0 0 0 0
0 0 0 0 0 0 0 0 0 0 0 0 0 0 0 0 3.878448e-06 4.233342e-06 4.233342e-06 4.233342e-06 4.233342e-06 4.233342e-06 4.233342e-06 4.233342e-06 4.233342e-06 4.286368e-06 4.233342e-06 4.517229e-06 4.695426e-06 4.513604e-06 4.280192e-06 4.233342e-06 4.233342e-06 4.759802e-06 5.273668e-06 4.69511e-06 0 0 0 0 0 0 0 0 0 0 0 0 0 0 0 0 0 0 0 0 0 0 0 0 0 0 0 0 0 0 0 0 0 0 0 0 0 0 0 0 0 0 0 0 0 0 0 0 0
0 0 0 0 0 0 0 0 0 0 0 0 0 0 0 3.561976e-06 4.111861e-06 4.233342e-06 4.233342e-06 4.233342e-06 4.233342e-06 4.233342e-06 4.233342e-06 4.233342e-06 4.2726e-06 4.629379e-06 4.752857e-06 4.964239e-06 5.291677e-06 5.063488e-06 4.830076e-06 4.596664e-06 4.547464e-06 4.993214e-06 5.040256e-06 4.490371e-06 4.233342e-06 0 0 0 0 0 0 0 0 0 0 0 0 0 0 0 0 0 0 0 0 0 0 0 0 0 0 0 0 0 0 0 0 0 0 0 0 0 0 0 0 0 0 0 0 0 0 0 0
0 0 0 0 0 0 0 0 0 0 0 0 0 0 0 3.795388e-06 4.233342e-06 4.233342e-06 4.233342e-06 4.233342e-06 4.233342e-06 4.233342e-06 4.233342e-06 4.233342e-06 4.398082e-06 4.906844e-06 5.26625e-06 5.243403e-06 5.291677e-06 5.291677e-06 5.291677e-06 5.146549e-06 5.07173e-06 5.254063e-06 4.806844e-06 4.256959e-06 4.233342e-06 0 0 0 0 0 0 0 0 0 0 0 0 0 0 0 0 0 0 0 0 0 0 0 0 0 0 0 0 0 0 0 0 0 0 0 0 0 0 0 0 0 0 0 0 0 0 0 0
0 0 0 0 0 0 0 0 0 0 0 0 0 0 0 0 4.233342e-06 4.233342e-06 4.233342e-06 4.233342e-06 4.233342e-06 4.233342e-06 4.233342e-06 4.233342e-06 4.271023e-06 4.546637e-06 5.046262e-06 5.280018e-06 5.265493e-06 5.291677e-06 5.291677e-06 5.243134e-06 5.182102e-06 5.123316e-06 4.573432e-06 4.233342e-06 4.233342e-06 0 0 0 0 0 0 0 0 0 0 0 0 0 0 0 0 0 0 0 0 0 0 0 0 0 0 0 0 0 0 0 0 0 0 0 0 0 0 0 0 0 0 0 0 0 0 0 0
0 0 0 0 0 0 0 0 0 0 0 0 0 0 0 0 4.233342e-06 4.233342e-06 4.233342e-06 4.233342e-06 4.233342e-06 4.233342e-06 4.233342e-06 4.233342e-06 4.233342e-06 4.416201e-06 5.01553e-06 5.074082e-06 4.825329e-06 4.928548e-06 5.16196e-06 4.966644e-06 4.671383e-06 4.587276e-06 4.314376e-06 4.233342e-06 4.233342e-06 4.233342e-06 0 0 0 0 0 0 0 0 0 0 0 0 0 0 0 0 0 0 0 0 0 0 0 0 0 0 0 0 0 0 0 0 0 0 0 0 0 0 0 0 0 0 0 0 0 0 0
0 0 0 0 0 0 0 0 0 0 0 0 0 0 0 0 0 4.233342e-06 4.233342e-06 4.233342e-06 4.233342e-06 4.233342e-06 4.233342e-06 4.233342e-06 4.233342e-06 4.353111e-06 4.718211e-06 4.614487e-06 4.233342e-06 4.378663e-06 4.596377e-06 4.502059e-06 4.233342e-06 4.241592e-06 4.233342e-06 4.233342e-06 4.233342e-06 4.233342e-06 0 0 0 0 0 0 0 0 0 0 0 0 0 0 0 0 0 0 0 0 0 0 0 0 0 0 0 0 0 0 0 0 0 0 0 0 0 0 0 0 0 0 0 0 0 0 0
0 0 0 0 0 0 0 0 0 0 0 0 0 0 0 0 0 4.233342e-06 4.233342e-06 4.233342e-06 4.233342e-06 4.233342e-06 4.233342e-06 4.233342e-06 4.233342e-06 4.233342e-06 4.233342e-06 4.288815e-06 4.233342e-06 4.233342e-06 4.233342e-06 4.246941e-06 4.233342e-06 4.233342e-06 4.233342e-06 4.233342e-06 4.233342e-06 4.233342e-06 4.233342e-06 0 0 0 0 0 0 0 0 0 0 0 0 0 0 0 0 0 0 0 0 0 0 0 0 0 0 0 0 0 0 0 0 0 0 0 0 0 0 0 0 0 0 0 0 0 0
0 0 0 0 0 0 0 0 0 0 0 0 0 0 0 0 0 4.233342e-06 4.233342e-06 4.233342e-06 4.233342e-06 4.233342e-06 4.233342e-06 4.233342e-06 4.233342e-06 4.233342e-06 4.233342e-06 4.233342e-06 4.233342e-06 4.233342e-06 4.233342e-06 4.233342e-06 4.233342e-06 4.233342e-06 4.233342e-06 4.233342e-06 4.233342e-06 4.233342e-06 4.233342e-06 0 0 0 0 0 0 0 0 0 0 0 0 0 0 0 0 0 0 0 0 0 0 0 0 0 0 0 0 0 0 0 0 0 0 0 0 0 0 0 0 0 0 0 0 0 0
0 0 0 0 0 0 0 0 0 0 0 0 0 0 0 0 0 0 4.233342e-06 4.233342e-06 4.233342e-06 4.233342e-06 4.233342e-06 4.233342e-06 4.233342e-06 4.233342e-06 4.233342e-06 4.233342e-06 4.233342e-06 4.233342e-06 4.233342e-06 4.233342e-06 4.233342e-06 4.233342e-06 4.233342e-06 4.233342e-06 4.233342e-06 4.233342e-06 4.233342e-06 4.233342e-06 0 0 0 0 0 0 0 0 0 0 0 0 0 0 0 0 0 0 0 0 0 0 0 0 0 0 0 0 0 0 0 0 0 0 0 0 0 0 0 0 0 0 0 0 0
0 0 0 0 0 0 0 0 0 0 0 0 0 0 0 0 0 0 4.112444e-06 4.233342e-06 4.233342e-06 4.233342e-06 4.233342e-06 4.233342e-06 4.233342e-06 4.233342e-06 4.233342e-06 4.233342e-06 4.233342e-06 4.233342e-06 4.233342e-06 4.233342e-06 4.233342e-06 4.233342e-06 4.233342e-06 4.233342e-06 4.233342e-06 4.233342e-06 4.233342e-06 4.233342e-06 4.233342e-06 0 0 0 0 0 0 0 0 0 0 0 0 0 0 0 0 0 0 0 0 0 0 0 0 0 0 0 0 0 0 0 0 0 0 0 0 0 0 0 0 0 0 0 0
0 0 0 0 0 0 0 0 0 0 0 0 0 0 0 0 0 3.587448e-06 4.148222e-06 4.233342e-06 4.233342e-06 4.233342e-06 4.233342e-06 4.233342e-06 4.233342e-06 4.233342e-06 4.233342e-06 4.233342e-06 4.233342e-06 4.233342e-06 4.233342e-06 4.233342e-06 4.233342e-06 4.233342e-06 4.233342e-06 4.233342e-06 4.233342e-06 4.233342e-06 4.233342e-06 4.233342e-06 4.233342e-06 0 0 0 0 0 0 0 0 0 0 0 0 0 0 0 0 0 0 0 0 0 0 0 0 0 0 0 0 0 0 0 0 0 0 0 0 0 0 0 0 0 0 0 0
0 0 0 0 0 0 0 0 0 0 0 0 0 0 0 0 0 3.82086e-06 4.233342e-06 4.233342e-06 4.233342e-06 4.233342e-06 4.233342e-06 4.233342e-06 4.233342e-06 4.233342e-06 4.233342e-06 4.233342e-06 4.233342e-06 4.233342e-06 4.233342e-06 4.233342e-06 4.233342e-06 4.233342e-06 4.233342e-06 4.233342e-06 4.233342e-06 4.233342e-06 4.233342e-06 4.233342e-06 4.233342e-06 0 0 0 0 0 0 0 0 0 0 0 0 0 0 0 0 0 0 0 0 0 0 0 0 0 0 0 0 0 0 0 0 0 0 0 0 0 0 0 0 0 0 0 0
0 0 0 0 0 0 0 0 0 0 0 0 0 0 0 0 0 3.925662e-06 4.233342e-06 4.233342e-06 4.233342e-06 4.233342e-06 4.233342e-06 4.233342e-06 4.233342e-06 4.233342e-06 4.233342e-06 4.233342e-06 4.233342e-06 4.233342e-06 4.233342e-06 4.233342e-06 4.233342e-06 4.233342e-06 4.233342e-06 4.233342e-06 4.233342e-06 4.233342e-06 4.233342e-06 4.233342e-06 4.233342e-06 0 0 0 0 0 0 0 0 0 0 0 0 0 0 0 0 0 0 0 0 0 0 0 0 0 0 0 0 0 0 0 0 0 0 0 0 0 0 0 0 0 0 0 0
0 0 0 0 0 0 0 0 0 0 0 0 0 0 0 0 0 3.528654e-06 3.762066e-06 4.017004e-06 4.231606e-06 4.233342e-06 4.233342e-06 4.233342e-06 4.233342e-06 4.233342e-06 4.233342e-06 4.233342e-06 4.233342e-06 4.233342e-06 4.233342e-06 4.233342e-06 4.233342e-06 4.233342e-06 4.233342e-06 4.233342e-06 4.233342e-06 4.233342e-06 4.233342e-06 4.233342e-06 4.233342e-06 0 0 0 0 0 0 0 0 0 0 0 0 0 0 0 0 0 0 0 0 0 0 0 0 0 0 0 0 0 0 0 0 0 0 0 0 0 0 0 0 0 0 0 0
0 0 0 0 0 0 0 0 0 0 0 0 0 0 0 0 3.498239e-06 3.371243e-06 3.212182e-06 3.690618e-06 4.139447e-06 4.233342e-06 4.233342e-06 4.233342e-06 4.233342e-06 4.233342e-06 4.233342e-06 4.233342e-06 4.233342e-06 4.233342e-06 4.233342e-06 4.233342e-06 4.233342e-06 4.233342e-06 4.233342e-06 4.233342e-06 4.233342e-06 4.233342e-06 4.233342e-06 4.233342e-06 4.233342e-06 0 0 0 0 0 0 0 0 0 0 0 0 0 0 0 0 0 0 0 0 0 0 0 0 0 0 0 0 0 0 0 0 0 0 0 0 0 0 0 0 0 0 0 0
0 0 0 0 0 0 0 0 0 0 0 0 0 0 0 0 4.12796e-06 3.921127e-06 3.694271e-06 3.868432e-06 4.233342e-06 4.233342e-06 4.233342e-06 4.233342e-06 4.233342e-06 4.233342e-06 4.233342e-06 4.233342e-06 4.233342e-06 4.233342e-06 4.233342e-06 4.233342e-06 4.233342e-06 4.233342e-06 4.233342e-06 4.233342e-06 4.233342e-06 4.233342e-06 4.233342e-06 4.233342e-06 4.233342e-06 0 0 0 0 0 0 0 0 0 0 0 0 0 0 0 0 0 0 0 0 0 0 0 0 0 0 0 0 0 0 0 0 0 0 0 0 0 0 0 0 0 0 0 0
0 0 0 0 0 0 0 0 0 0 0 0 0 0 0 0 4.233342e-06 4.233342e-06 4.233342e-06 4.176543e-06 4.233342e-06 4.233342e-06 4.233342e-06 4.233342e-06 4.233342e-06 4.233342e-06 4.233342e-06 4.233342e-06 4.233342e-06 4.233342e-06 4.233342e-06 4.233342e-06 4.233342e-06 4.233342e-06 4.233342e-06 4.233342e-06 4.233342e-06 4.233342e-06 4.233342e-06 4.233342e-06 4.233342e-06 0 0 0 0 0 0 0 0 0 0 0 0 0 0 0 0 0 0 0 0 0 0 0 0 0 0 0 0 0 0 0 0 0 0 0 0 0 0 0 0 0 0 0 0
0 0 0 0 0 0 0 0 0 0 0 0 0 0 0 4.233342e-06 4.233342e-06 4.233342e-06 4.233342e-06 4.233342e-06 4.233342e-06 4.233342e-06 4.233342e-06 4.25605e-06 4.354303e-06 4.233342e-06 4.233342e-06 4.233342e-06 4.233342e-06 4.233342e-06 4.233342e-06 4.233342e-06 4.233342e-06 4.233342e-06 4.233342e-06 4.233342e-06 4.233342e-06 4.233342e-06 4.233342e-06 4.233342e-06 4.233342e-06 0 0 0 0 0 0 0 0 0 0 0 0 0 0 0 0 0 0 0 0 0 0 0 0 0 0 0 0 0 0 0 0 0 0 0 0 0 0 0 0 0 0 0 0
0 0 0 0 0 0 0 0 0 0 0 0 0 0 0 4.233342e-06 4.233342e-06 4.233342e-06 4.233342e-06 4.233342e-06 4.233342e-06 4.233342e-06 4.233342e-06 4.503595e-06 4.836076e-06 4.597633e-06 4.283428e-06 4.233342e-06 4.233342e-06 4.233342e-06 4.233342e-06 4.233342e-06 4.233342e-06 4.233342e-06 4.233342e-06 4.233342e-06 4.233342e-06 4.233342e-06 4.233342e-06 4.233342e-06 4.233342e-06 4.233342e-06 0 0 0 0 0 0 0 0 0 0 0 0 0 0 0 0 0 0 0 0 0 0 0 0 0 0 0 0 0 0 0 0 0 0 0 0 0 0 0 0 0 0 0
0 0 0 0 0 0 0 0 0 0 0 0 0 0 0 4.233342e-06 4.233342e-06 4.233342e-06 4.233342e-06 4.233342e-06 4.233342e-06 4.233342e-06 4.233342e-06 4.514555e-06 5.031814e-06 4.730714e-06 4.233342e-06 4.233342e-06 4.233342e-06 4.233342e-06 4.233342e-06 4.233342e-06 4.233342e-06 4.233342e-06 4.233342e-06 4.233342e-06 4.233342e-06 4.233342e-06 4.233342e-06 4.233342e-06 4.233342e-06 4.233342e-06 0 0 0 0 0 0 0 0 0 0 0 0 0 0 0 0 0 0 0 0 0 0 0 0 0 0 0 0 0 0 0 0 0 0 0 0 0 0 0 0 0 0 0
0 0 0 0 0 0 0 0 0 0 0 0 0 0 0 4.233342e-06 4.233342e-06 4.233342e-06 4.243339e-06 4.233342e-06 4.337782e-06 4.533188e-06 4.404264e-06 4.248734e-06 4.61567e-06 4.783026e-06 4.478533e-06 4.254895e-06 4.233342e-06 4.233342e-06 4.233342e-06 4.233342e-06 4.233342e-06 4.233342e-06 4.233342e-06 4.233342e-06 4.233342e-06 4.233342e-06 4.233342e-06 4.233342e-06 4.233342e-06 4.233342e-06 0 0 0 0 0 0 0 0 0 0 0 0 0 0 0 0 0 0 0 0 0 0 0 0 0 0 0 0 0 0 0 0 0 0 0 0 0 0 0 0 0 0 0
0 0 0 0 0 0 0 0 0 0 0 0 0 0 0 4.233342e-06 4.233342e-06 4.233342e-06 4.446927e-06 4.578365e-06 4.672364e-06 5.122987e-06 4.680006e-06 4.268648e-06 4.578994e-06 5.202622e-06 4.68372e-06 4.24083e-06 4.456146e-06 4.410067e-06 4.233342e-06 4.233342e-06 4.233342e-06 4.233342e-06 4.233342e-06 4.233342e-06 4.233342e-06 4.233342e-06 4.233342e-06 4.233342e-06 4.233342e-06 4.233342e-06 4.233342e-06 0 0 0 0 0 0 0 0 0 0 0 0 0 0 0 0 0 0 0 0 0 0 0 0 0 0 0 0 0 0 0 0 0 0 0 0 0 0 0 0 0 0
0 0 0 0 0 0 0 0 0 0 0 0 0 0 4.233342e-06 4.233342e-06 4.233342e-06 4.258596e-06 4.750149e-06 5.122825e-06 4.726242e-06 4.739525e-06 4.527892e-06 4.233342e-06 4.377142e-06 4.594124e-06 4.428999e-06 4.44536e-06 4.961965e-06 4.769788e-06 4.33852e-06 4.233342e-06 4.233342e-06 4.233342e-06 4.233342e-06 4.233342e-06 4.233342e-06 4.233342e-06 4.233342e-06 4.233342e-06 4.233342e-06 4.233342e-06 4.233342e-06 0 0 0 0 0 0 0 0 0 0 0 0 0 0 0 0 0 0 0 0 0 0 0 0 0 0 0 0 0 0 0 0 0 0 0 0 0 0 0 0 0 0
0 0 0 0 0 0 0 0 0 0 0 0 0 0 4.233342e-06 4.233342e-06 4.233342e-06 4.270959e-06 4.528285e-06 4.665132e-06 4.38953e-06 4.247832e-06 4.270427e-06 4.233342e-06 4.233342e-06 4.233342e-06 4.242088e-06 4.398042e-06 4.81404e-06 4.655606e-06 4.233342e-06 4.233342e-06 4.233342e-06 4.233342e-06 4.233342e-06 4.233342e-06 4.233342e-06 4.233342e-06 4.233342e-06 4.233342e-06 4.233342e-06 4.233342e-06 4.233342e-06 0 0 0 0 0 0 0 0 0 0 0 0 0 0 0 0 0 0 0 0 0 0 0 0 0 0 0 0 0 0 0 0 0 0 0 0 0 0 0 0 0 0
0 0 0 0 0 0 0 0 0 0 0 0 0 0 4.274961e-06 4.233342e-06 4.233342e-06 4.233342e-06 4.233342e-06 4.264005e-06 4.260819e-06 4.52678e-06 4.505852e-06 4.258167e-06 4.233342e-06 4.233342e-06 4.233342e-06 4.233342e-06 4.271655e-06 4.31416e-06 4.233342e-06 4.233342e-06 4.233342e-06 4.233342e-06 4.233342e-06 4.233342e-06 4.233342e-06 4.233342e-06 4.233342e-06 4.233342e-06 4.233342e-06 4.233342e-06 4.233342e-06 0 0 0 0 0 0 0 0 0 0 0 0 0 0 0 0 0 0 0 0 0 0 0 0 0 0 0 0 0 0 0 0 0 0 0 0 0 0 0 0 0 0
0 0 0 0 0 0 0 0 0 0 0 0 0 0 4.745693e-06 4.356797e-06 4.233342e-06 4.233342e-06 4.233342e-06 4.233342e-06 4.440001e-06 5.039581e-06 4.828101e-06 4.346188e-06 4.233342e-06 4.233342e-06 4.233342e-06 4.233342e-06 4.233342e-06 4.233342e-06 4.233342e-06 4.233342e-06 4.233342e-06 4.233342e-06 4.233342e-06 4.233342e-06 4.233342e-06 4.233342e-06 4.233342e-06 4.233342e-06 4.233342e-06 4.233342e-06 4.233342e-06 0 0 0 0 0 0 0 0 0 0 0 0 0 0 0 0 0 0 0 0 0 0 0 0 0 0 0 0 0 0 0 0 0 0 0 0 0 0 0 0 0 0
0 0 0 0 0 0 0 0 0 0 0 0 0 0 4.942168e-06 4.343378e-06 4.233342e-06 4.233342e-06 4.233342e-06 4.233342e-06 4.355212e-06 4.720564e-06 4.582662e-06 4.233342e-06 4.233342e-06 4.233342e-06 4.233342e-06 4.233342e-06 4.233342e-06 4.233342e-06 4.233342e-06 4.233342e-06 4.233342e-06 4.233342e-06 4.233342e-06 4.233342e-06 4.233342e-06 4.233342e-06 4.233342e-06 4.233342e-06 4.233342e-06 4.233342e-06 4.233342e-06 0 0 0 0 0 0 0 0 0 0 0 0 0 0 0 0 0 0 0 0 0 0 0 0 0 0 0 0 0 0 0 0 0 0 0 0 0 0 0 0 0 0
0 0 0 0 0 0 0 0 0 0 0 0 0 0 5.046969e-06 4.596293e-06 4.297963e-06 4.233342e-06 4.233342e-06 4.233342e-06 4.233342e-06 4.233342e-06 4.278689e-06 4.233342e-06 4.233342e-06 4.233342e-06 4.233342e-06 4.233342e-06 4.233342e-06 4.233342e-06 4.233342e-06 4.233342e-06 4.233342e-06 4.430108e-06 4.42937e-06 4.233342e-06 4.233342e-06 4.233342e-06 4.233342e-06 4.233342e-06 4.233342e-06 4.233342e-06 4.233342e-06 0 0 0 0 0 0 0 0 0 0 0 0 0 0 0 0 0 0 0 0 0 0 0 0 0 0 0 0 0 0 0 0 0 0 0 0 0 0 0 0 0 0
0 0 0 0 0 0 0 0 0 0 0 0 0 0 5.163505e-06 4.881071e-06 4.348513e-06 4.233342e-06 4.233342e-06 4.233342e-06 4.233342e-06 4.233342e-06 4.233342e-06 4.233342e-06 4.233342e-06 4.233342e-06 4.251281e-06 4.382616e-06 4.2661e-06 4.233342e-06 4.233342e-06 4.233342e-06 4.395444e-06 4.896006e-06 4.984949e-06 4.751537e-06 4.452207e-06 4.246131e-06 4.233342e-06 4.233342e-06 4.233342e-06 4.233342e-06 4.233342e-06 0 0 0 0 0 0 0 0 0 0 0 0 0 0 0 0 0 0 0 0 0 0 0 0 0 0 0 0 0 0 0 0 0 0 0 0 0 0 0 0 0 0
0 0 0 0 0 0 0 0 0 0 0 0 0 0 4.619982e-06 4.755589e-06 4.431792e-06 4.233342e-06 4.233342e-06 4.233342e-06 4.233342e-06 4.233342e-06 4.233342e-06 4.233342e-06 4.333346e-06 4.400714e-06 4.502962e-06 4.868526e-06 4.645731e-06 4.298444e-06 4.233342e-06 4.233342e-06 4.628856e-06 5.178741e-06 5.191287e-06 5.282591e-06 4.690728e-06 4.250424e-06 4.233342e-06 4.233342e-06 4.233342e-06 4.233342e-06 4.233342e-06 0 0 0 0 0 0 0 0 0 0 0 0 0 0 0 0 0 0 0 0 0 0 0 0 0 0 0 0 0 0 0 0 0 0 0 0 0 0 0 0 0 0
0 0 0 0 0 0 0 0 0 0 0 0 0 0 0 5.005882e-06 4.780538e-06 4.338547e-06 4.233342e-06 4.233342e-06 4.233342e-06 4.233342e-06 4.233342e-06 4.233342e-06 4.675595e-06 4.97719e-06 4.763182e-06 4.97984e-06 4.708423e-06 4.233342e-06 4.233342e-06 4.2799e-06 4.742507e-06 5.174831e-06 4.789357e-06 4.655754e-06 4.473067e-06 4.233342e-06 4.233342e-06 4.233342e-06 4.233342e-06 4.233342e-06 4.233342e-06 0 0 0 0 0 0 0 0 0 0 0 0 0 0 0 0 0 0 0 0 0 0 0 0 0 0 0 0 0 0 0 0 0 0 0 0 0 0 0 0 0 0
0 0 0 0 0 0 0 0 0 0 0 0 0 0 0 4.795317e-06 4.63488e-06 4.233342e-06 4.233342e-06 4.233342e-06 4.233342e-06 4.233342e-06 4.233342e-06 4.380062e-06 4.929946e-06 5.103524e-06 4.553639e-06 4.388543e-06 4.347067e-06 4.233342e-06 4.233342e-06 4.255044e-06 4.483423e-06 4.592998e-06 4.346342e-06 4.233342e-06 4.252821e-06 4.233342e-06 4.233342e-06 4.233342e-06 4.233342e-06 4.233342e-06 4.238877e-06 0 0 0 0 0 0 0 0 0 0 0 0 0 0 0 0 0 0 0 0 0 0 0 0 0 0 0 0 0 0 0 0 0 0 0 0 0 0 0 0 0 0
0 0 0 0 0 0 0 0 0 0 0 0 0 0 0 4.251182e-06 4.30441e-06 4.233342e-06 4.233342e-06 4.233342e-06 4.233342e-06 4.233342e-06 4.233342e-06 4.53194e-06 5.163358e-06 4.870112e-06 4.320227e-06 4.233342e-06 4.233342e-06 4.233342e-06 4.233342e-06 4.233342e-06 4.233342e-06 4.233342e-06 4.233342e-06 4.233342e-06 4.233342e-06 4.233342e-06 4.233342e-06 4.233342e-06 4.233342e-06 4.233342e-06 4.233342e-06 0 0 0 0 0 0 0 0 0 0 0 0 0 0 0 0 0 0 0 0 0 0 0 0 0 0 0 0 0 0 0 0 0 0 0 0 0 0 0 0 0 0
0 0 0 0 0 0 0 0 0 0 0 0 0 0 0 0 4.233342e-06 4.233342e-06 4.233342e-06 4.233342e-06 4.233342e-06 4.233342e-06 4.236231e-06 4.396505e-06 4.697077e-06 4.518527e-06 4.233342e-06 4.233342e-06 4.233342e-06 4.233342e-06 4.233342e-06 4.233342e-06 4.233342e-06 4.233342e-06 4.233342e-06 4.233342e-06 4.233342e-06 4.233342e-06 4.233342e-06 4.233342e-06 4.233342e-06 4.233342e-06 4.233342e-06 0 0 0 0 0 0 0 0 0 0 0 0 0 0 0 0 0 0 0 0 0 0 0 0 0 0 0 0 0 0 0 0 0 0 0 0 0 0 0 0 0 0
0 0 0 0 0 0 0 0 0 0 0 0 0 0 0 0 4.233342e-06 4.233342e-06 4.233342e-06 4.233342e-06 4.233342e-06 4.233342e-06 4.233342e-06 4.233342e-06 4.233342e-06 4.265199e-06 4.233342e-06 4.233342e-06 4.233342e-06 4.233342e-06 4.233342e-06 4.233342e-06 4.233342e-06 4.233342e-06 4.233342e-06 4.233342e-06 4.233342e-06 4.233342e-06 4.233342e-06 4.233342e-06 4.233342e-06 4.233342e-06 0 0 0 0 0 0 0 0 0 0 0 0 0 0 0 0 0 0 0 0 0 0 0 0 0 0 0 0 0 0 0 0 0 0 0 0 0 0 0 0 0 0 0
0 0 0 0 0 0 0 0 0 0 0 0 0 0 0 0 0 4.233342e-06 4.233342e-06 4.233342e-06 4.233342e-06 4.233342e-06 4.233342e-06 4.233342e-06 4.233342e-06 4.233342e-06 4.233342e-06 4.233342e-06 4.233342e-06 4.233342e-06 4.233342e-06 4.233342e-06 4.233342e-06 4.233342e-06 4.233342e-06 4.233342e-06 4.233342e-06 4.233342e-06 4.233342e-06 4.233342e-06 4.233342e-06 4.233342e-06 0 0 0 0 0 0 0 0 0 0 0 0 0 0 0 0 0 0 0 0 0 0 0 0 0 0 0 0 0 0 0 0 0 0 0 0 0 0 0 0 0 0 0
0 0 0 0 0 0 0 0 0 0 0 0 0 0 0 0 0 0 4.233342e-06 4.233342e-06 4.233342e-06 4.233342e-06 4.233342e-06 4.233342e-06 4.233342e-06 4.233342e-06 4.233342e-06 4.233342e-06 4.233342e-06 4.233342e-06 4.233342e-06 4.233342e-06 4.233342e-06 4.233342e-06 4.233342e-06 4.233342e-06 4.233342e-06 4.121443e-06 4.233342e-06 4.233342e-06 4.233342e-06 4.233342e-06 4.233342e-06 0 0 0 0 0 0 0 0 0 0 0 0 0 0 0 0 0 0 0 0 0 0 0 0 0 0 0 0 0 0 0 0 0 0 0 0 0 0 0 0 0 0
0 0 0 0 0 0 0 0 0 0 0 0 0 0 0 0 0 0 0 4.233342e-06 4.233342e-06 4.233342e-06 4.233342e-06 4.233342e-06 4.233342e-06 4.03646e-06 4.077117e-06 4.233342e-06 4.233342e-06 4.233342e-06 4.233342e-06 4.233342e-06 4.233342e-06 4.233342e-06 4.233342e-06 4.233342e-06 4.01687e-06 3.668868e-06 3.836112e-06 4.165837e-06 4.233342e-06 4.233342e-06 4.233342e-06 4.233342e-06 0 0 0 0 0 0 0 0 0 0 0 0 0 0 0 0 0 0 0 0 0 0 0 0 0 0 0 0 0 0 0 0 0 0 0 0 0 0 0 0 0
0 0 0 0 0 0 0 0 0 0 0 0 0 0 0 0 0 0 0 4.233342e-06 4.233342e-06 4.233342e-06 4.233342e-06 4.233342e-06 4.043341e-06 3.553e-06 3.695036e-06 4.119465e-06 4.233342e-06 4.233342e-06 4.233342e-06 4.233342e-06 4.233342e-06 4.233342e-06 4.233342e-06 4.233342e-06 3.985871e-06 3.468331e-06 3.680062e-06 4.229649e-06 4.233342e-06 4.233342e-06 4.233342e-06 4.233342e-06 4.233342e-06 0 0 0 0 0 0 0 0 0 0 0 0 0 0 0 0 0 0 0 0 0 0 0 0 0 0 0 0 0 0 0 0 0 0 0 0 0 0 0 0
0 0 0 0 0 0 0 0 0 0 0 0 0 0 0 0 0 0 0 0 4.233342e-06 4.233342e-06 4.2041e-06 4.233342e-06 4.068299e-06 3.645463e-06 3.771836e-06 4.214162e-06 4.233342e-06 4.233342e-06 4.233342e-06 4.233342e-06 4.233342e-06 4.233342e-06 4.233342e-06 4.233342e-06 4.222493e-06 3.884544e-06 3.686146e-06 3.965597e-06 4.204756e-06 4.233342e-06 4.233342e-06 4.233342e-06 4.233342e-06 3.880406e-06 0 0 0 0 0 0 0 0 0 0 0 0 0 0 0 0 0 0 0 0 0 0 0 0 0 0 0 0 0 0 0 0 0 0 0 0 0 0 0
0 0 0 0 0 0 0 0 0 0 0 0 0 0 0 0 0 0 0 0 4.233342e-06 4.160794e-06 3.855163e-06 3.889129e-06 4.176483e-06 4.171308e-06 4.135641e-06 4.233342e-06 4.233342e-06 4.233342e-06 4.233342e-06 4.233342e-06 4.233342e-06 4.233342e-06 4.233342e-06 4.233342e-06 4.233342e-06 3.812548e-06 3.262664e-06 3.731213e-06 4.2046e-06 4.031247e-06 4.04296e-06 4.233342e-06 4.2238e-06 3.951261e-06 3.522402e-06 3.787561e-06 0 0 0 0 0 0 0 0 0 0 0 0 0 0 0 0 0 0 0 0 0 0 0 0 0 0 0 0 0 0 0 0 0 0 0 0 0
0 0 0 0 0 0 0 0 0 0 0 0 0 0 0 0 0 0 0 0 4.233342e-06 4.017675e-06 3.457764e-06 3.615074e-06 4.136657e-06 4.233342e-06 4.233342e-06 4.233342e-06 4.233342e-06 4.233342e-06 4.233342e-06 4.233342e-06 4.233342e-06 4.233342e-06 4.233342e-06 4.233342e-06 4.131478e-06 3.579136e-06 3.235864e-06 3.61888e-06 3.922996e-06 3.554625e-06 3.49221e-06 3.725622e-06 3.959034e-06 4.192446e-06 3.842659e-06 3.639362e-06 0 0 0 0 0 0 0 0 0 0 0 0 0 0 0 0 0 0 0 0 0 0 0 0 0 0 0 0 0 0 0 0 0 0 0 0 0
0 0 0 0 0 0 0 0 0 0 0 0 0 0 0 0 0 0 0 0 4.233342e-06 4.15066e-06 3.860199e-06 3.961607e-06 4.216434e-06 4.233342e-06 4.233342e-06 4.233342e-06 4.233342e-06 4.233342e-06 4.233342e-06 4.233342e-06 4.124942e-06 4.06855e-06 4.233342e-06 4.233342e-06 4.079043e-06 3.632059e-06 3.24431e-06 3.285104e-06 3.391231e-06 3.224167e-06 3.175006e-06 3.175738e-06 3.40915e-06 3.642562e-06 3.515069e-06 3.175006e-06 0 0 0 0 0 0 0 0 0 0 0 0 0 0 0 0 0 0 0 0 0 0 0 0 0 0 0 0 0 0 0 0 0 0 0 0 0
0 0 0 0 0 0 0 0 0 0 0 0 0 0 0 0 0 0 0 0 4.233342e-06 4.233342e-06 4.191074e-06 4.217385e-06 4.004572e-06 3.806968e-06 3.949524e-06 4.182936e-06 4.233342e-06 4.233342e-06 4.233342e-06 4.233342e-06 3.77197e-06 3.48135e-06 3.96702e-06 4.227319e-06 4.197526e-06 4.013498e-06 3.452096e-06 3.175006e-06 3.175006e-06 3.175006e-06 3.175006e-06 3.175006e-06 3.175006e-06 3.175006e-06 3.214981e-06 3.175006e-06 0 0 0 0 0 0 0 0 0 0 0 0 0 0 0 0 0 0 0 0 0 0 0 0 0 0 0 0 0 0 0 0 0 0 0 0 0
0 0 0 0 0 0 0 0 0 0 0 0 0 0 0 0 0 0 0 0 4.233342e-06 4.233342e-06 3.888646e-06 3.751667e-06 3.435195e-06 3.166621e-06 3.399639e-06 3.683498e-06 4.087915e-06 4.216901e-06 4.233342e-06 4.179226e-06 3.846855e-06 3.54237e-06 3.927192e-06 4.028883e-06 3.764861e-06 3.554395e-06 3.237923e-06 3.175006e-06 3.175006e-06 2.993269e-06 2.934427e-06 3.150472e-06 3.175006e-06 3.175006e-06 3.175006e-06 3.096358e-06 0 0 0 0 0 0 0 0 0 0 0 0 0 0 0 0 0 0 0 0 0 0 0 0 0 0 0 0 0 0 0 0 0 0 0 0 0
0 0 0 0 0 0 0 0 0 0 0 0 0 0 0 0 0 0 0 0 4.233342e-06 4.035292e-06 3.485407e-06 2.968371e-06 2.651898e-06 2.76463e-06 3.10508e-06 3.469384e-06 4.072136e-06 3.998452e-06 3.844907e-06 4.016816e-06 4.218103e-06 3.74766e-06 3.664025e-06 3.718766e-06 3.299024e-06 2.771099e-06 2.475694e-06 2.709106e-06 2.893747e-06 2.563155e-06 2.431929e-06 2.949273e-06 3.175006e-06 3.175006e-06 3.007558e-06 2.677118e-06 0 0 0 0 0 0 0 0 0 0 0 0 0 0 0 0 0 0 0 0 0 0 0 0 0 0 0 0 0 0 0 0 0 0 0 0 0
0 0 0 0 0 0 0 0 0 0 0 0 0 0 0 0 0 0 0 0 4.233342e-06 3.80188e-06 3.251995e-06 2.933138e-06 2.426322e-06 2.65681e-06 3.176024e-06 3.393781e-06 3.795971e-06 3.559938e-06 3.233519e-06 3.466931e-06 3.701286e-06 3.638707e-06 3.391332e-06 3.83572e-06 3.487251e-06 2.530499e-06 2.070778e-06 2.159222e-06 2.315474e-06 2.218965e-06 2.353436e-06 2.935046e-06 3.175006e-06 3.175006e-06 2.929588e-06 2.394487e-06 0 0 0 0 0 0 0 0 0 0 0 0 0 0 0 0 0 0 0 0 0 0 0 0 0 0 0 0 0 0 0 0 0 0 0 0 0
0 0 0 0 0 0 0 0 0 0 0 0 0 0 0 0 0 0 0 0 4.118352e-06 3.568468e-06 3.175006e-06 3.175006e-06 2.992212e-06 3.040525e-06 3.092099e-06 3.075628e-06 3.248584e-06 3.246778e-06 3.025433e-06 2.962454e-06 3.51405e-06 3.936794e-06 3.724559e-06 3.822057e-06 3.254145e-06 2.235725e-06 1.775188e-06 1.619193e-06 1.842749e-06 2.076961e-06 2.220703e-06 2.542986e-06 2.776398e-06 3.00981e-06 3.132876e-06 2.810953e-06 0 0 0 0 0 0 0 0 0 0 0 0 0 0 0 0 0 0 0 0 0 0 0 0 0 0 0 0 0 0 0 0 0 0 0 0 0
0 0 0 0 0 0 0 0 0 0 0 0 0 0 0 0 0 0 0 0 3.88494e-06 3.335055e-06 3.175006e-06 3.175006e-06 3.042546e-06 3.090044e-06 2.765623e-06 2.514925e-06 2.725261e-06 2.952988e-06 2.628402e-06 2.414281e-06 3.197578e-06 3.860837e-06 3.617125e-06 3.155373e-06 2.623593e-06 1.86982e-06 1.237047e-06 1.059453e-06 1.292865e-06 1.668131e-06 2.03094e-06 2.116671e-06 2.226513e-06 2.459926e-06 2.693338e-06 2.725775e-06 0 0 0 0 0 0 0 0 0 0 0 0 0 0 0 0 0 0 0 0 0 0 0 0 0 0 0 0 0 0 0 0 0 0 0 0 0
0 0 0 0 0 0 0 0 0 0 0 0 0 0 0 0 0 0 0 0 3.651528e-06 3.175006e-06 3.175006e-06 3.065635e-06 2.625504e-06 2.471947e-06 2.333067e-06 2.116671e-06 2.175377e-06 2.169691e-06 1.853219e-06 2.256528e-06 2.984648e-06 3.562531e-06 3.787275e-06 2.944458e-06 2.123321e-06 1.323358e-06 4.563567e-07 7.409654e-07 1.039806e-06 1.546034e-06 2.098889e-06 2.116671e-06 2.116671e-06 2.116671e-06 2.202425e-06 0 0 0 0 0 0 0 0 0 0 0 0 0 0 0 0 0 0 0 0 0 0 0 0 0 0 0 0 0 0 0 0 0 0 0 0 0 0
0 0 0 0 0 0 0 0 0 0 0 0 0 0 0 0 0 0 0 0 3.418116e-06 3.175006e-06 3.175006e-06 3.024175e-06 2.587915e-06 2.200755e-06 2.127934e-06 2.116671e-06 2.116671e-06 1.644161e-06 1.094277e-06 2.606179e-06 3.793168e-06 3.912139e-06 4.092564e-06 2.453696e-06 1.261228e-06 6.388808e-07 9.622324e-08 6.537858e-07 1.229562e-06 1.779446e-06 2.116671e-06 2.116671e-06 2.116671e-06 2.116671e-06 2.266128e-06 0 0 0 0 0 0 0 0 0 0 0 0 0 0 0 0 0 0 0 0 0 0 0 0 0 0 0 0 0 0 0 0 0 0 0 0 0 0
0 0 0 0 0 0 0 0 0 0 0 0 0 0 0 0 0 0 0 3.734588e-06 3.184704e-06 3.175006e-06 3.165265e-06 3.124747e-06 2.969692e-06 2.397566e-06 2.116671e-06 2.116671e-06 1.960634e-06 1.410749e-06 1.329312e-06 2.578365e-06 3.935345e-06 4.201252e-06 3.392328e-06 1.742675e-06 8.071311e-07 1.869106e-07 8.055331e-08 4.038879e-07 1.242598e-06 2.000757e-06 2.116671e-06 2.116671e-06 1.894887e-06 1.873517e-06 2.109342e-06 0 0 0 0 0 0 0 0 0 0 0 0 0 0 0 0 0 0 0 0 0 0 0 0 0 0 0 0 0 0 0 0 0 0 0 0 0 0
0 0 0 0 0 0 0 0 0 0 0 0 0 0 0 0 0 0 0 3.501176e-06 3.175006e-06 3.175006e-06 2.955852e-06 2.681107e-06 2.578668e-06 2.285253e-06 2.116671e-06 2.116671e-06 1.727222e-06 1.177337e-06 1.031551e-06 1.524351e-06 2.554785e-06 3.371095e-06 2.58853e-06 1.05812e-06 9.133676e-07 5.243508e-07 1.374952e-07 1.62712e-07 1.33633e-06 2.034226e-06 1.834274e-06 1.772562e-06 1.414128e-06 1.478916e-06 0 0 0 0 0 0 0 0 0 0 0 0 0 0 0 0 0 0 0 0 0 0 0 0 0 0 0 0 0 0 0 0 0 0 0 0 0 0 0
0 0 0 0 0 0 0 0 0 0 0 0 0 0 0 0 0 0 0 3.267764e-06 3.175006e-06 3.175006e-06 2.676446e-06 2.126561e-06 2.165905e-06 2.116671e-06 2.116671e-06 2.061455e-06 1.508029e-06 9.665459e-07 6.718906e-07 8.882083e-07 1.714472e-06 2.238509e-06 2.07917e-06 1.336595e-06 9.242329e-07 7.486882e-07 1.866094e-07 2.593088e-07 1.087111e-06 1.537099e-06 1.262949e-06 1.244934e-06 1.110953e-06 1.382249e-06 0 0 0 0 0 0 0 0 0 0 0 0 0 0 0 0 0 0 0 0 0 0 0 0 0 0 0 0 0 0 0 0 0 0 0 0 0 0 0
0 0 0 0 0 0 0 0 0 0 0 0 0 0 0 0 0 0 3.584236e-06 3.175006e-06 3.175006e-06 3.00862e-06 2.443034e-06 2.116671e-06 2.116671e-06 2.116671e-06 2.116671e-06 2.044042e-06 1.724844e-06 1.051147e-06 2.678501e-07 8.582898e-07 1.918781e-06 1.927309e-06 1.901802e-06 1.172262e-06 2.914437e-07 2.410719e-07 0 0 2.573026e-07 8.963887e-07 1.058335e-06 1.058335e-06 1.056568e-06 1.198871e-06 0 0 0 0 0 0 0 0 0 0 0 0 0 0 0 0 0 0 0 0 0 0 0 0 0 0 0 0 0 0 0 0 0 0 0 0 0 0 0
0 0 0 0 0 0 0 0 0 0 0 0 0 0 0 0 0 0 3.586848e-06 3.207097e-06 3.175006e-06 3.011218e-06 2.581544e-06 2.215729e-06 2.116671e-06 2.116671e-06 2.116671e-06 1.964163e-06 2.021669e-06 1.367619e-06 6.671024e-07 9.211934e-07 1.662961e-06 1.479633e-06 1.138555e-06 5.227951e-07 5.86539e-08 5.756245e-08 0 0 2.799518e-07 8.298363e-07 1.058335e-06 1.058335e-06 8.648672e-07 7.729424e-07 0 0 0 0 0 0 0 0 0 0 0 0 0 0 0 0 0 0 0 0 0 0 0 0 0 0 0 0 0 0 0 0 0 0 0 0 0 0 0
0 0 0 0 0 0 0 0 0 0 0 0 0 0 0 0 0 4.233342e-06 3.962608e-06 3.430404e-06 3.14075e-06 3.093646e-06 2.947194e-06 2.368481e-06 2.116671e-06 2.116671e-06 1.893342e-06 1.496476e-06 1.390403e-06 1.214051e-06 7.521395e-07 3.231759e-07 7.749506e-07 1.065147e-06 6.692723e-07 1.193878e-07 3.517944e-07 5.84931e-07 3.980292e-07 1.64617e-07 5.133639e-07 1.054825e-06 7.843187e-07 7.353541e-07 4.377001e-07 0 0 0 0 0 0 0 0 0 0 0 0 0 0 0 0 0 0 0 0 0 0 0 0 0 0 0 0 0 0 0 0 0 0 0 0 0 0 0 0
0 0 0 0 0 0 0 0 0 0 0 0 0 0 0 0 4.233342e-06 4.233342e-06 3.942335e-06 3.392451e-06 2.887279e-06 2.605947e-06 2.510642e-06 2.223813e-06 2.116671e-06 2.116671e-06 1.65993e-06 1.110046e-06 1.058335e-06 1.059563e-06 5.187274e-07 1.746387e-08 4.538264e-07 9.857447e-07 4.358602e-07 1.140243e-07 6.639088e-07 1.058335e-06 9.479137e-07 6.45543e-07 5.489388e-07 6.281072e-07 2.664848e-07 1.61218e-07 9.779201e-08 0 0 0 0 0 0 0 0 0 0 0 0 0 0 0 0 0 0 0 0 0 0 0 0 0 0 0 0 0 0 0 0 0 0 0 0 0 0 0 0
0 0 0 0 0 0 0 0 0 0 0 0 0 0 0 0 4.233342e-06 4.233342e-06 3.708923e-06 3.159039e-06 2.609154e-06 2.116671e-06 2.141937e-06 2.116671e-06 2.116671e-06 2.016006e-06 1.469167e-06 1.058335e-06 1.058335e-06 9.244892e-07 4.241584e-07 1.08302e-08 2.129647e-07 3.626455e-07 1.422349e-07 3.207259e-07 8.973209e-07 1.058335e-06 1.058335e-06 6.280318e-07 1.014681e-07 1.445377e-07 1.714332e-08 1.603696e-07 1.011772e-07 0 0 0 0 0 0 0 0 0 0 0 0 0 0 0 0 0 0 0 0 0 0 0 0 0 0 0 0 0 0 0 0 0 0 0 0 0 0 0 0
0 0 0 0 0 0 0 0 0 0 0 0 0 0 0 0 4.233342e-06 4.025396e-06 3.475511e-06 2.925627e-06 2.375742e-06 2.116671e-06 2.116671e-06 2.116671e-06 2.116671e-06 2.042652e-06 1.730041e-06 1.290426e-06 1.071429e-06 1.02169e-06 7.555866e-07 2.682077e-07 2.702122e-09 0 5.66641e-09 2.343992e-07 6.877141e-07 9.905898e-07 9.445042e-07 3.946197e-07 0 0 1.863465e-07 6.212184e-07 5.940895e-07 0 0 0 0 0 0 0 0 0 0 0 0 0 0 0 0 0 0 0 0 0 0 0 0 0 0 0 0 0 0 0 0 0 0 0 0 0 0 0 0
0 0 0 0 0 0 0 0 0 0 0 0 0 0 0 0 4.233342e-06 3.754086e-06 3.242099e-06 2.692214e-06 2.14233e-06 2.116671e-06 2.116671e-06 2.116671e-06 2.116671e-06 2.116671e-06 2.008072e-06 1.419132e-06 9.659061e-07 7.552309e-07 6.85011e-07 3.263582e-07 0 0 0 0 3.84462e-07 9.215657e-07 7.110921e-07 1.612076e-07 0 0 1.839998e-07 6.353729e-07 5.098567e-07 0 0 0 0 0 0 0 0 0 0 0 0 0 0 0 0 0 0 0 0 0 0 0 0 0 0 0 0 0 0 0 0 0 0 0 0 0 0 0 0
0 0 0 0 0 0 0 0 0 0 0 0 0 0 0 0 4.005302e-06 3.150038e-06 2.665356e-06 2.402574e-06 2.116671e-06 2.116671e-06 2.116671e-06 2.116671e-06 2.098764e-06 2.116671e-06 1.57857e-06 8.819789e-07 5.619665e-07 1.729303e-07 1.683584e-07 4.510107e-08 1.356482e-07 7.717505e-08 0 0 3.15414e-07 8.336775e-07 4.776799e-07 0 0 0 0 1.163115e-07 0 0 0 0 0 0 0 0 0 0 0 0 0 0 0 0 0 0 0 0 0 0 0 0 0 0 0 0 0 0 0 0 0 0 0 0 0 0 0 0 0
0 0 0 0 0 0 0 0 0 0 0 0 0 0 0 0 3.64056e-06 2.530513e-06 2.179588e-06 2.151035e-06 2.116671e-06 2.116671e-06 2.116671e-06 2.116671e-06 1.812109e-06 1.709446e-06 9.166895e-07 8.055607e-08 1.358805e-07 0 0 1.346557e-07 5.634139e-07 5.229417e-07 1.229128e-07 0 5.050551e-08 4.157089e-07 5.254863e-07 2.054867e-07 1.063789e-08 0 0 0 0 0 0 0 0 0 0 0 0 0 0 0 0 0 0 0 0 0 0 0 0 0 0 0 0 0 0 0 0 0 0 0 0 0 0 0 0 0 0 0 0
0 0 0 0 0 0 0 0 0 0 0 0 0 0 0 0 0 2.745195e-06 2.29697e-06 2.116671e-06 2.116671e-06 2.116671e-06 2.116671e-06 1.909111e-06 1.359226e-06 9.062864e-07 3.47758e-07 0 0 0 0 1.653921e-07 6.126282e-07 5.690479e-07 8.391008e-08 0 0 3.813269e-07 1.033743e-06 4.115856e-07 0 0 0 0 0 0 0 0 0 0 0 0 0 0 0 0 0 0 0 0 0 0 0 0 0 0 0 0 0 0 0 0 0 0 0 0 0 0 0 0 0 0 0 0 0
0 0 0 0 0 0 0 0 0 0 0 0 0 0 0 0 0 0 2.297637e-06 2.116671e-06 2.116671e-06 2.00401e-06 2.058346e-06 1.675699e-06 1.125814e-06 7.68792e-07 2.110794e-07 0 0 0 0 0 1.382825e-07 1.495485e-07 0 0 4.748711e-09 1.803868e-07 3.905688e-07 1.966547e-07 0 0 0 0 0 0 0 0 0 0 0 0 0 0 0 0 0 0 0 0 0 0 0 0 0 0 0 0 0 0 0 0 0 0 0 0 0 0 0 0 0 0 0 0 0
0 0 0 0 0 0 0 0 0 0 0 0 0 0 0 0 0 0 0 0 2.033605e-06 1.609327e-06 1.449606e-06 1.303887e-06 1.058335e-06 1.000617e-06 7.395873e-07 5.061752e-07 2.086401e-07 9.654294e-09 0 0 0 0 0 0 0 0 0 8.831867e-09 0 0 0 0 0 0 0 0 0 0 0 0 0 0 0 0 0 0 0 0 0 0 0 0 0 0 0 0 0 0 0 0 0 0 0 0 0 0 0 0 0 0 0 0 0
0 0 0 0 0 0 0 0 0 0 0 0 0 0 0 0 0 0 0 0 0 0 1.058335e-06 1.076395e-06 1.058335e-06 1.058335e-06 1.058335e-06 1.05606e-06 4.478221e-07 1.46083e-08 0 0 0 0 0 0 0 0 0 0 0 0 0 0 0 0 0 0 0 0 0 0 0 0 0 0 0 0 0 0 0 0 0 0 0 0 0 0 0 0 0 0 0 0 0 0 0 0 0 0 0 0 0 0 0
0 0 0 0 0 0 0 0 0 0 0 0 0 0 0 0 0 0 0 0 0 0 0 1.058335e-06 1.058335e-06 1.058335e-06 1.058335e-06 8.925951e-07 3.427106e-07 0 0 0 0 0 0 0 0 0 0 0 0 0 0 0 0 0 0 0 0 0 0 0 0 0 0 0 0 0 0 0 0 0 0 0 0 0 0 0 0 0 0 0 0 0 0 0 0 0 0 0 0 0 0 0 0
0 0 0 0 0 0 0 0 0 0 0 0 0 0 0 0 0 0 0 0 0 0 0 1.058335e-06 1.058335e-06 8.873128e-07 8.245859e-07 6.347935e-07 1.092985e-07 0 0 0 0 0 0 0 0 0 0 0 0 0 0 0 0 0 0 0 0 0 0 0 0 0 0 0 0 0 0 0 0 0 0 0 0 0 0 0 0 0 0 0 0 0 0 0 0 0 0 0 0 0 0 0 0
0 0 0 0 0 0 0 0 0 0 0 0 0 0 0 0 0 0 0 0 0 0 0 0 1.02609e-06 4.685834e-07 2.174533e-07 1.887977e-07 0 0 0 0 0 0 0 0 0 0 0 0 0 0 0 0 0 0 0 0 0 0 0 0 0 0 0 0 0 0 0 0 0 0 0 0 0 0 0 0 0 0 0 0 0 0 0 0 0 0 0 0 0 0 0 0 0
0 0 0 0 0 0 0 0 0 0 0 0 0 0 0 0 0 0 0 0 0 0 0 0 9.863168e-07 6.602808e-07 3.140036e-07 8.059147e-08 0 0 0 0 0 0 0 0 0 0 0 0 0 0 0 0 0 0 0 0 0 0 0 0 0 0 0 0 0 0 0 0 0 0 0 0 0 0 0 0 0 0 0 0 0 0 0 0 0 0 0 0 0 0 0 0 0
0 0 0 0 0 0 0 0 0 0 0 0 0 0 0 0 0 0 0 0 0 0 0 0 0 1.019385e-06 8.638881e-07 6.060195e-07 1.753571e-07 0 0 0 0 0 0 0 0 0 0 0 0 0 0 0 0 0 0 0 0 0 0 0 0 0 0 0 0 0 0 0 0 0 0 0 0 0 0 0 0 0 0 0 0 0 0 0 0 0 0 0 0 0 0 0 0
0 0 0 0 0 0 0 0 0 0 0 0 0 0 0 0 0 0 0 0 0 0 0 0 0 4.694861e-07 7.028982e-07 6.934904e-07 2.09359e-07 0 0 0 0 0 0 0 0 0 0 0 0 0 0 0 0 0 0 0 0 0 0 0 0 0 0 0 0 0 0 0 0 0 0 0 0 0 0 0 0 0 0 0 0 0 0 0 0 0 0 0 0 0 0 0 0
0 0 0 0 0 0 0 0 0 0 0 0 0 0 0 0 0 0 0 0 0 0 0 0 0 0 1.530137e-07 2.009865e-07 3.357384e-10 0 0 0 0 0 0 0 0 0 0 0 0 0 0 0 0 0 0 0 0 0 0 0 0 0 0 0 0 0 0 0 0 0 0 0 0 0 0 0 0 0 0 0 0 0 0 0 0 0 0 0 0 0 0 0 0
0 0 0 0 0 0 0 0 0 0 0 0 0 0 0 0 0 0 0 0 0 0 0 0 0 0 0 0 0 0 0 0 0 0 0 0 0 0 0 0 0 0 0 0 0 0 0 0 0 0 0 0 0 0 0 0 0 0 0 0 0 0 0 0 0 0 0 0 0 0 0 0 0 0 0 0 0 0 0 0 0 0 0 0 0
0 0 0 0 0 0 0 0 0 0 0 0 0 0 0 0 0 0 0 0 0 0 0 0 0 0 0 0 0 0 0 0 0 0 0 0 0 0 0 0 0 0 0 0 0 0 0 0 0 0 0 0 0 0 0 0 0 0 0 0 0 0 0 0 0 0 0 0 0 0 0 0 0 0 0 0 0 0 0 0 0 0 0 0 0
0 0 0 0 0 0 0 0 0 0 0 0 0 0 0 0 0 0 0 0 0 0 0 0 0 0 0 0 0 0 0 0 0 0 0 0 0 0 0 0 0 0 0 0 0 0 0 0 0 0 0 0 0 0 0 0 0 0 0 0 0 0 0 0 0 0 0 0 0 0 0 0 0 0 0 0 0 0 0 0 0 0 0 0 0
0 0 0 0 0 0 0 0 0 0 0 0 0 0 0 0 0 0 0 0 0 0 0 0 0 0 0 0 0 0 0 0 0 0 0 0 0 0 0 0 0 0 0 0 0 0 0 0 0 0 0 0 0 0 0 0 0 0 0 0 0 0 0 0 0 0 0 0 0 0 0 0 0 0 0 0 0 0 0 0 0 0 0 0 0
0 0 0 0 0 0 0 0 0 0 0 0 0 0 0 0 0 0 0 0 0 0 0 0 0 0 0 0 0 0 0 0 0 0 0 0 0 0 0 0 0 0 0 0 0 0 0 0 0 0 0 0 0 0 0 0 0 0 0 0 0 0 0 0 0 0 0 0 0 0 0 0 0 0 0 0 0 0 0 0 0 0 0 0 0
0 0 0 0 0 0 0 0 0 0 0 0 0 0 0 0 0 0 0 0 0 0 0 0 0 0 0 0 0 0 0 0 0 0 0 0 0 0 0 0 0 0 0 0 0 0 0 0 0 0 0 0 0 0 0 0 0 0 0 0 0 0 0 0 0 0 0 0 0 0 0 0 0 0 0 0 0 0 0 0 0 0 0 0 0
0 0 0 0 0 0 0 0 0 0 0 0 0 0 0 0 0 0 0 0 0 0 0 0 0 0 0 0 0 0 0 0 0 0 0 0 0 0 0 0 0 0 0 0 0 0 0 0 0 0 0 0 0 0 0 0 0 0 0 0 0 0 0 0 0 0 0 0 0 0 0 0 0 0 0 0 0 0 0 0 0 0 0 0 0
0 0 0 0 0 0 0 0 0 0 0 0 0 0 0 0 0 0 0 0 0 0 0 0 0 0 0 0 0 0 0 0 0 0 0 0 0 0 0 0 0 0 0 0 0 0 0 0 0 0 0 0 0 0 0 0 0 0 0 0 0 0 0 0 0 0 0 0 0 0 0 0 0 0 0 0 0 0 0 0 0 0 0 0 0
0 0 0 0 0 0 0 0 0 0 0 0 0 0 0 0 0 0 0 0 0 0 0 0 0 0 0 0 0 0 0 0 0 0 0 0 0 0 0 0 0 0 0 0 0 0 0 0 0 0 0 0 0 0 0 0 0 0 0 0 0 0 0 0 0 0 0 0 0 0 0 0 0 0 0 0 0 0 0 0 0 0 0 0 0
0 0 0 0 0 0 0 0 0 0 0 0 0 0 0 0 0 0 0 0 0 0 0 0 0 0 0 0 0 0 0 0 0 0 0 0 0 0 0 0 0 0 0 0 0 0 0 0 0 0 0 0 0 0 0 0 0 0 0 0 0 0 0 0 0 0 0 0 0 0 0 0 0 0 0 0 0 0 0 0 0 0 0 0 0
0 0 0 0 0 0 0 0 0 0 0 0 0 0 0 0 0 0 0 0 0 0 0 0 0 0 0 0 0 0 0 0 0 0 0 0 0 0 0 0 0 0 0 0 0 0 0 0 0 0 0 0 0 0 0 0 0 0 0 0 0 0 0 0 0 0 0 0 0 0 0 0 0 0 0 0 0 0 0 0 0 0 0 0 0
0 0 0 0 0 0 0 0 0 0 0 0 0 0 0 0 0 0 0 0 0 0 0 0 0 0 0 0 0 0 0 0 0 0 0 0 0 0 0 0 0 0 0 0 0 0 0 0 0 0 0 0 0 0 0 0 0 0 0 0 0 0 0 0 0 0 0 0 0 0 0 0 0 0 0 0 0 0 0 0 0 0 0 0 0
0 0 0 0 0 0 0 0 0 0 0 0 0 0 0 0 0 0 0 0 0 0 0 0 5.396121e-08 0 0 0 0 0 0 0 0 0 0 0 0 0 0 0 0 0 0 0 0 0 0 0 0 0 0 0 0 0 0 0 0 0 0 0 0 0 0 0 0 0 0 0 0 0 0 0 0 0 0 0 0 0 0 0 0 0 0 0 0
0 0 0 0 0 0 0 0 0 0 0 0 0 0 0 0 0 0 0 0 0 0 0 8.372578e-07 5.985263e-07 1.747024e-07 0 0 0 0 0 0 0 0 0 0 0 0 0 0 0 0 0 0 0 0 0 0 0 0 0 0 0 0 0 0 0 0 0 0 0 0 0 0 0 0 0 0 0 0 0 0 0 0 0 0 0 0 0 0 0 0 0 0 0
0 0 0 0 0 0 0 0 0 0 0 0 0 0 0 0 0 0 0 0 0 0 0 7.295285e-07 7.420848e-07 2.310638e-07 0 0 0 0 0 0 0 0 0 0 0 0 0 0 0 0 0 0 0 0 0 0 0 0 0 0 0 0 0 0 0 0 0 0 0 0 0 0 0 0 0 0 0 0 0 0 0 0 0 0 0 0 0 0 0 0 0 0 0
0 0 0 0 0 0 0 0 0 0 0 0 0 0 0 0 0 0 0 0 0 0 0 1.79644e-07 2.272213e-07 1.973217e-08 0 0 0 0 0 0 0 0 0 0 0 0 0 0 0 0 0 0 0 0 0 0 0 0 0 0 0 0 0 0 0 0 0 0 0 0 0 0 0 0 0 0 0 0 0 0 0 0 0 0 0 0 0 0 0 0 0 0 0
0 0 0 0 0 0 0 0 0 0 0 0 0 0 0 0 0 0 0 0 0 0 0 0 0 0 0 0 0 0 0 0 0 0 0 0 0 0 0 0 0 0 0 0 0 0 0 0 0 0 0 0 0 0 0 0 0 0 0 0 0 0 0 0 0 0 0 0 0 0 0 0 0 0 0 0 0 0 0 0 0 0 0 0 0
0 0 0 0 0 0 0 0 0 0 0 0 0 0 0 0 0 0 0 0 0 0 0 0 0 0 0 0 0 0 0 0 0 0 0 0 0 0 0 0 0 0 0 0 0 0 0 0 0 0 0 0 0 0 0 0 0 0 0 0 0 0 0 0 0 0 0 0 0 0 0 0 0 0 0 0 0 0 0 0 0 0 0 0 0
0 0 0 0 0 0 0 0 0 0 0 0 0 0 0 0 0 0 0 0 0 0 0 0 0 0 0 0 0 0 0 0 0 0 0 0 0 0 0 0 0 0 0 0 0 0 0 0 0 0 0 0 0 0 0 0 0 0 0 0 0 0 0 0 0 0 0 0 0 0 0 0 0 0 0 0 0 0 0 0 0 0 0 0 0
0 0 0 0 0 0 0 0 0 0 0 0 0 0 0 0 0 0 0 0 0 0 0 0 0 0 0 0 0 0 0 0 0 0 0 0 0 0 0 0 0 0 0 0 0 0 0 0 0 0 0 0 0 0 0 0 0 0 0 0 0 0 0 0 0 0 0 0 0 0 0 0 0 0 0 0 0 0 0 0 0 0 0 0 0
0 0 0 0 0 0 0 0 0 0 0 0 0 0 0 0 0 0 0 0 0 0 0 0 0 0 0 0 0 0 0 0 0 0 0 0 0 0 0 0 0 0 0 0 0 0 0 0 0 0 0 0 0 0 0 0 0 0 0 0 0 0 0 0 0 0 0 0 0 0 0 0 0 0 0 0 0 0 0 0 0 0 0 0 0
0 0 0 0 0 0 0 0 0 0 0 0 0 0 0 0 0 0 0 0 0 0 0 0 0 0 0 0 0 0 0 0 0 0 0 0 0 0 0 0 0 0 0 0 0 0 0 0 0 0 0 0 0 0 0 0 0 0 0 0 0 0 0 0 0 0 0 0 0 0 0 0 0 0 0 0 0 0 0 0 0 0 0 0 0
0 0 0 0 0 0 0 0 0 0 0 0 0 0 0 0 0 0 0 0 0 0 0 0 0 0 0 0 0 0 0 0 0 0 0 0 0 0 0 0 0 0 0 0 0 0 0 0 0 0 0 0 0 0 0 0 0 0 0 0 0 0 0 0 0 0 0 0 0 0 0 0 0 0 0 0 0 0 0 0 0 0 0 0 0
0 0 0 0 0 0 0 0 0 0 0 0 0 0 0 0 0 0 0 0 0 0 0 0 0 0 0 0 0 0 0 0 0 0 0 0 0 0 0 0 0 0 0 0 0 0 0 0 0 0 0 0 0 0 0 0 0 0 0 0 0 0 0 0 0 0 0 0 0 0 0 0 0 0 0 0 0 0 0 0 0 0 0 0 0
0 0 0 0 0 0 0 0 0 0 0 0 0 0 0 0 0 0 0 0 0 0 0 0 0 0 0 0 0 0 0 0 0 0 0 0 0 0 0 0 0 0 0 0 0 0 0 0 0 0 0 0 0 0 0 0 0 0 0 0 0 0 0 0 0 0 0 0 0 0 0 0 0 0 0 0 0 0 0 0 0 0 0 0 0
0 0 0 0 0 0 0 0 0 0 0 0 0 0 0 0 0 0 0 0 0 0 0 0 0 0 0 0 0 0 0 0 0 0 0 0 0 0 0 0 0 0 0 0 0 0 0 0 0 0 0 0 0 0 0 0 0 0 0 0 0 0 0 0 0 0 0 0 0 0 0 0 0 0 0 0 0 0 0 0 0 0 0 0 0
0 0 0 0 0 0 0 0 0 0 0 0 0 0 0 0 0 0 0 0 0 0 0 0 0 0 0 0 0 0 0 0 0 0 0 0 0 0 0 0 0 0 0 0 0 0 0 0 0 0 0 0 0 0 0 0 0 0 0 0 0 0 0 0 0 0 0 0 0 0 0 0 0 0 0 0 0 0 0 0 0 0 0 0 0
0 0 0 0 0 0 0 0 0 0 0 0 0 0 0 0 0 0 0 0 0 0 0 0 0 0 0 0 0 0 0 0 0 0 0 0 0 0 0 0 0 0 0 0 0 0 0 0 0 0 0 0 0 0 0 0 0 0 0 0 0 0 0 0 0 0 0 0 0 0 0 0 0 0 0 0 0 0 0 0 0 0 0 0 0
0 0 0 0 0 0 0 0 0 0 0 0 0 0 0 0 0 0 0 0 0 0 0 0 0 0 0 0 0 0 0 0 0 0 0 0 0 0 0 0 0 0 0 0 0 0 0 0 0 0 0 0 0 0 0 0 0 0 0 0 0 0 0 0 0 0 0 0 0 0 0 0 0 0 0 0 0 0 0 0 0 0 0 0 0
0 0 0 0 0 0 0 0 0 0 0 0 0 0 0 0 0 0 0 0 0 0 0 0 0 0 0 0 0 0 0 0 0 0 0 0 0 0 0 0 0 0 0 0 0 0 0 0 0 0 0 0 0 0 0 0 0 0 0 0 0 0 0 0 0 0 0 0 0 0 0 0 0 0 0 0 0 0 0 0 0 0 0 0 0
0 0 0 0 0 0 0 0 0 0 0 0 0 0 0 0 0 0 0 0 0 0 0 0 0 0 0 0 0 0 0 0 0 0 0 0 0 0 0 0 0 0 0 0 0 0 0 0 0 0 0 0 0 0 0 0 0 0 0 0 0 0 0 0 0 0 0 0 0 0 0 0 0 0 0 0 0 0 0 0 0 0 0 0 0
0 0 0 0 0 0 0 0 0 0 0 0 0 0 0 0 0 0 0 0 0 0 0 0 0 0 0 0 0 0 0 0 0 0 0 0 0 0 0 0 0 0 0 0 0 0 0 0 0 0 0 0 0 0 0 0 0 0 0 0 0 0 0 0 0 0 0 0 0 0 0 0 0 0 0 0 0 0 0 0 0 0 0 0 0
0 0 0 0 0 0 0 0 0 0 0 0 0 0 0 0 0 0 0 0 0 0 0 0 0 0 0 0 0 0 0 0 0 0 0 0 0 0 0 0 0 0 0 0 0 0 0 0 0 0 0 0 0 0 0 0 0 0 0 0 0 0 0 0 0 0 0 0 0 0 0 0 0 0 0 0 0 0 0 0 0 0 0 0 0
0 0 0 0 0 0 0 0 0 0 0 0 0 0 0 0 0 0 0 0 0 0 0 0 0 0 0 0 0 0 0 0 0 0 0 0 0 0 0 0 0 0 0 0 0 0 0 0 0 0 0 0 0 0 0 0 0 0 0 0 0 0 0 0 0 0 0 0 0 0 0 0 0 0 0 0 0 0 0 0 0 0 0 0 0
0 0 0 0 0 0 0 0 0 0 0 0 0 0 0 0 0 0 0 0 0 0 0 0 0 0 0 0 0 0 0 0 0 0 0 0 0 0 0 0 0 0 0 0 0 0 0 0 0 0 0 0 0 0 0 0 0 0 0 0 0 0 0 0 0 0 0 0 0 0 0 0 0 0 0 0 0 0 0 0 0 0 0 0 0
0 0 0 0 0 0 0 0 0 0 0 0 0 0 0 0 0 0 0 0 0 0 0 0 0 0 0 0 0 0 0 0 0 0 0 0 0 0 0 0 0 0 0 0 0 0 0 0 0 0 0 0 0 0 0 0 0 0 0 0 0 0 0 0 0 0 0 0 0 0 0 0 0 0 0 0 0 0 0 0 0 0 0 0 0
0 0 0 0 0 0 0 0 0 0 0 0 0 0 0 0 0 0 0 0 0 0 0 0 0 0 0 0 0 0 0 0 0 0 0 0 0 0 0 0 0 0 0 0 0 0 0 0 0 0 0 0 0 0 0 0 0 0 0 0 0 0 0 0 0 0 0 0 0 0 0 0 0 0 0 0 0 0 0 0 0 0 0 0 0
0 0 0 0 0 0 0 0 0 0 0 0 0 0 0 0 0 0 0 0 0 0 0 0 0 0 0 0 0 0 0 0 0 0 0 0 0 0 0 0 0 0 0 0 0 0 0 0 0 0 0 0 0 0 0 0 0 0 0 0 0 0 0 0 0 0 0 0 0 0 0 0 0 0 0 0 0 0 0 0 0 0 0 0 0
0 0 0 0 0 0 0 0 0 0 0 0 0 0 0 0 0 0 0 0 0 0 0 0 0 0 0 0 0 0 0 0 0 0 0 0 0 0 0 0 0 0 0 0 0 0 0 0 0 0 0 0 0 0 0 0 0 0 0 0 0 0 0 0 0 0 0 0 0 0 0 0 0 0 0 0 0 0 0 0 0 0 0 0 0
0 0 0 0 0 0 0 0 0 0 0 0 0 0 0 0 0 0 0 0 0 0 0 0 0 0 0 0 0 0 0 0 0 0 0 0 0 0 0 0 0 0 0 0 0 0 0 0 0 0 0 0 0 0 0 0 0 0 0 0 0 0 0 0 0 0 0 0 0 0 0 0 0 0 0 0 0 0 0 0 0 0 0 0 0
0 0 0 0 0 0 0 0 0 0 0 0 0 0 0 0 0 0 0 0 0 0 0 0 0 0 0 0 0 0 0 0 0 0 0 0 0 0 0 0 0 0 0 0 0 0 0 0 0 0 0 0 0 0 0 0 0 0 0 0 0 0 0 0 0 0 0 0 0 0 0 0 0 0 0 0 0 0 0 0 0 0 0 0 0
0 0 0 0 0 0 0 0 0 0 0 0 0 0 0 0 0 0 0 0 0 0 0 0 0 0 0 0 0 0 0 0 0 0 0 0 0 0 0 0 0 0 0 0 0 0 0 0 0 0 0 0 0 0 0 0 0 0 0 0 0 0 0 0 0 0 0 0 0 0 0 0 0 0 0 0 0 0 0 0 0 0 0 0 0
0 0 0 0 0 0 0 0 0 0 0 0 0 0 0 0 0 0 0 0 0 0 0 0 0 0 0 0 0 0 0 0 0 0 0 0 0 0 0 0 0 0 0 0 0 0 0 0 0 0 0 0 0 0 0 0 0 0 0 0 0 0 0 0 0 0 0 0 0 0 0 0 0 0 0 0 0 0 0 0 0 0 0 0 0
0 0 0 0 0 0 0 0 0 0 0 3.408307e-09 0 0 0 0 0 0 0 0 0 0 0 0 0 0 0 0 0 0 0 0 0 0 0 0 0 0 0 0 0 0 0 0 0 0 0 0 0 0 0 0 0 0 0 0 0 0 0 0 0 0 0 0 0 0 0 0 0 0 0 0 0 0 0 0 0 0 0 0 0 0 0 0 0
0 0 0 0 0 0 0 0 0 0 0 0 0 0 0 0 0 0 0 0 0 0 0 0 0 0 0 0 0 0 0 0 0 0 0 0 0 0 0 0 0 0 0 0 0 0 0 0 0 0 0 0 0 0 0 0 0 0 0 0 0 0 0 0 0 0 0 0 0 0 0 0 0 0 0 0 0 0 0 0 0 0 0 0 0
0 0 0 0 0 0 0 0 0 0 0 0 0 0 0 0 0 0 0 0 0 0 0 0 0 0 0 0 0 0 0 0 0 0 0 0 0 0 0 0 0 0 0 0 0 0 0 0 0 0 0 0 0 0 0 0 0 0 0 0 0 0 0 0 0 0 0 0 0 0 0 0 0 0 0 0 0 0 0 0 0 0 0 0 0
0 0 0 0 0 0 0 0 0 0 0 0 0 0 0 0 0 0 0 0 0 0 0 0 0 0 0 0 0 0 0 0 0 0 0 0 0 0 0 0 0 0 0 0 0 0 0 0 0 0 0 0 0 0 0 0 0 0 0 0 0 0 0 0 0 0 0 0 0 0 0 0 0 0 0 0 0 0 0 0 0 0 0 0 0
0 0 0 0 0 0 0 0 0 0 0 0 0 0 0 0 0 0 0 0 0 0 0 0 0 0 0 0 0 0 0 0 0 0 0 0 0 0 0 0 0 0 0 0 0 0 0 0 0 0 0 0 0 0 0 0 0 0 0 0 0 0 0 0 0 0 0 0 0 0 0 0 0 0 0 0 0 0 0 0 0 0 0 0 0
0 0 0 0 0 0 0 0 0 0 0 0 0 0 0 0 0 0 0 0 0 0 0 0 0 0 0 0 0 0 0 0 0 0 0 0 0 0 0 0 0 0 0 0 0 0 0 0 0 0 0 0 0 0 0 0 0 0 0 0 0 0 0 0 0 0 0 0 0 0 0 0 0 0 0 0 0 0 0 0 0 0 0 0 0
0 0 0 0 0 0 0 0 0 0 0 0 0 0 0 0 0 0 0 0 0 0 0 0 0 0 0 0 0 0 0 0 0 0 0 0 0 0 0 0 0 0 0 0 0 0 0 0 0 0 0 0 0 0 0 0 0 0 0 0 0 0 0 0 0 0 0 0 0 0 0 0 0 0 0 0 0 0 0 0 0 0 0 0 0
0 0 0 0 0 0 0 0 0 0 0 0 0 0 0 0 0 0 0 0 0 0 0 0 0 0 0 0 0 0 0 0 0 0 0 0 0 0 0 0 0 0 0 0 0 0 0 0 0 0 0 0 0 0 0 0 0 0 0 0 0 0 0 0 0 0 0 0 0 0 0 0 0 0 0 0 0 0 0 0 0 0 0 0 0
0 0 0 0 0 0 0 0 0 0 0 0 0 0 0 0 0 0 0 0 0 0 0 0 0 0 0 0 0 0 0 0 0 0 0 0 0 0 0 0 0 0 0 0 0 0 0 0 0 0 0 0 0 0 0 0 0 0 0 0 0 0 0 0 0 0 0 0 0 0 0 0 0 0 0 0 0 0 0 0 0 0 0 0 0
0 0 0 0 0 0 0 0 0 0 0 0 0 0 0 0 0 0 0 0 0 0 0 0 0 0 0 0 0 0 0 0 0 0 0 0 0 0 0 0 0 0 0 0 0 0 0 0 0 0 0 0 0 0 0 0 0 0 0 0 0 0 0 0 0 0 0 0 0 0 0 0 0 0 0 0 0 0 0 0 0 0 0 0 0
0 0 0 0 0 0 0 0 0 0 0 0 0 0 0 0 0 0 0 0 0 0 0 0 0 0 0 0 0 0 0 0 0 0 0 0 0 0 0 0 0 0 0 0 0 0 0 0 0 0 0 0 0 0 0 0 0 0 0 0 0 0 0 0 0 0 0 0 0 0 0 0 0 0 0 0 0 0 0 0 0 0 0 0 0
0 0 0 0 0 0 0 0 0 0 0 0 0 0 0 0 0 0 0 0 0 0 0 0 0 0 0 0 0 0 0 0 0 0 0 0 0 0 0 0 0 0 0 0 0 0 0 0 0 0 0 0 0 0 0 0 0 0 0 0 0 0 0 0 0 0 0 0 0 0 0 0 0 0 0 0 0 0 0 0 0 0 0 0 0
0 0 0 0 0 0 0 0 0 0 0 0 0 0 0 0 0 0 0 0 0 0 0 0 0 0 0 0 0 0 0 0 0 0 0 0 0 0 0 0 0 0 0 0 0 0 0 0 0 0 0 0 0 0 0 0 0 0 0 0 0 0 0 0 0 0 0 0 0 0 0 0 0 0 0 0 0 0 0 0 0 0 0 0 0
0 0 0 0 0 0 0 0 0 0 0 0 0 0 0 0 0 0 0 0 0 0 0 0 0 0 0 0 0 0 0 0 0 0 0 0 0 0 0 0 0 0 0 0 0 0 0 0 0 0 0 0 0 0 0 0 0 0 0 0 0 0 0 0 0 0 0 0 0 0 0 0 0 0 0 0 0 0 0 0 0 0 0 0 0
0 0 0 0 0 0 0 0 0 0 0 0 0 0 0 0 0 0 0 0 0 0 0 0 0 0 0 0 0 0 0 0 0 0 0 0 0 0 0 0 0 0 0 0 0 0 0 0 0 0 0 0 0 0 0 0 0 0 0 0 0 0 0 0 0 0 0 0 0 0 0 0 0 0 0 0 0 0 0 0 0 0 0 0 0
0 0 0 0 0 0 0 0 0 0 0 0 0 0 0 0 0 0 0 0 0 0 0 0 0 0 0 0 0 0 0 0 0 0 0 0 0 0 0 0 0 0 0 0 0 0 0 0 0 0 0 0 0 0 0 0 0 0 0 0 0 0 0 0 0 0 0 0 0 0 0 0 0 0 0 0 0 0 0 0 0 0 0 0 0
0 0 0 0 0 0 0 0 0 0 0 1.42945e-07 1.1435e-07 0 0 0 0 0 0 0 0 0 0 0 0 0 0 0 0 0 0 0 0 0 0 0 0 0 0 0 0 0 0 0 0 0 0 0 0 0 0 0 0 0 0 0 0 0 0 0 0 0 0 0 0 0 0 0 0 0 0 0 0 0 0 0 0 0 0 0 0 0 0 0 0
0 0 0 0 0 0 0 0 0 1.836754e-07 1.807829e-07 5.62803e-07 5.801777e-07 1.502707e-07 0 0 0 0 0 0 0 0 0 0 0 0 0 0 0 0 0 0 0 0 0 0 0 0 0 0 0 0 0 0 0 0 0 0 0 0 0 0 0 0 0 0 0 0 0 0 0 0 0 0 0 0 0 0 0 0 0 0 0 0 0 0 0 0 0 0 0 0 0 0 0
0 0 0 0 0 0 0 0 0 6.941e-07 7.693115e-07 9.532573e-07 6.771861e-07 1.191756e-07 0 0 0 0 0 0 0 0 0 0 0 0 0 0 0 0 0 0 0 0 0 0 0 0 0 0 0 0 0 0 0 0 0 0 0 0 0 0 0 0 0 0 0 0 0 0 0 0 0 0 0 0 0 0 0 0 0 0 0 0 0 0 0 0 0 0 0 0 0 0 0
0 0 0 0 0 0 0 0 0 1.058335e-06 1.058335e-06 9.936585e-07 4.43774e-07 0 0 0 0 0 0 0 0 0 0 0 0 0 0 0 0 0 0 0 0 0 0 0 0 0 0 0 0 0 0 0 0 0 0 0 0 0 0 0 0 0 0 0 0 0 0 0 0 0 0 0 0 0 0 0 0 0 0 0 0 0 0 0 0 0 0 0 0 0 0 0 0
0 0 0 0 0 0 0 0 0 1.058335e-06 1.058335e-06 7.602464e-07 2.103619e-07 0 0 0 0 0 0 0 0 0 0 0 0 0 0 0 0 0 0 0 0 0 0 0 0 0 0 0 0 0 0 0 0 0 0 0 0 0 0 0 0 0 0 0 0 0 0 0 0 0 0 0 0 0 0 0 0 0 0 0 0 0 0 0 0 0 0 0 0 0 0 0 0
0 0 0 0 0 0 0 0 0 8.735417e-07 8.955501e-07 5.268342e-07 0 0 0 0 0 0 0 0 0 0 0 0 0 0 0 0 0 0 0 0 0 0 0 0 0 0 0 0 0 0 0 0 0 0 0 0 0 0 0 0 0 0 0 0 0 0 0 0 0 0 0 0 0 0 0 0 0 0 0 0 0 0 0 0 0 0 0 0 0 0 0 0 0
0 0 0 0 0 0 0 0 0 4.096253e-07 2.731416e-07 1.597508e-07 0 0 0 0 0 0 0 0 0 0 0 0 0 0 0 0 0 0 0 0 0 0 0 0 0 0 0 0 0 0 0 0 0 0 0 0 0 0 0 0 0 0 0 0 0 0 0 0 0 0 0 0 0 0 0 0 0 0 0 0 0 0 0 0 0 0 0 0 0 0 0 0 0
0 0 0 0 0 0 0 0 0 0 0 1.492158e-09 0 0 0 0 0 0 0 0 0 0 0 0 0 0 0 0 0 0 0 0 0 0 0 0 0 0 0 0 0 0 0 0 0 0 0 0 0 0 0 0 0 0 0 0 0 0 0 0 0 0 0 0 0 0 0 0 0 0 0 0 0 0 0 0 0 0 0 0 0 0 0 0 0
0 0 0 0 0 0 0 0 0 0 0 0 0 0 0 0 0 0 0 0 0 0 0 0 0 0 0 0 0 0 0 0 0 0 0 0 0 0 0 0 0 0 0 0 0 0 0 0 0 0 0 0 0 0 0 0 0 0 0 0 0 0 0 0 0 0 0 0 0 0 0 0 0 0 0 0 0 0 0 0 0 0 0 0 0
0 0 0 0 0 0 0 0 0 0 0 0 0 0 0 0 0 0 0 0 0 0 0 0 0 0 0 0 0 0 0 0 0 0 0 0 0 0 0 0 0 0 0 0 0 0 0 0 0 0 0 0 0 0 0 0 0 0 0 0 0 0 0 0 0 0 0 0 0 0 0 0 0 0 0 0 0 0 0 0 0 0 0 0 0
0 0 0 0 0 0 0 0 0 0 0 0 0 0 0 0 0 0 0 0 0 0 0 0 0 0 0 0 0 0 0 0 0 0 0 0 0 0 0 0 0 0 0 0 0 0 0 0 0 0 0 0 0 0 0 0 0 0 0 0 0 0 0 0 0 0 0 0 0 0 0 0 0 0 0 0 0 0 0 0 0 0 0 0 0
0 0 0 0 0 0 0 0 0 0 0 0 0 0 0 0 0 0 0 0 0 0 0 0 0 0 0 0 0 0 0 0 0 0 0 0 0 0 0 0 0 0 0 0 0 0 0 0 0 0 0 0 0 0 0 0 0 0 0 0 0 0 0 0 0 0 0 0 0 0 0 0 0 0 0 0 0 0 0 0 0 0 0 0 0
0 0 0 0 0 0 0 0 0 0 0 0 0 0 0 0 0 0 0 0 0 0 0 0 0 0 0 0 0 0 0 0 0 0 0 0 0 0 0 0 0 0 0 0 0 0 0 0 0 0 0 0 0 0 0 0 0 0 0 0 0 0 0 0 0 0 0 0 0 0 0 0 0 0 0 0 0 0 0 0 0 0 0 0 0
0 0 0 0 0 0 0 0 0 0 0 0 0 0 0 0 0 0 0 0 0 0 0 0 0 0 0 0 0 0 0 0 0 0 0 0 0 0 0 0 0 0 0 0 0 0 0 0 0 0 0 0 0 0 0 0 0 0 0 0 0 0 0 0 0 0 0 0 0 0 0 0 0 0 0 0 0 0 0 0 0 0 0 0 0
0 0 0 0 0 0 0 0 0 0 0 0 0 0 0 0 0 0 0 0 0 0 0 0 0 0 0 0 0 0 0 0 0 0 0 0 0 0 0 0 0 0 0 0 0 0 0 0 0 0 0 0 0 0 0 0 0 0 0 0 0 0 0 0 0 0 0 0 0 0 0 0 0 0 0 0 0 0 0 0 0 0 0 0 0
0 0 0 0 0 0 0 0 0 0 0 0 0 0 0 0 0 0 0 0 0 0 0 0 0 0 0 0 0 0 0 0 0 0 0 0 0 0 0 0 0 0 0 0 0 0 0 0 0 0 0 0 0 0 0 0 0 0 0 0 0 0 0 0 0 0 0 0 0 0 0 0 0 0 0 0 0 0 0 0 0 0 0 0 0
0 0 0 0 0 0 0 0 0 0 0 0 0 0 0 0 0 0 0 0 0 0 0 0 0 0 0 0 0 0 0 0 0 0 0 0 0 0 0 0 0 0 0 0 0 0 0 0 0 0 0 0 0 0 0 0 0 0 0 0 0 0 0 0 0 0 0 0 0 0 0 0 0 0 0 0 0 0 0 0 0 0 0 0 0
0 0 0 0 0 0 0 0 0 0 0 0 0 0 0 0 0 0 0 0 0 0 0 0 0 0 0 0 0 0 0 0 0 0 0 0 0 0 0 0 0 0 0 0 0 0 0 0 0 0 0 0 0 0 0 0 0 0 0 0 0 0 0 0 0 0 0 0 0 0 0 0 0 0 0 0 0 0 0 0 0 0 0 0 0
0 0 0 0 0 0 0 0 0 0 0 0 0 0 0 0 0 0 0 0 0 0 0 0 0 0 0 0 0 0 0 0 0 0 0 0 0 0 0 0 0 0 0 0 0 0 0 0 0 0 0 0 0 0 0 0 0 0 0 0 0 0 0 0 0 0 0 0 0 0 0 0 0 0 0 0 0 0 0 0 0 0 0 0 0
0 0 0 0 0 0 0 0 0 0 0 0 0 0 0 0 0 0 0 0 0 0 0 0 0 0 0 0 0 0 0 0 0 0 0 0 0 0 0 0 0 0 0 0 0 0 0 0 0 0 0 0 0 0 0 0 0 0 0 0 0 0 0 0 0 0 0 0 0 0 0 0 0 0 0 0 0 0 0 0 0 0 0 0 0
0 0 0 0 0 0 0 0 0 0 0 0 0 0 0 0 0 0 0 0 0 0 0 0 0 0 0 0 0 0 0 0 0 0 0 0 0 0 0 0 0 0 0 0 0 0 0 0 0 0 0 0 0 0 0 0 0 0 0 0 0 0 0 0 0 0 0 0 0 0 0 0 0 0 0 0 0 0 0 0 0 0 0 0 0
0 0 0 0 0 0 0 0 0 0 0 0 0 0 0 0 0 0 0 0 0 0 0 0 0 0 0 0 0 0 0 0 0 0 0 0 0 0 0 0 0 0 0 0 0 0 0 0 0 0 0 0 0 0 0 0 0 0 0 0 0 0 0 0 0 0 0 0 0 0 0 0 0 0 0 0 0 0 0 0 0 0 0 0 0
0 0 0 0 0 0 0 0 0 0 0 0 0 0 0 0 0 0 0 0 0 0 0 0 0 0 0 0 0 0 0 0 0 0 0 0 0 0 0 0 0 0 0 0 0 0 0 0 0 0 0 0 0 0 0 0 0 0 0 0 0 0 0 0 0 0 0 0 0 0 0 0 0 0 0 0 0 0 0 0 0 0 0 0 0
0 0 0 0 0 0 0 0 0 0 0 0 0 0 0 0 0 0 0 0 0 0 0 0 0 0 0 0 0 0 0 0 0 0 0 0 0 0 0 0 0 0 0 0 0 0 0 0 0 0 0 0 0 0 0 0 0 0 0 0 0 0 0 0 0 0 0 0 0 0 0 0 0 0 0 0 0 0 0 0 0 0 0 0 0
0 0 0 0 0 0 0 0 0 0 0 0 0 0 0 0 0 0 0 0 0 0 0 0 0 0 0 0 0 0 0 0 0 0 0 0 0 0 0 0 0 0 0 0 0 0 0 0 0 0 0 0 0 0 0 0 0 0 0 0 0 0 0 0 0 0 0 0 0 0 0 0 0 0 0 0 0 0 0 0 0 0 0 0 0
0 0 0 0 0 0 0 0 0 0 0 0 0 0 0 0 0 0 0 0 0 0 0 0 0 0 0 0 0 0 0 0 0 0 0 0 0 0 0 0 0 0 0 0 0 0 0 0 0 0 0 0 0 0 0 0 0 0 0 0 0 0 0 0 0 0 0 0 0 0 0 0 0 0 0 0 0 0 0 0 0 0 0 0 0
0 0 0 0 0 0 0 0 0 0 0 0 0 0 0 0 0 0 0 0 0 0 0 0 0 0 0 0 0 0 0 0 0 0 0 0 0 0 0 0 0 0 0 0 0 0 0 0 0 0 0 0 0 0 0 0 0 0 0 0 0 0 0 0 0 0 0 0 0 0 0 0 0 0 0 0 0 0 0 0 0 0 0 0 0
0 0 0 0 0 0 0 0 0 0 0 0 0 0 0 0 0 0 0 0 0 0 0 0 0 0 0 0 0 0 0 0 0 0 0 0 0 0 0 0 0 0 0 0 0 0 0 0 0 0 0 0 0 0 0 0 0 0 0 0 0 0 0 0 0 0 0 0 0 0 0 0 0 0 0 0 0 0 0 0 0 0 0 0 0
0 0 0 0 0 0 0 0 0 0 0 0 0 0 0 0 0 0 0 0 0 0 0 0 0 0 0 0 0 0 0 0 0 0 0 0 0 0 0 0 0 0 0 0 0 0 0 0 0 0 0 0 0 0 0 0 0 0 0 0 0 0 0 0 0 0 0 0 0 0 0 0 0 0 0 0 0 0 0 0 0 0 0 0 0
0 0 0 0 0 0 0 0 0 0 0 0 0 0 0 0 0 0 0 0 0 0 0 0 0 0 0 0 0 0 0 0 0 0 0 0 0 0 0 0 0 0 0 0 0 0 0 0 0 0 0 0 0 0 0 0 0 0 0 0 0 0 0 0 0 0 0 0 0 0 0 0 0 0 0 0 0 0 0 0 0 0 0 0 0
0 0 0 0 0 0 0 0 0 0 0 0 0 0 0 0 0 0 0 0 0 0 0 0 0 0 0 0 0 0 0 0 0 0 0 0 0 0 0 0 0 0 0 0 0 0 0 0 0 0 0 0 0 0 0 0 0 0 0 0 0 0 0 0 0 0 0 0 0 0 0 0 0 0 0 0 0 0 0 0 0 0 0 0 0
0 0 0 0 0 0 0 0 0 0 0 0 0 0 0 0 0 0 0 0 0 0 0 0 0 0 0 0 0 0 0 0 0 0 0 0 0 0 0 0 0 0 0 0 0 0 0 0 0 0 0 0 0 0 0 0 0 0 0 0 0 0 0 0 0 0 0 0 0 0 0 0 0 0 0 0 0 0 0 0 0 0 0 0 0
0 0 0 0 0 0 0 0 0 0 0 0 0 0 0 0 0 0 0 0 0 0 0 0 0 0 0 0 0 0 0 0 0 0 0 0 0 0 0 0 0 0 0 0 0 0 0 0 0 0 0 0 0 0 0 0 0 0 0 0 0 0 0 0 0 0 0 0 0 0 0 0 0 0 0 0 0 0 0 0 0 0 0 0 0
0 0 0 0 0 0 0 0 0 0 0 0 0 0 0 0 0 0 0 0 0 0 0 0 0 0 0 0 0 0 0 0 0 0 0 0 0 0 0 0 0 0 0 0 0 0 0 0 0 0 0 0 0 0 0 0 0 0 0 0 0 0 0 0 0 0 0 0 0 0 0 0 0 0 0 0 0 0 0 0 0 0 0 0 0
0 0 0 0 0 0 0 0 0 0 0 0 0 0 0 0 0 0 0 0 0 0 0 0 0 0 0 0 0 0 0 0 0 0 0 0 0 0 0 0 0 0 0 0 0 0 0 0 0 0 0 0 0 0 0 0 0 0 0 0 0 0 0 0 0 0 0 0 0 0 0 0 0 0 0 0 0 0 0 0 0 0 0 0 0
0 0 0 0 0 0 0 0 0 0 0 0 0 0 0 0 0 0 0 0 0 0 0 0 0 0 0 0 0 0 0 0 0 0 0 0 0 0 0 0 0 0 0 0 0 0 0 0 0 0 0 0 0 0 0 0 0 0 0 0 0 0 0 0 0 0 0 0 0 0 0 0 0 0 0 0 0 0 0 0 0 0 0 0 0
0 0 0 0 0 0 0 0 0 0 0 0 0 0 0 0 0 0 0 0 0 0 0 0 0 0 0 0 0 0 0 0 0 0 0 0 0 0 0 0 0 0 0 0 0 0 0 0 0 0 0 0 0 0 0 0 0 0 0 0 0 0 0 0 0 0 0 0 0 0 0 0 0 0 0 0 0 0 0 0 0 0 0 0 0
0 0 0 0 0 0 0 0 0 0 0 0 0 0 0 0 0 0 0 0 0 0 0 0 0 0 0 0 0 0 0 0 0 0 0 0 0 0 0 0 0 0 0 0 0 0 0 0 0 0 0 0 0 0 0 0 0 0 0 0 0 0 0 0 0 0 0 0 0 0 0 0 0 0 0 0 0 0 0 0 0 0 0 0 0
0 0 0 0 0 0 0 0 0 0 0 0 0 0 0 0 0 0 0 0 0 0 0 0 0 0 0 0 0 0 0 0 0 0 0 0 0 0 0 0 0 0 0 0 0 0 0 0 0 0 0 0 0 0 0 0 0 0 0 0 0 0 0 0 0 0 0 0 0 0 0 0 0 0 0 0 0 0 0 0 0 0 0 0 0
0 0 0 0 0 0 0 0 0 0 0 0 0 0 0 0 0 0 0 0 0 0 0 0 0 0 0 0 0 0 0 0 0 0 0 0 0 0 0 0 0 0 0 0 0 0 0 0 0 0 0 0 0 0 0 0 0 0 0 0 0 0 0 0 0 0 0 0 0 0 0 0 0 0 0 0 0 0 0 0 0 0 0 0 0
0 0 0 0 0 0 0 0 0 0 0 0 0 0 0 0 0 0 0 0 0 0 0 0 0 0 0 0 0 0 0 0 0 0 0 0 0 0 0 0 0 0 0 0 0 0 0 0 0 0 0 0 0 0 0 0 0 0 0 0 0 0 0 0 0 0 0 0 0 0 0 0 0 0 0 0 0 0 0 0 0 0 0 0 0
0 0 0 0 0 0 0 0 0 0 0 0 0 0 0 0 0 0 0 0 0 0 0 0 0 0 0 0 0 0 0 0 0 0 0 0 0 0 0 0 0 0 0 0 0 0 0 0 0 0 0 0 0 0 0 0 0 0 0 0 0 0 0 0 0 0 0 0 0 0 0 0 0 0 0 0 0 0 0 0 0 0 0 0 0
0 0 0 0 0 0 0 0 0 0 0 0 0 0 0 0 0 0 0 0 0 0 0 0 0 0 0 0 0 0 0 0 0 0 0 0 0 0 0 0 0 0 0 0 0 0 0 0 0 0 0 0 0 0 0 0 0 0 0 0 0 0 0 0 0 0 0 0 0 0 0 0 0 0 0 0 0 0 0 0 0 0 0 7.600518e-08 0
0 0 0 0 0 0 0 0 0 0 0 0 0 0 0 0 0 0 0 0 0 0 0 0 0 0 0 0 0 0 0 0 0 0 0 0 0 0 0 0 0 0 0 0 0 0 0 0 0 0 0 0 0 0 0 0 0 0 0 0 0 0 0 0 0 0 0 0 0 0 0 0 0 0 0 0 0 0 0 0 0 0 0 3.094173e-07 0
0 0 0 0 0 0 0 0 0 0 0 0 0 0 0 0 0 0 0 0 0 0 0 0 0 0 0 0 0 0 0 0 0 0 0 0 0 0 0 0 0 0 0 0 0 0 0 0 0 0 0 0 0 0 0 0 0 0 0 0 0 0 0 0 0 0 0 0 0 0 0 0 0 0 0 0 0 0 0 0 0 0 0 3.690909e-07 0
0 0 0 0 0 0 0 0 0 0 0 0 0 0 0 0 0 0 0 0 0 0 0 0 0 0 0 0 0 0 0 0 0 0 0 0 0 0 0 0 0 0 0 0 0 0 0 0 0 0 0 0 0 0 0 0 0 0 0 0 0 0 0 0 0 0 0 0 0 0 0 0 0 0 0 0 0 0 0 0 0 0 0 1.244813e-07 0
0 0 0 0 0 0 0 0 0 0 0 0 0 0 0 0 0 0 0 0 0 0 0 0 0 0 0 0 0 0 0 0 0 0 0 0 0 0 0 0 0 0 0 0 0 0 0 0 0 0 0 0 0 0 0 0 0 0 0 0 0 0 0 0 0 0 0 0 0 0 0 0 0 0 0 0 0 0 1.741072e-07 2.237231e-07 1.334405e-08 0 0 0 0
0 0 0 0 0 0 0 0 0 0 0 0 0 0 0 0 0 0 0 0 0 0 0 0 0 0 0 0 0 0 0 0 0 0 0 0 0 0 0 0 0 0 0 0 0 0 0 0 0 0 0 0 0 0 0 0 0 0 0 0 0 0 0 0 0 0 0 0 0 0 0 0 0 0 0 0 0 6.04296e-08 5.990342e-07 7.27848e-07 2.197302e-07 4.583757e-08 6.885513e-08 0 0
0 0 0 0 0 0 0 0 0 0 0 0 0 0 0 0 0 0 0 0 0 0 0 0 0 0 0 0 0 0 0 0 0 0 0 0 0 0 0 0 0 0 0 0 0 0 0 0 0 0 0 0 0 0 0 0 0 0 0 0 0 0 0 0 0 0 0 0 0 0 0 0 0 0 0 0 0 2.938417e-07 8.437262e-07 8.171204e-07 2.262851e-07 3.162296e-07 5.734751e-07 0 0
0 0 0 0 0 0 0 0 0 0 0 0 0 0 0 0 0 0 0 0 0 0 0 0 0 0 0 0 0 0 0 0 0 0 0 0 0 0 0 0 0 0 0 0 0 0 0 0 0 0 0 0 0 0 0 0 0 0 0 0 0 0 0 0 0 0 0 0 0 0 0 0 0 0 0 0 0 5.272539e-07 1.058335e-06 9.446669e-07 6.387095e-07 7.710427e-07 1.058335e-06 0 0
0 0 0 0 0 0 0 0 0 0 0 0 0 0 0 0 0 0 0 0 0 0 0 0 0 0 0 0 0 0 0 0 0 0 0 0 0 0 0 0 0 0 0 0 0 0 0 0 0 0 0 0 0 0 0 0 0 0 0 0 0 0 0 0 0 0 0 0 0 0 0 0 0 0 0 0 2.107815e-07 7.60666e-07 1.058335e-06 1.058335e-06 1.058335e-06 1.032259e-06 1.058335e-06 0 0
0 0 0 0 0 0 0 0 0 0 0 0 0 0 0 0 0 0 0 0 0 0 0 0 0 0 0 0 0 0 0 0 0 0 0 0 0 0 0 0 0 0 0 0 0 0 0 0 0 0 0 0 0 0 0 0 0 0 0 0 0 0 0 0 0 0 0 0 0 0 0 0 1.384228e-07 1.481171e-07 0 0 4.441936e-07 9.940781e-07 1.058335e-06 1.058335e-06 1.058335e-06 1.058335e-06 1.058335e-06 0 0
0 0 0 0 0 0 0 0 0 0 0 0 0 0 0 0 0 0 0 0 0 0 0 0 0 0 0 0 0 0 0 0 0 0 0 0 0 0 0 0 0 0 0 0 0 0 0 0 0 0 0 0 0 0 0 0 0 0 0 0 0 0 0 0 0 0 0 0 0 0 0 4.485401e-08 5.368533e-07 7.219167e-07 4.885045e-07 3.520287e-07 6.854051e-07 1.058335e-06 1.058335e-06 1.058335e-06 1.058335e-06 1.058335e-06 1.058335e-06 0 0
0 0 0 0 0 0 0 0 0 0 0 0 0 0 0 0 0 0 0 0 0 0 0 0 0 0 0 0 0 0 0 0 0 0 0 0 0 0 0 0 0 0 0 0 0 0 0 0 0 0 0 0 0 0 0 0 0 0 0 0 0 0 0 0 0 0 0 0 0 0 0 2.782661e-07 8.281507e-07 1.058335e-06 1.038389e-06 8.914298e-07 9.905782e-07 1.058335e-06 1.058335e-06 1.058335e-06 1.058335e-06 1.058335e-06 0 0 0
0 0 0 0 0 0 0 0 0 0 0 0 0 0 0 0 0 0 0 0 0 0 0 0 0 0 0 0 0 0 0 0 0 0 0 0 0 0 0 0 0 0 0 0 0 0 0 0 0 0 0 0 0 0 0 0 0 0 0 0 0 0 0 0 0 0 0 0 0 0 0 4.285984e-07 1.058335e-06 1.058335e-06 1.058335e-06 1.058335e-06 1.058335e-06 1.058335e-06 1.058335e-06 1.058335e-06 1.058335e-06 1.058335e-06 0 0 0
0 0 0 0 0 0 0 0 0 0 0 0 0 0 0 0 0 0 0 0 0 0 0 0 0 0 0 0 0 0 0 0 0 0 0 0 0 0 0 0 0 0 0 0 0 0 0 0 0 0 0 0 0 0 0 0 0 0 0 0 0 0 0 0 0 0 0 0 0 0 1.903479e-08 2.369818e-07 5.70024e-07 8.034361e-07 1.042494e-06 1.058335e-06 1.058335e-06 1.058335e-06 1.058335e-06 1.058335e-06 1.058335e-06 1.058335e-06 0 0 0
0 0 0 0 0 0 0 0 0 0 0 0 0 0 0 0 0 0 0 0 0 0 0 0 0 0 0 0 0 0 0 0 0 0 0 0 0 0 0 0 0 0 0 0 0 0 0 0 0 0 0 0 0 0 0 0 0 0 0 0 0 0 0 0 0 0 0 0 0 0 1.80904e-07 1.97185e-07 2.013945e-08 2.535516e-07 7.631032e-07 1.058335e-06 1.058335e-06 1.058335e-06 1.058335e-06 1.058335e-06 1.058335e-06 1.058335e-06 0 0 0
0 0 0 0 0 0 0 0 0 0 0 0 0 0 0 0 0 0 0 0 0 0 0 0 0 0 0 0 0 0 0 0 0 0 0 0 0 0 0 0 0 0 0 0 0 0 0 0 0 0 0 0 0 0 0 0 0 0 0 0 0 0 0 0 0 1.299105e-09 0 4.265899e-08 2.375217e-07 2.47415e-07 6.23393e-07 6.524124e-07 1.776294e-07 1.950128e-07 7.448973e-07 1.058335e-06 1.058335e-06 1.058335e-06 1.058335e-06 1.058335e-06 1.058335e-06 0 0 0 0
0 0 0 0 0 0 0 0 0 0 0 0 0 0 0 0 0 0 0 0 0 0 0 0 0 0 0 0 0 0 0 0 0 0 0 0 0 0 0 0 0 0 0 0 0 0 0 0 0 0 0 0 0 0 0 0 0 0 0 0 0 0 0 0 0 1.481432e-07 2.790376e-07 3.594186e-07 7.705773e-07 5.959135e-07 5.575809e-07 5.097738e-07 1.190157e-07 4.284249e-07 9.783095e-07 1.058335e-06 1.058335e-06 1.058335e-06 1.058335e-06 1.058335e-06 1.058335e-06 0 0 0 0
0 0 0 0 0 0 0 0 0 0 0 0 0 0 0 0 0 0 0 0 0 0 0 0 0 0 0 0 0 0 0 0 0 0 0 0 0 0 0 0 0 0 0 0 0 0 0 0 0 0 0 0 0 0 0 8.349781e-08 5.740761e-08 0 0 0 0 0 0 0 0 4.546679e-07 9.026598e-07 5.267839e-07 5.950289e-07 3.828526e-07 1.897772e-08 1.049978e-07 5.153229e-08 4.506125e-07 9.691053e-07 1.058335e-06 1.058335e-06 1.058335e-06 1.058335e-06 1.058335e-06 0 0 0 0 0
0 0 0 0 0 0 0 0 0 0 0 0 0 0 0 0 0 0 0 0 0 0 0 0 0 0 0 0 0 0 0 0 0 0 0 0 0 0 0 0 0 0 0 0 0 0 0 0 0 0 0 0 0 1.200614e-07 3.000281e-08 4.223487e-07 6.141445e-07 1.817327e-07 8.129042e-09 0 6.829807e-08 3.138059e-07 2.801782e-07 4.676604e-08 3.167927e-08 2.895478e-07 5.169742e-07 2.408296e-07 4.659152e-08 6.864325e-08 0 0 0 1.443824e-07 6.432064e-07 1.009963e-06 1.058335e-06 1.058335e-06 1.058335e-06 1.058335e-06 0 0 0 0 0
0 0 0 0 0 0 0 0 0 0 0 0 0 0 0 0 0 0 0 0 0 0 0 0 0 0 0 0 0 0 0 0 0 0 0 0 0 0 0 0 0 0 0 0 0 0 0 0 0 0 0 0 1.627593e-07 5.494789e-07 5.606444e-07 6.07054e-07 7.503777e-07 2.316447e-07 1.92445e-07 3.739845e-07 4.943044e-07 8.809255e-07 8.300627e-07 5.966506e-07 3.632384e-07 1.298263e-07 5.910345e-08 1.718683e-08 0 0 0 0 0 7.03259e-08 6.202104e-07 1.058335e-06 1.058335e-06 1.058335e-06 1.058335e-06 1.058335e-06 0 0 0 0 0
0 0 0 0 0 0 0 0 0 0 0 0 0 0 0 0 0 0 0 0 0 0 0 0 0 0 0 0 0 0 0 0 0 0 0 0 0 0 0 0 0 0 0 0 0 0 0 0 0 0 0 0 1.952069e-07 6.740284e-07 6.06779e-07 2.092724e-07 5.168462e-07 4.355161e-07 6.219213e-07 1.022321e-06 9.321635e-07 1.058335e-06 1.058335e-06 1.058335e-06 9.131229e-07 6.797108e-07 4.462987e-07 2.128866e-07 0 0 0 0 0 3.03738e-07 8.536225e-07 1.058335e-06 1.058335e-06 1.058335e-06 1.058335e-06 0 0 0 0 0 0
0 0 0 0 0 0 0 0 0 0 0 0 0 0 0 0 0 0 0 0 0 0 0 0 0 0 0 0 0 0 0 0 0 0 0 0 0 0 0 0 0 0 0 0 0 0 0 0 0 0 0 0 0 2.785471e-07 5.543807e-07 4.926324e-07 7.6464e-07 9.954025e-07 9.692138e-07 1.058335e-06 1.058335e-06 1.058335e-06 1.058335e-06 1.058335e-06 1.058335e-06 1.058335e-06 9.961832e-07 7.627711e-07 5.293589e-07 1.689137e-07 3.200664e-09 0 0 3.236607e-07 8.761908e-07 1.058335e-06 1.058335e-06 1.058335e-06 1.058335e-06 1.058335e-06 0 0 0 0 0
0 0 0 0 0 0 0 0 0 0 0 0 0 0 0 0 0 0 0 0 0 0 0 0 0 0 0 0 0 0 0 0 0 0 0 0 0 0 0 0 0 0 0 0 0 0 0 0 0 0 0 0 0 2.39401e-07 8.087891e-07 9.835863e-07 1.021366e-06 1.058335e-06 1.058335e-06 1.05609e-06 1.058335e-06 1.058335e-06 1.058335e-06 1.058335e-06 1.058335e-06 1.058335e-06 1.058335e-06 1.058335e-06 9.232474e-07 2.962191e-07 0 0 3.035859e-08 6.393872e-08 5.037838e-07 9.41095e-07 1.058335e-06 1.058335e-06 1.058335e-06 0 0 0 0 0 0
0 0 0 0 0 0 0 0 0 0 0 0 0 0 0 0 0 0 0 0 0 0 0 0 0 0 0 0 0 0 0 0 0 0 0 0 0 0 0 0 0 0 0 0 0 0 0 0 0 0 0 0 0 8.990376e-08 3.947794e-07 6.281915e-07 8.616036e-07 1.058335e-06 9.361483e-07 6.840538e-07 7.99324e-07 1.033142e-06 1.058335e-06 1.058335e-06 1.058335e-06 1.058335e-06 1.058335e-06 1.058335e-06 8.873244e-07 4.308625e-07 6.342994e-08 0 2.984027e-07 4.383334e-07 6.1712e-07 1.045466e-06 1.058335e-06 1.058335e-06 1.058335e-06 0 0 0 0 0 0
0 0 0 0 0 0 0 0 0 0 0 0 0 0 0 0 0 0 0 0 0 0 0 0 0 0 0 0 0 0 0 0 0 0 0 0 0 0 0 0 0 0 0 0 0 0 0 0 0 0 0 0 0 0 0 7.8307e-08 3.117191e-07 5.451313e-07 4.861548e-07 1.061204e-07 5.483688e-07 1.016415e-06 1.058335e-06 1.058335e-06 1.058335e-06 1.058335e-06 1.058335e-06 1.058335e-06 1.058335e-06 8.066283e-07 2.547037e-07 1.376175e-07 6.87502e-07 1.019799e-06 9.712509e-07 1.058335e-06 1.058335e-06 1.058335e-06 0 0 0 0 0 0 0
0 0 0 0 0 0 0 0 0 0 0 0 0 0 0 0 0 0 0 0 0 0 0 0 0 0 0 0 0 0 0 0 0 0 0 0 0 0 0 0 0 0 0 0 0 0 0 0 0 0 0 0 0 0 0 0 0 0 9.235419e-08 5.345229e-08 4.418089e-07 9.288953e-07 1.058335e-06 1.058335e-06 1.058335e-06 1.058335e-06 1.058335e-06 1.058335e-06 1.058335e-06 8.467129e-07 2.996844e-07 3.710296e-07 9.209142e-07 1.058335e-06 1.058335e-06 1.058335e-06 1.058335e-06 1.058335e-06 0 0 0 0 0 0 0
0 0 0 0 0 0 0 0 0 0 0 0 0 0 0 0 0 0 0 0 0 0 0 0 0 0 0 0 0 0 0 0 0 0 0 0 0 0 0 0 0 0 0 0 0 0 0 0 0 0 0 0 0 0 0 0 0 0 0 0 1.246035e-07 3.790107e-07 6.124229e-07 8.45835e-07 1.058335e-06 1.058335e-06 1.058335e-06 1.058335e-06 1.057049e-06 9.893718e-07 7.140016e-07 8.025281e-07 1.058335e-06 1.058335e-06 1.058335e-06 1.058335e-06 1.058335e-06 1.058335e-06 0 0 0 0 0 0 0
0 0 0 0 0 0 0 0 0 0 0 0 0 0 0 0 0 0 0 0 0 0 0 0 0 0 0 0 0 0 0 0 0 0 0 0 0 0 0 0 0 0 0 0 0 0 0 0 0 0 0 0 0 0 0 0 0 0 0 0 0 0 6.253835e-08 2.959505e-07 6.111668e-07 9.620483e-07 1.058335e-06 1.058335e-06 9.060675e-07 7.4209e-07 9.223372e-07 1.048632e-06 1.058335e-06 1.058335e-06 1.058335e-06 1.058335e-06 1.058335e-06 1.058335e-06 0 0 0 0 0 0 0
0 0 0 0 0 0 0 0 0 0 0 0 0 0 0 0 0 0 0 0 0 0 0 0 0 0 0 0 0 0 0 0 0 0 0 0 0 0 0 0 0 0 0 0 0 0 0 0 0 0 0 0 0 0 0 0 0 0 0 0 0 0 0 0 3.89381e-07 9.69368e-07 1.058335e-06 1.058335e-06 5.783875e-07 1.143308e-07 6.845554e-07 1.058335e-06 1.058335e-06 1.056461e-06 1.058335e-06 1.058335e-06 1.058335e-06 1.058335e-06 0 0 0 0 0 0 0
0 0 0 0 0 0 0 0 0 0 0 0 0 0 0 0 0 0 0 0 0 0 0 0 0 0 0 0 0 0 0 0 0 0 0 0 0 0 0 0 0 0 0 0 0 0 0 0 0 0 0 0 0 0 0 0 0 0 0 0 0 0 0 1.938533e-08 2.906789e-07 7.602016e-07 1.020517e-06 8.948599e-07 3.449754e-07 1.155209e-07 5.919945e-07 1.058335e-06 1.058335e-06 8.988937e-07 7.789746e-07 9.759773e-07 1.058335e-06 1.058335e-06 0 0 0 0 0 0 0
0 0 0 0 0 0 0 0 0 0 0 0 0 0 0 0 0 0 0 0 0 0 0 0 0 0 0 0 0 0 0 0 0 0 0 0 0 0 0 0 0 0 0 0 0 0 0 0 0 0 0 0 0 0 0 0 0 1.142806e-07 2.823951e-07 1.33402e-07 0 0 0 0 0 4.69325e-07 9.638679e-07 8.189729e-07 2.78531e-07 1.937019e-08 2.616158e-07 5.13594e-07 7.470061e-07 4.976009e-07 1.66361e-07 7.447821e-07 1.058335e-06 1.058335e-06 0 0 0 0 0 0 0
0 0 0 0 0 0 0 0 0 0 0 0 0 0 0 0 0 0 0 0 0 0 0 0 0 0 0 0 0 0 0 0 0 0 0 0 0 0 0 0 0 0 0 0 0 0 0 0 0 0 0 0 0 0 0 0 0 3.715348e-07 8.770712e-07 4.04267e-07 2.020056e-08 0 0 0 3.898167e-08 5.888662e-07 1.058335e-06 1.00569e-06 6.517287e-07 1.837841e-07 4.161036e-08 2.445465e-08 1.589919e-07 1.235602e-07 1.544218e-07 6.749539e-07 1.058335e-06 1.058335e-06 0 0 0 0 0 0 0
0 0 0 0 0 0 0 0 0 0 0 0 0 0 0 0 0 0 0 0 0 0 0 0 0 0 0 0 0 0 0 0 0 0 0 9.908967e-08 2.049232e-07 5.550398e-08 0 0 0 0 0 0 0 1.175172e-07 6.46787e-08 0 0 0 0 0 0 0 0 0 1.471239e-08 2.353608e-07 5.894011e-07 4.280245e-07 0 0 0 0 2.457836e-07 8.222783e-07 1.058335e-06 1.058335e-06 7.796348e-07 1.524175e-07 3.072049e-07 5.242771e-07 2.067266e-07 7.930447e-09 5.168442e-08 3.379885e-07 5.808856e-07 8.142977e-07 0 0 0 0 0 0 0
0 0 0 0 0 0 0 0 0 0 0 0 0 0 0 0 0 0 0 0 0 0 0 0 0 0 0 0 0 0 0 0 0 0 0 4.341865e-07 7.799411e-07 6.053885e-07 3.719764e-07 7.086817e-08 0 0 0 0 9.146994e-08 5.179885e-07 5.433223e-07 1.376587e-07 0 0 0 0 0 0 0 0 0 0 3.99064e-07 7.061433e-07 3.173495e-07 2.384974e-08 0 0 1.935895e-07 6.368783e-07 8.718861e-07 1.056614e-06 9.023838e-07 5.834936e-07 7.560002e-07 9.366796e-07 3.29895e-07 0 0 0 3.100106e-08 2.644132e-07 0 0 0 0 0 0 0
0 0 0 0 0 0 0 0 0 0 0 0 0 0 0 0 0 0 0 0 0 0 0 0 0 0 0 0 0 0 0 0 0 0 1.177141e-07 6.675986e-07 1.058335e-06 1.058335e-06 7.47145e-07 2.002697e-07 0 0 0 0 3.248821e-07 8.747666e-07 6.920198e-07 1.259503e-07 0 0 0 0 0 0 0 2.873389e-09 0 6.503275e-08 6.149173e-07 9.773755e-07 4.144722e-07 0 0 0 0 8.858943e-08 3.220016e-07 6.847637e-07 9.981733e-07 1.058335e-06 1.022014e-06 7.032675e-07 0 0 0 0 0 0 0 0 0 0 0 0 0
0 0 0 0 0 0 0 0 0 0 0 0 0 0 0 0 0 0 0 0 0 0 0 0 0 0 0 0 0 0 0 0 0 0 2.553359e-07 8.539219e-07 1.058335e-06 1.058335e-06 6.24342e-07 7.445751e-08 0 0 0 5.988615e-09 5.206964e-07 1.008492e-06 4.586076e-07 0 0 0 0 0 0 1.77692e-08 0 1.648298e-07 3.395309e-07 3.908448e-07 8.483294e-07 9.764748e-07 6.477995e-07 2.153302e-07 1.239704e-08 0 0 0 0 5.085005e-07 1.056138e-06 1.058335e-06 1.032597e-06 5.361122e-07 0 0 0 0 0 0 0 0 0 0 0 0 0
0 0 0 0 0 0 0 0 0 0 0 0 0 0 0 0 0 0 0 0 0 0 0 0 0 0 0 0 0 0 0 0 0 4.480734e-10 1.213598e-07 4.966496e-07 9.064502e-07 9.408144e-07 3.909299e-07 0 0 0 0 4.655906e-08 3.270389e-07 4.91112e-07 1.923561e-07 0 0 0 0 0 0 2.702923e-07 3.81025e-07 5.028919e-07 9.782655e-07 5.279854e-07 5.299418e-07 7.633539e-07 9.394705e-07 3.715817e-07 0 0 0 0 5.014172e-08 3.589071e-07 8.151358e-07 1.037979e-06 1.018272e-06 7.560144e-07 4.356301e-07 0 0 0 0 0 0 0 0 0 0 0 0
0 0 0 0 0 0 0 0 0 0 0 0 0 0 0 0 0 0 0 0 0 0 0 0 0 0 0 0 0 0 0 0 0 1.427464e-07 2.551665e-07 3.779521e-07 8.850755e-07 7.074023e-07 1.575178e-07 0 0 0 0 0 0 6.177863e-08 5.467348e-09 2.482738e-07 2.262562e-07 1.725817e-09 0 0 8.718027e-08 5.994384e-07 8.140723e-07 4.588993e-07 4.552471e-07 2.229092e-07 0 2.134694e-07 4.9326e-07 4.380729e-07 1.446296e-07 0 0 0 0 0 5.749043e-07 1.031975e-06 1.058335e-06 1.058335e-06 9.855146e-07 0 0 0 0 0 0 0 0 0 0 0 0
0 0 0 0 0 0 0 0 0 0 0 0 0 0 0 0 0 0 0 0 0 0 0 0 0 0 0 0 0 0 0 0 0 5.014781e-07 8.74243e-07 8.578288e-07 1.023875e-06 4.739902e-07 0 0 0 0 0 0 0 0 2.416287e-07 7.633586e-07 5.767124e-07 1.179541e-07 0 0 5.060912e-08 3.286393e-07 3.771706e-07 8.086438e-08 1.248867e-08 1.437875e-08 0 0 4.799195e-07 9.279263e-07 6.945142e-07 4.329364e-07 9.547989e-08 0 0 1.475138e-07 6.973983e-07 1.058335e-06 1.058335e-06 1.058335e-06 0 0 0 0 0 0 0 0 0 0 0 0 0
0 0 0 0 0 0 0 0 0 0 0 0 0 0 0 0 0 0 0 0 0 0 0 0 0 0 0 0 0 0 0 0 1.850057e-07 7.348902e-07 1.058335e-06 1.058335e-06 7.904625e-07 2.40578e-07 0 0 0 0 0 0 0 0 4.750409e-07 1.024925e-06 5.41861e-07 0 0 0 0 0 2.497883e-08 0 0 0 0 3.498007e-08 2.931004e-07 7.405744e-07 1.014063e-06 7.262626e-07 1.545782e-07 0 0 3.809259e-07 9.308105e-07 1.058335e-06 1.058335e-06 1.058335e-06 0 0 0 0 0 0 0 0 0 0 0 0 0
0 0 0 0 0 0 0 0 0 0 0 0 0 0 0 0 0 0 0 0 0 0 0 0 0 0 0 0 0 0 0 0 2.879652e-07 8.799645e-07 1.058335e-06 1.058335e-06 7.723975e-07 2.269063e-07 0 0 0 0 0 0 0 8.805751e-08 5.496705e-07 8.552612e-07 3.084488e-07 0 0 0 0 0 0 0 0 0 0 1.601612e-07 1.362689e-07 5.378148e-07 1.045531e-06 7.79226e-07 2.691235e-07 3.571137e-08 6.445356e-08 6.143381e-07 1.058335e-06 1.058335e-06 1.058335e-06 1.058335e-06 0 0 0 0 0 0 0 0 0 0 0 0 0
0 0 0 0 0 0 0 0 0 0 0 0 0 2.300139e-08 0 0 0 0 0 0 1.927062e-07 2.452949e-07 3.89631e-08 0 0 0 0 0 0 0 0 5.290697e-09 1.099305e-07 4.99476e-07 9.158632e-07 1.058335e-06 1.020987e-06 7.711229e-07 5.377108e-07 3.042986e-07 7.088651e-08 0 0 0 0 1.40145e-08 2.413996e-07 2.979911e-07 5.233002e-08 0 0 0 0 0 0 0 4.881676e-08 2.035062e-07 2.221056e-07 5.978527e-07 7.540187e-07 8.692935e-07 1.058335e-06 1.05406e-06 0 0 5.509283e-07 8.713831e-07 1.058335e-06 1.058335e-06 1.058335e-06 0 0 0 0 0 0 0 0 0 0 0 0 0 0
0 0 0 0 0 0 0 0 0 0 0 0 0 5.728859e-07 1.751347e-07 3.897149e-10 0 0 0 6.784059e-08 6.350382e-07 8.222597e-07 5.888476e-07 2.984686e-07 3.906597e-08 0 0 0 0 0 0 1.916475e-07 3.106543e-07 4.656504e-07 9.385471e-07 1.058335e-06 1.058335e-06 1.058335e-06 1.058335e-06 8.541831e-07 6.20771e-07 3.873589e-07 1.489902e-07 0 0 0 0 0 0 0 0 0 0 0 0 0 3.241098e-07 7.317643e-07 7.928007e-07 9.720438e-07 1.058335e-06 1.053777e-06 1.058335e-06 0 0 0 0 0 0 0 0 0 0 0 0 0 0 0 0 0 0 0 0 0 0
0 0 0 0 0 0 0 0 0 0 0 0 0 8.743932e-07 2.626755e-07 1.470768e-07 3.14279e-07 1.393127e-07 0 8.401064e-08 4.201848e-07 7.445266e-07 9.779387e-07 5.60556e-07 6.692546e-08 0 0 0 0 0 1.300067e-08 5.169848e-07 9.290929e-07 9.014687e-07 1.058335e-06 1.058335e-06 1.058335e-06 1.058335e-06 1.058335e-06 1.058335e-06 1.058335e-06 9.372434e-07 5.259429e-07 1.071061e-07 0 0 0 0 0 0 0 0 0 0 9.536612e-09 7.637441e-09 5.57522e-07 1.040825e-06 9.767021e-07 1.058335e-06 1.058335e-06 1.058335e-06 1.058335e-06 0 0 0 0 0 0 0 0 0 0 0 0 0 0 0 0 0 0 0 0 0 0
0 0 0 0 0 0 0 0 0 0 0 0 0 0 4.315841e-07 5.526072e-07 9.377443e-07 3.813886e-07 0 0 0 1.946421e-07 3.93043e-07 2.636827e-07 0 0 0 0 0 0 4.259574e-08 3.123519e-07 6.455046e-07 8.789168e-07 1.058335e-06 1.058335e-06 1.058335e-06 1.058335e-06 1.058335e-06 1.058335e-06 1.058335e-06 1.058335e-06 5.574365e-07 7.280638e-09 0 0 0 6.16671e-09 0 0 0 0 0 1.514287e-07 4.032714e-07 5.005436e-07 8.168615e-07 8.107632e-07 5.124123e-07 7.386274e-07 1.018702e-06 1.058335e-06 0 0 0 0 0 0 0 0 0 0 0 0 0 0 0 0 0 0 0 0 0 0 0
0 0 0 0 0 0 0 0 0 0 0 0 0 0 9.493799e-07 9.375285e-07 9.484436e-07 4.751946e-07 0 0 0 0 0 1.987128e-08 0 0 0 0 0 0 0 0 9.562013e-08 3.419131e-07 8.288552e-07 1.058335e-06 1.058335e-06 1.058335e-06 1.058335e-06 1.058335e-06 1.058335e-06 8.739089e-07 3.240244e-07 0 0 0 0 1.856852e-07 3.270514e-07 1.135634e-07 0 0 0 4.330281e-07 9.829126e-07 9.632119e-07 1.045302e-06 7.46729e-07 1.918154e-07 5.799262e-07 1.058335e-06 1.058335e-06 0 0 0 0 0 0 0 0 0 0 0 0 0 0 0 0 0 0 0 0 0 0 0
0 0 0 0 0 0 0 0 0 0 0 0 0 9.578153e-07 1.058335e-06 1.058335e-06 1.0403e-06 8.012794e-07 3.038275e-07 1.124005e-08 0 0 0 0 0 0 0 0 0 1.537767e-08 0 0 0 1.994954e-07 8.05031e-07 1.058335e-06 1.058335e-06 1.058335e-06 1.058335e-06 1.058335e-06 1.058335e-06 6.404968e-07 9.061228e-08 1.476251e-09 0 0 0 5.421394e-07 9.226761e-07 3.228079e-07 0 0 1.165557e-07 6.664402e-07 1.058335e-06 1.058335e-06 1.058335e-06 9.950669e-07 8.090187e-07 9.177068e-07 1.058335e-06 1.058335e-06 0 0 0 0 0 0 0 0 0 0 0 0 0 0 0 0 0 0 0 0 0 0 0
0 0 0 0 0 0 0 0 0 0 0 0 7.518352e-07 1.058335e-06 1.058335e-06 1.058335e-06 1.058335e-06 9.438776e-07 3.800621e-07 0 0 0 0 0 0 1.575327e-07 2.36618e-07 5.453868e-08 0 2.45793e-07 3.713863e-07 1.792256e-07 0 1.319372e-07 5.097203e-07 7.544229e-07 9.890673e-07 1.058335e-06 1.058335e-06 1.058335e-06 9.75664e-07 4.070847e-07 1.061482e-07 3.621279e-07 3.198742e-07 8.646209e-08 2.25667e-07 7.755516e-07 9.034323e-07 4.043474e-07 0 0 3.499678e-07 8.998524e-07 1.058335e-06 1.058335e-06 1.058335e-06 1.058335e-06 1.058335e-06 1.058132e-06 1.058335e-06 1.058335e-06 0 0 0 0 0 0 0 0 0 0 0 0 0 0 0 0 0 0 0 0 0 0 0
0 0 0 0 0 0 0 0 0 0 0 0 1.02873e-06 1.058335e-06 1.058335e-06 1.058335e-06 1.058335e-06 9.717661e-07 6.421785e-07 2.111646e-07 9.143762e-09 0 0 2.319776e-07 2.488634e-07 5.59357e-07 8.378353e-07 6.044232e-07 4.269776e-07 6.909631e-07 9.625222e-07 7.291101e-07 4.95698e-07 2.622859e-07 2.887373e-08 2.045384e-07 5.856182e-07 0 0 0 0 6.01369e-07 5.555494e-07 9.316987e-07 8.697587e-07 6.363466e-07 5.124481e-07 8.552579e-07 1.02812e-06 7.632635e-07 5.276214e-07 3.183932e-07 6.106643e-07 1.058335e-06 1.058335e-06 1.058335e-06 1.058335e-06 1.058335e-06 1.058335e-06 1.058335e-06 1.058335e-06 1.058335e-06 0 0 0 0 0 0 0 0 0 0 0 0 0 0 0 0 0 0 0 0 0 0 0
0 0 0 0 0 0 0 0 0 0 0 0 1.058335e-06 1.058335e-06 1.058335e-06 1.058335e-06 1.058335e-06 1.058335e-06 9.544136e-07 3.38627e-07 9.762184e-08 2.913205e-07 3.62214e-07 7.249547e-07 8.548395e-07 9.311051e-07 1.058335e-06 1.058335e-06 9.623987e-07 9.921562e-07 1.058335e-06 1.058335e-06 1.045582e-06 8.121704e-07 5.787582e-07 3.453461e-07 0 0 0 0 0 0 0 0 1.058335e-06 9.329621e-07 3.98411e-07 4.640306e-07 9.093639e-07 1.058335e-06 1.058335e-06 8.981246e-07 9.561676e-07 1.058335e-06 1.058335e-06 1.058335e-06 1.058335e-06 1.058335e-06 1.058335e-06 1.058335e-06 1.058335e-06 1.058335e-06 0 0 0 0 0 0 0 0 0 0 0 0 0 0 0 0 0 0 0 0 0 0 0
0 0 0 0 0 0 0 0 0 0 0 0 1.058335e-06 1.058335e-06 1.058335e-06 1.058335e-06 1.058335e-06 1.058335e-06 9.183337e-07 4.981795e-07 4.906665e-07 8.748643e-07 8.776235e-07 1.017857e-06 1.058335e-06 1.058335e-06 1.058335e-06 1.058335e-06 1.058335e-06 1.058335e-06 1.058335e-06 1.058335e-06 1.058335e-06 1.058335e-06 1.058335e-06 9.21253e-07 0 0 0 0 0 0 0 0 0 0 5.211953e-07 5.451985e-07 9.692679e-07 1.058335e-06 1.058335e-06 1.058335e-06 1.058335e-06 1.058335e-06 1.058335e-06 1.058335e-06 1.058335e-06 1.058335e-06 1.058335e-06 1.058335e-06 1.058335e-06 0 0 0 0 0 0 0 0 0 0 0 0 0 0 0 0 0 0 0 0 0 0 0 0
0 0 0 0 0 0 0 0 0 0 0 0 1.058335e-06 1.058335e-06 1.058335e-06 1.058335e-06 1.058335e-06 1.058335e-06 1.058335e-06 9.538572e-07 9.155094e-07 1.058335e-06 1.058335e-06 1.056489e-06 1.058335e-06 1.058335e-06 1.058335e-06 1.058335e-06 1.058335e-06 1.058335e-06 1.058335e-06 1.058335e-06 1.058335e-06 1.058335e-06 1.058335e-06 1.058335e-06 0 0 0 0 0 0 0 0 0 0 0 0 1.058335e-06 1.058335e-06 1.058335e-06 1.058335e-06 1.058335e-06 1.058335e-06 1.058335e-06 1.058335e-06 1.058335e-06 1.058335e-06 1.058335e-06 1.058335e-06 1.058335e-06 0 0 0 0 0 0 0 0 0 0 0 0 0 0 0 0 0 0 0 0 0 0 0 0
0 0 0 0 0 0 0 0 0 0 0 0 1.058335e-06 1.058335e-06 1.058335e-06 1.058335e-06 1.058335e-06 1.058335e-06 1.058335e-06 1.058335e-06 1.058335e-06 1.058335e-06 1.058335e-06 8.525699e-07 7.668981e-07 1.001336e-06 1.058335e-06 1.058335e-06 1.058335e-06 1.058335e-06 1.058335e-06 1.058335e-06 1.058335e-06 1.058335e-06 1.058335e-06 1.058335e-06 0 0 0 0 0 0 0 0 0 0 0 0 0 1.058335e-06 1.058335e-06 1.058335e-06 1.058335e-06 1.058335e-06 1.058335e-06 1.058335e-06 1.058335e-06 1.058335e-06 1.058335e-06 1.058335e-06 1.058335e-06 0 0 0 0 0 0 0 0 0 0 0 0 0 0 0 0 0 0 0 0 0 0 0 0
0 0 0 0 0 0 0 0 0 0 0 0 1.058335e-06 1.058335e-06 1.058335e-06 1.058335e-06 1.058335e-06 1.058335e-06 1.058335e-06 1.058335e-06 1.058335e-06 1.058335e-06 1.006918e-06 4.695985e-07 2.72318e-07 8.16492e-07 1.058335e-06 1.058335e-06 1.058335e-06 1.058335e-06 1.058335e-06 1.058335e-06 1.058335e-06 1.058335e-06 1.058335e-06 1.058335e-06 0 0 0 0 0 0 0 0 0 0 0 0 0 0 0 1.058335e-06 1.058335e-06 1.058335e-06 1.058335e-06 1.058335e-06 1.058335e-06 1.058335e-06 1.058335e-06 1.058335e-06 1.058335e-06 0 0 0 0 0 0 0 0 0 0 0 0 0 0 0 0 0 0 0 0 0 0 0 0
0 0 0 0 0 0 0 0 0 0 0 0 1.058335e-06 1.058335e-06 1.058335e-06 1.058335e-06 1.058335e-06 1.058335e-06 1.058335e-06 1.058335e-06 1.058335e-06 1.058335e-06 9.948845e-07 6.917934e-07 5.950977e-07 9.164648e-07 1.058335e-06 1.058335e-06 1.058335e-06 1.058335e-06 1.058335e-06 1.058335e-06 1.058335e-06 1.058335e-06 1.058335e-06 0 0 0 0 0 0 0 0 0 0 0 0 0 0 0 0 0 1.058335e-06 1.058335e-06 1.058335e-06 1.058335e-06 1.058335e-06 1.058335e-06 1.058335e-06 1.058335e-06 0 0 0 0 0 0 0 0 0 0 0 0 0 0 0 0 0 0 0 0 0 0 0 0 0
0 0 0 0 0 0 0 0 0 0 0 0 1.058335e-06 1.058335e-06 1.058335e-06 1.058335e-06 1.058335e-06 1.058335e-06 1.058335e-06 1.058335e-06 1.058335e-06 1.058335e-06 1.058335e-06 1.058335e-06 9.958937e-07 1.058335e-06 1.058335e-06 1.058335e-06 1.058335e-06 1.058335e-06 1.058335e-06 1.058335e-06 1.058335e-06 1.058335e-06 1.058335e-06 0 0 0 0 0 0 0 0 0 0 0 0 0 0 0 0 0 0 1.058335e-06 1.058335e-06 1.058335e-06 1.058335e-06 1.058335e-06 1.058335e-06 1.058335e-06 0 0 0 0 0 0 0 0 0 0 0 0 0 0 0 0 0 0 0 0 0 0 0 0 0
0 0 0 0 0 0 0 0 0 0 0 0 1.058335e-06 1.058335e-06 1.058335e-06 1.058335e-06 1.058335e-06 1.058335e-06 1.058335e-06 1.058335e-06 1.058335e-06 1.058335e-06 1.058335e-06 1.058335e-06 1.058335e-06 1.058335e-06 1.058335e-06 1.058335e-06 1.058335e-06 1.058335e-06 1.058335e-06 1.058335e-06 1.058335e-06 1.058335e-06 1.058335e-06 0 0 0 0 0 0 0 0 0 0 0 0 0 0 0 0 0 0 0 1.058335e-06 1.058335e-06 1.058335e-06 1.058335e-06 0 0 0 0 0 0 0 0 0 0 0 0 0 0 0 0 0 0 0 0 0 0 0 0 0 0 0
0 0 0 0 0 0 0 0 0 0 0 0 1.058335e-06 1.058335e-06 1.058335e-06 1.058335e-06 1.058335e-06 1.058335e-06 1.058335e-06 1.058335e-06 1.058335e-06 1.058335e-06 1.058335e-06 1.058335e-06 1.058335e-06 1.058335e-06 1.058335e-06 1.058335e-06 1.058335e-06 1.058335e-06 1.058335e-06 1.058335e-06 1.058335e-06 1.058335e-06 0 0 0 0 0 0 0 0 0 0 0 0 0 0 0 0 0 0 0 0 0 0 0 0 0 0 0 0 0 0 0 0 0 0 0 0 0 0 0 0 0 0 0 0 0 0 0 0 0 0 0
0 0 0 0 0 0 0 0 0 0 0 0 1.058335e-06 1.058335e-06 1.058335e-06 1.058335e-06 1.058335e-06 1.058335e-06 1.058335e-06 1.058335e-06 1.058335e-06 1.058335e-06 1.058335e-06 1.058335e-06 1.058335e-06 1.058335e-06 1.058335e-06 1.058335e-06 1.058335e-06 1.058335e-06 1.058335e-06 1.058335e-06 1.058335e-06 0 0 0 0 0 0 0 0 0 0 0 0 0 0 0 0 0 0 0 0 0 0 0 0 0 0 0 0 0 0 0 0 0 0 0 0 0 0 0 0 0 0 0 0 0 0 0 0 0 0 0 0
0 0 0 0 0 0 0 0 0 0 0 0 1.058335e-06 1.058335e-06 1.058335e-06 1.058335e-06 1.058335e-06 1.058335e-06 1.058335e-06 1.058335e-06 1.058335e-06 1.058335e-06 1.058335e-06 1.058335e-06 1.058335e-06 1.058335e-06 1.058335e-06 1.058335e-06 1.058335e-06 1.058335e-06 1.058335e-06 1.058335e-06 1.058335e-06 0 0 0 0 0 0 0 0 0 0 0 0 0 0 0 0 0 0 0 0 0 0 0 0 0 0 0 0 0 0 0 0 0 0 0 0 0 0 0 0 0 0 0 0 0 0 0 0 0 0 0 0
0 0 0 0 0 0 0 0 0 0 0 0 1.058335e-06 1.058335e-06 1.058335e-06 1.058335e-06 1.058335e-06 1.058335e-06 1.058335e-06 1.058335e-06 1.058335e-06 1.058335e-06 1.058335e-06 1.058335e-06 1.058335e-06 1.058335e-06 1.058335e-06 1.058335e-06 1.058335e-06 1.058335e-06 1.058335e-06 1.058335e-06 0 0 0 0 0 0 0 0 0 0 0 0 0 0 0 0 0 0 0 0 0 0 0 0 0 0 0 0 0 0 0 0 0 0 0 0 0 0 0 0 0 0 0 0 0 0 0 0 0 0 0 0 0
0 0 0 0 0 0 0 0 0 0 0 0 1.058335e-06 1.058335e-06 1.058335e-06 1.058335e-06 1.058335e-06 1.058335e-06 1.058335e-06 1.058335e-06 1.058335e-06 1.058335e-06 1.058335e-06 1.058335e-06 1.058335e-06 1.058335e-06 1.058335e-06 1.058335e-06 1.058335e-06 1.058335e-06 0 0 0 0 0 0 0 0 0 0 0 0 0 0 0 0 0 0 0 0 0 0 0 0 0 0 0 0 0 0 0 0 0 0 0 0 0 0 0 0 0 0 0 0 0 0 0 0 0 0 0 0 0 0 0
0 0 0 0 0 0 0 0 0 0 0 0 1.058335e-06 1.058335e-06 1.058335e-06 1.058335e-06 1.058335e-06 1.058335e-06 1.058335e-06 1.058335e-06 1.058335e-06 1.058335e-06 1.058335e-06 1.058335e-06 1.058335e-06 1.058335e-06 1.058335e-06 1.058335e-06 0 0 0 0 0 0 0 0 0 0 0 0 0 0 0 0 0 0 0 0 0 0 0 0 0 0 0 0 0 0 0 0 0 0 0 0 0 0 0 0 0 0 0 0 0 0 0 0 0 0 0 0 0 0 0 0 0
0 0 0 0 0 0 0 0 0 0 0 0 1.058335e-06 1.058335e-06 1.058335e-06 1.058335e-06 1.058335e-06 1.058335e-06 1.058335e-06 1.058335e-06 1.058335e-06 1.058335e-06 1.058335e-06 1.058335e-06 1.058335e-06 1.058335e-06 0 0 0 0 0 0 0 0 0 0 0 0 0 0 0 0 0 0 0 0 0 0 0 0 0 0 0 0 0 0 0 0 0 0 0 0 0 0 0 0 0 0 0 0 0 0 0 0 0 0 0 0 0 0 0 0 0 0 0
0 0 0 0 0 0 0 0 0 0 0 0 1.058335e-06 1.058335e-06 1.058335e-06 1.058335e-06 1.058335e-06 1.058335e-06 1.058335e-06 1.058335e-06 1.058335e-06 1.058335e-06 1.058335e-06 0 0 0 0 0 0 0 0 0 0 0 0 0 0 0 0 0 0 0 0 0 0 0 0 0 0 0 0 0 0 0 0 0 0 0 0 0 0 0 0 0 0 0 0 0 0 0 0 0 0 0 0 0 0 0 0 0 0 0 0 0 0
0 0 0 0 0 0 0 0 0 0 0 0 1.058335e-06 1.058335e-06 1.058335e-06 1.058335e-06 1.058335e-06 1.058335e-06 1.058335e-06 1.058335e-06 0 0 0 0 0 0 0 0 0 0 0 0 0 0 0 0 0 0 0 0 0 0 0 0 0 0 0 0 0 0 0 0 0 0 0 0 0 0 0 0 0 0 0 0 0 0 0 0 0 0 0 0 0 0 0 0 0 0 0 0 0 0 0 0 0
0 0 0 0 0 0 0 0 0 0 0 0 1.058335e-06 1.058335e-06 1.058335e-06 0 0 0 0 0 0 0 0 0 0 0 0 0 0 0 0 0 0 0 0 0 0 0 0 0 0 0 0 0 0 0 0 0 0 0 0 0 0 0 0 0 0 0 0 0 0 0 0 0 0 0 0 0 0 0 0 0 0 0 0 0 0 0 0 0 0 0 0 0 0
0 0 0 0 0 0 0 0 0 0 0 0 0 0 0 0 0 0 0 0 0 0 0 0 0 0 0 0 0 0 0 0 0 0 0 0 0 0 0 0 0 0 0 0 0 0 0 0 0 0 0 0 0 0 0 0 0 0 0 0 0 0 0 0 0 0 0 0 0 0 0 0 0 0 0 0 0 0 0 0 0 0 0 0 0
0 0 0 0 0 0 0 0 0 0 0 0 0 0 0 0 0 0 0 0 0 0 0 0 0 0 0 0 0 0 0 0 0 0 0 0 0 0 0 0 0 0 0 0 0 0 0 0 0 0 0 0 0 0 0 0 0 0 0 0 0 0 0 0 0 0 0 0 0 0 0 0 0 0 0 0 0 0 0 0 0 0 0 0 0
0 0 0 0 0 0 0 0 0 0 0 0 0 0 0 0 0 0 0 0 0 0 0 0 0 0 0 0 0 0 0 0 0 0 0 0 0 0 0 0 0 0 0 0 0 0 0 0 0 0 0 0 0 0 0 0 0 0 0 0 0 0 0 0 0 0 0 0 0 0 0 0 0 0 0 0 0 0 0 0 0 0 0 0 0
0 0 0 0 0 0 0 0 0 0 0 0 0 0 0 0 0 0 0 0 0 0 0 0 0 0 0 0 0 0 0 0 0 0 0 0 0 0 0 0 0 0 0 0 0 0 0 0 0 0 0 0 0 0 0 0 0 0 0 0 0 0 0 0 0 0 0 0 0 0 0 0 0 0 0 0 0 0 0 0 0 0 0 0 0
0 0 0 0 0 0 0 0 0 0 0 0 0 0 0 0 0 0 0 0 0 0 0 0 0 0 0 0 0 0 0 0 0 0 0 0 0 0 0 0 0 0 0 0 0 0 0 0 0 0 0 0 0 0 0 0 0 0 0 0 0 0 0 0 0 0 0 0 0 0 0 0 0 0 0 0 0 0 0 0 0 0 0 0 0
0 0 0 0 0 0 0 0 0 0 0 0 0 0 0 0 0 0 0 0 0 0 0 0 0 0 0 0 0 0 0 0 0 0 0 0 0 0 0 0 0 0 0 0 0 0 0 0 0 0 0 0 0 0 0 0 0 0 0 0 0 0 0 0 0 0 0 0 0 0 0 0 0 0 0 0 0 0 0 0 0 0 0 0 0
0 0 0 0 0 0 0 0 0 0 0 0 0 0 0 0 0 0 0 0 0 0 0 0 0 0 0 0 0 0 0 0 0 0 0 0 0 0 0 0 0 0 0 0 0 0 0 0 0 0 0 0 0 0 0 0 0 0 0 0 0 0 0 0 0 0 0 0 0 0 0 0 0 0 0 0 0 0 0 0 0 0 0 0 0
0 0 0 0 0 0 0 0 0 0 0 0 0 0 0 0 0 0 0 0 0 0 0 0 0 0 0 0 0 0 0 0 0 0 0 0 0 0 0 0 0 0 0 0 0 0 0 0 0 0 0 0 0 0 0 0 0 0 0 0 0 0 0 0 0 0 0 0 0 0 0 0 0 0 0 0 0 0 0 0 0 0 0 0 0
0 0 0 0 0 0 0 0 0 0 0 0 0 0 0 0 0 0 0 0 0 0 0 0 0 0 0 0 0 0 0 0 0 0 0 0 0 0 0 0 0 0 0 0 0 0 0 0 0 0 0 0 0 0 0 0 0 0 0 0 0 0 0 0 0 0 0 0 0 0 0 0 0 0 0 0 0 0 0 0 0 0 0 0 0
0 0 0 0 0 0 0 0 0 0 0 0 0 0 0 0 0 0 0 0 0 0 0 0 0 0 0 0 0 0 0 0 0 0 0 0 0 0 0 0 0 0 0 0 0 0 0 0 0 0 0 0 0 0 0 0 0 0 0 0 0 0 0 0 0 0 0 0 0 0 0 0 0 0 0 0 0 0 0 0 0 0 0 0 0
0 0 0 0 0 0 0 0 0 0 0 0 0 0 0 0 0 0 0 0 0 0 0 0 0 0 0 0 0 0 0 0 0 0 0 0 0 0 0 0 0 0 0 0 0 0 0 0 0 0 0 0 0 0 0 0 0 0 0 0 0 0 0 0 0 0 0 0 0 0 0 0 0 0 0 0 0 0 0 0 0 0 0 0 0
0 0 0 0 0 0 0 0 0 0 0 0 0 0 0 0 0 0 0 0 0 0 0 0 0 0 0 0 0 0 0 0 0 0 0 0 0 0 0 0 0 0 0 0 0 0 0 0 0 0 0 0 0 0 0 0 0 0 0 0 0 0 0 0 0 0 0 0 0 0 0 0 0 0 0 0 0 0 0 0 0 0 0 0 0
0 0 0 0 0 0 0 0 0 0 0 0 0 0 0 0 0 0 0 0 0 0 0 0 0 0 0 0 0 0 0 0 0 0 0 0 0 0 0 0 0 0 0 0 0 0 0 0 0 0 0 0 0 0 0 0 0 0 0 0 0 0 0 0 0 0 0 0 0 0 0 0 0 0 0 0 0 0 0 0 0 0 0 0 0
0 0 0 0 0 0 0 0 0 0 0 0 0 0 0 0 0 0 0 0 0 0 0 0 0 0 0 0 0 0 0 0 0 0 0 0 0 0 0 0 0 0 0 0 0 0 0 0 0 0 0 0 0 0 0 0 0 0 0 0 0 0 0 0 0 0 0 0 0 0 0 0 0 0 0 0 0 0 0 0 0 0 0 0 0
0 0 0 0 0 0 0 0 0 0 0 0 0 0 0 0 0 0 0 0 0 0 0 0 0 0 0 0 0 0 0 0 0 0 0 0 0 0 0 0 0 0 0 0 0 0 0 0 0 0 0 0 0 0 0 0 0 0 0 0 0 0 0 0 0 0 0 0 0 0 0 0 0 0 0 0 0 0 0 0 0 0 0 0 0
0 0 0 0 0 0 0 0 0 0 0 0 0 0 0 0 0 0 0 0 0 0 0 0 0 0 0 0 0 0 0 0 0 0 0 0 0 0 0 0 0 0 0 0 0 0 0 0 0 0 0 0 0 0 0 0 0 0 0 0 0 0 0 0 0 0 0 0 0 0 0 0 0 0 0 0 0 0 0 0 0 0 0 0 0
0 0 0 0 0 0 0 0 0 0 0 0 0 0 0 0 0 0 0 0 0 0 0 0 0 0 0 0 0 0 0 0 0 0 0 0 0 0 0 0 0 0 0 0 0 0 0 0 0 0 0 0 0 0 0 0 0 0 0 0 0 0 0 0 0 0 0 0 0 0 0 0 0 0 0 0 0 0 0 0 0 0 0 0 0
0 0 0 0 0 0 0 0 0 0 0 0 0 0 0 0 0 0 0 0 0 0 0 0 0 0 0 0 0 0 0 0 0 0 0 0 0 0 0 0 0 0 0 0 0 0 0 0 0 0 0 0 0 0 0 0 0 0 0 0 0 0 0 0 0 0 0 0 0 0 0 0 0 0 0 0 0 0 0 0 0 0 0 0 0
0 0 0 0 0 0 0 0 0 0 0 0 0 0 0 0 0 0 0 0 0 0 0 0 0 0 0 0 0 0 0 0 0 0 0 0 0 0 0 0 0 0 0 0 0 0 0 0 0 0 0 0 0 0 0 0 0 0 0 0 0 0 0 0 0 0 0 0 0 0 0 0 0 0 0 0 0 0 0 0 0 0 0 0 0
0 0 0 0 0 0 0 0 0 0 0 0 0 0 0 0 0 0 0 0 0 0 0 0 0 0 0 0 0 0 0 0 0 0 0 0 0 0 0 0 0 0 0 0 0 0 0 0 0 0 0 0 0 0 0 0 0 0 0 0 0 0 0 0 0 0 0 0 0 0 0 0 0 0 0 0 0 0 0 0 0 0 0 0 0
0 0 0 0 0 0 0 0 0 0 0 0 0 0 0 0 0 0 0 0 0 0 0 0 0 0 0 0 0 0 0 0 0 0 0 0 0 0 0 0 0 0 0 0 0 0 0 0 0 0 0 0 0 0 0 0 0 0 0 0 0 0 0 0 0 0 0 0 0 0 0 0 0 0 0 0 0 0 0 0 0 0 0 0 0
0 0 0 0 0 0 0 0 0 0 0 0 0 0 0 0 0 0 0 0 0 0 0 0 0 0 0 0 0 0 0 0 0 0 0 0 0 0 0 0 0 0 0 0 0 0 0 0 0 0 0 0 0 0 0 0 0 0 0 0 0 0 0 0 0 0 0 0 0 0 0 0 0 0 0 0 0 0 0 0 0 0 0 0 0
0 0 0 0 0 0 0 0 0 0 0 0 0 0 0 0 0 0 0 0 0 0 0 0 0 0 0 0 0 0 0 0 0 0 0 0 0 0 0 0 0 0 0 0 0 0 0 0 0 0 0 0 0 0 0 0 0 0 0 0 0 0 0 0 0 0 0 0 0 0 0 0 0 0 0 0 0 0 0 0 0 0 0 0 0
0 0 0 0 0 0 0 0 0 0 0 0 0 0 0 0 0 0 0 0 0 0 0 0 0 0 0 0 0 0 0 0 0 0 0 0 0 0 0 0 0 0 0 0 0 0 0 0 0 0 0 0 0 0 0 0 0 0 0 0 0 0 0 0 0 0 0 0 0 0 0 0 0 0 0 0 0 0 0 0 0 0 0 0 0
0 0 0 0 0 0 0 0 0 0 0 0 0 0 0 0 0 0 0 0 0 0 0 0 0 0 0 0 0 0 0 0 0 0 0 0 0 0 0 0 0 0 0 0 0 0 0 0 0 0 0 0 0 0 0 0 0 0 0 0 0 0 0 0 0 0 0 0 0 0 0 0 0 0 0 0 0 0 0 0 0 0 0 0 0
0 0 0 0 0 0 0 0 0 0 0 0 0 0 0 0 0 0 0 0 0 0 0 0 0 0 0 0 0 0 0 0 0 0 0 0 0 0 0 0 0 0 0 0 0 0 0 0 0 0 0 0 0 0 0 0 0 0 0 0 0 0 0 0 0 0 0 0 0 0 0 0 0 0 0 0 0 0 0 0 0 0 0 0 0
0 0 0 0 0 0 0 0 0 0 0 0 0 0 0 0 0 0 0 0 0 0 0 0 0 0 0 0 0 0 0 0 0 0 0 0 0 0 0 0 0 0 0 0 0 0 0 0 0 0 0 0 0 0 0 0 0 0 0 0 0 0 0 0 0 0 0 0 0 0 0 0 0 0 0 0 0 0 0 0 0 0 0 0 0
