-999 -999 -999 -999 -999 -999 -999 -999 -999 -999 -999 -999 -999 -999 -999 -999 -999 -999 -999 -999 -999 -999 -999 -999 -999 -999 -999 427 427 426 426 -999 -999 -999 -999 -999 -999 -999 -999 -999 -999 -999 -999 -999 -999 -999 -999 -999 -999 -999 -999 -999 -999 -999 -999 -999 -999 -999 -999 -999 -999 -999 -999 -999 -999 -999 -999 -999 -999 -999 -999 -999 -999 -999 -999 -999 -999 -999 -999 -999 -999 -999 -999 -999 -999
-999 -999 -999 -999 -999 -999 -999 -999 -999 -999 -999 -999 -999 -999 -999 -999 -999 -999 -999 -999 -999 -999 -999 -999 -999 -999 426 426 426 426 425 424 424 -999 -999 -999 -999 -999 -999 -999 -999 -999 -999 -999 -999 -999 -999 -999 -999 -999 -999 -999 -999 -999 -999 -999 -999 -999 -999 -999 -999 -999 -999 -999 -999 -999 -999 -999 -999 -999 -999 -999 -999 -999 -999 -999 -999 -999 -999 -999 -999 -999 -999 -999 -999
-999 -999 -999 -999 -999 -999 -999 -999 -999 -999 -999 -999 -999 -999 -999 -999 -999 -999 -999 -999 -999 -999 -999 -999 -999 -999 425 425 425 425 424 424 423 -999 -999 -999 -999 -999 -999 -999 -999 -999 -999 -999 -999 -999 -999 -999 -999 -999 -999 -999 -999 -999 -999 -999 -999 -999 -999 -999 -999 -999 -999 -999 -999 -999 -999 -999 -999 -999 -999 -999 -999 -999 -999 -999 -999 -999 -999 -999 -999 -999 -999 -999 -999
-999 -999 -999 -999 -999 -999 -999 -999 -999 -999 -999 -999 -999 -999 -999 -999 -999 -999 -999 -999 -999 -999 -999 -999 -999 422 423 424 424 424 423 423 422 421 -999 -999 -999 -999 -999 -999 -999 -999 -999 -999 -999 -999 -999 -999 -999 -999 -999 -999 -999 -999 -999 -999 -999 -999 -999 -999 -999 -999 -999 -999 -999 -999 -999 -999 -999 -999 -999 -999 -999 -999 -999 -999 -999 -999 -999 -999 -999 -999 -999 -999 -999
-999 -999 -999 -999 -999 -999 -999 -999 -999 -999 -999 -999 -999 -999 -999 -999 -999 -999 -999 -999 -999 -999 -999 418 418 420 421 422 422 422 422 422 421 421 419 -999 -999 -999 -999 -999 -999 -999 -999 -999 -999 -999 -999 -999 -999 -999 -999 -999 -999 -999 -999 -999 -999 -999 -999 -999 -999 -999 -999 -999 -999 -999 -999 -999 -999 -999 -999 -999 -999 -999 -999 -999 -999 -999 -999 -999 -999 -999 -999 -999 -999
-999 -999 -999 -999 -999 -999 -999 -999 -999 -999 -999 -999 -999 -999 -999 -999 -999 -999 -999 -999 -999 423 421 418 417 418 419 420 421 421 421 421 420 420 419 -999 -999 -999 -999 -999 -999 -999 -999 -999 -999 -999 -999 -999 -999 -999 -999 -999 -999 -999 -999 -999 -999 -999 -999 -999 -999 -999 -999 -999 -999 -999 -999 -999 -999 -999 -999 -999 -999 -999 -999 -999 -999 -999 -999 -999 -999 -999 -999 -999 -999
-999 -999 -999 -999 -999 -999 -999 -999 -999 -999 -999 -999 -999 -999 -999 -999 469 462 451 441 432 425 421 418 416 417 418 418 419 419 419 419 419 418 417 416 -999 -999 -999 -999 -999 -999 -999 -999 -999 -999 -999 -999 -999 -999 -999 -999 -999 -999 -999 -999 -999 -999 -999 -999 -999 -999 -999 -999 -999 -999 -999 -999 -999 -999 -999 -999 -999 -999 -999 -999 -999 -999 -999 -999 -999 -999 -999 -999 -999
-999 -999 -999 -999 -999 -999 -999 -999 -999 -999 -999 -999 -999 -999 -999 484 474 463 451 441 432 425 420 417 416 415 416 416 417 417 417 417 417 417 416 415 414 -999 -999 -999 -999 -999 -999 -999 -999 -999 -999 -999 -999 -999 -999 -999 -999 -999 -999 -999 -999 -999 -999 -999 -999 -999 -999 -999 -999 -999 -999 -999 -999 -999 -999 -999 -999 -999 -999 -999 -999 -999 -999 -999 -999 -999 -999 -999 -999
-999 -999 -999 -999 -999 -999 -999 -999 -999 -999 -999 -999 -999 -999 -999 485 476 462 450 440 431 424 419 416 414 414 414 414 414 414 415 415 415 415 414 414 413 -999 -999 -999 -999 -999 -999 -999 -999 -999 -999 -999 -999 -999 -999 -999 -999 -999 -999 -999 -999 -999 -999 -999 -999 -999 -999 -999 -999 -999 -999 -999 -999 -999 -999 -999 -999 -999 -999 -999 -999 -999 -999 -999 -999 -999 -999 -999 -999
-999 -999 -999 -999 -999 -999 -999 -999 -999 -999 -999 -999 -999 -999 -999 -999 477 457 447 438 430 422 417 414 413 412 411 411 411 411 412 412 412 412 412 412 411 -999 -999 -999 -999 -999 -999 -999 -999 -999 -999 -999 -999 -999 -999 -999 -999 -999 -999 -999 -999 -999 -999 -999 -999 -999 -999 -999 -999 -999 -999 -999 -999 -999 -999 -999 -999 -999 -999 -999 -999 -999 -999 -999 -999 -999 -999 -999 -999
-999 -999 -999 -999 -999 -999 -999 -999 -999 -999 -999 -999 -999 -999 -999 -999 476 454 445 436 428 421 416 412 411 410 409 409 408 408 409 409 410 410 410 409 409 407 -999 -999 -999 -999 -999 -999 -999 -999 -999 -999 -999 -999 -999 -999 -999 -999 -999 -999 -999 -999 -999 -999 -999 -999 -999 -999 -999 -999 -999 -999 -999 -999 -999 -999 -999 -999 -999 -999 -999 -999 -999 -999 -999 -999 -999 -999 -999
-999 -999 -999 -999 -999 -999 -999 -999 -999 -999 -999 -999 -999 -999 -999 -999 -999 463 450 434 426 419 414 411 409 408 407 406 406 406 406 406 406 407 407 407 407 406 -999 -999 -999 -999 -999 -999 -999 -999 -999 -999 -999 -999 -999 -999 -999 -999 -999 -999 -999 -999 -999 -999 -999 -999 -999 -999 -999 -999 -999 -999 -999 -999 -999 -999 -999 -999 -999 -999 -999 -999 -999 -999 -999 -999 -999 -999 -999
-999 -999 -999 -999 -999 -999 -999 -999 -999 -999 -999 -999 -999 -999 -999 -999 -999 466 452 447 424 417 412 408 406 405 404 404 404 403 403 404 404 404 405 405 405 405 404 -999 -999 -999 -999 -999 -999 -999 -999 -999 -999 -999 -999 -999 -999 -999 -999 -999 -999 -999 -999 -999 -999 -999 -999 -999 -999 -999 -999 -999 -999 -999 -999 -999 -999 -999 -999 -999 -999 -999 -999 -999 -999 -999 -999 -999 -999
-999 -999 -999 -999 -999 -999 -999 -999 -999 -999 -999 -999 -999 -999 -999 -999 -999 465 454 452 447 415 410 406 404 403 402 402 402 402 402 402 402 403 403 402 403 403 403 -999 -999 -999 -999 -999 -999 -999 -999 -999 -999 -999 -999 -999 -999 -999 -999 -999 -999 -999 -999 -999 -999 -999 -999 -999 -999 -999 -999 -999 -999 -999 -999 -999 -999 -999 -999 -999 -999 -999 -999 -999 -999 -999 -999 -999 -999
-999 -999 -999 -999 -999 -999 -999 -999 -999 -999 -999 -999 -999 -999 -999 -999 -999 -999 458 457 453 444 408 405 403 402 401 401 401 401 400 401 401 402 402 402 402 402 401 400 -999 -999 -999 -999 -999 -999 -999 -999 -999 -999 -999 -999 -999 -999 -999 -999 -999 -999 -999 -999 -999 -999 -999 -999 -999 -999 -999 -999 -999 -999 -999 -999 -999 -999 -999 -999 -999 -999 -999 -999 -999 -999 -999 -999 -999
-999 -999 -999 -999 -999 -999 -999 -999 -999 -999 -999 -999 -999 -999 -999 -999 -999 -999 469 463 459 451 438 403 402 401 401 401 401 401 401 401 401 401 401 401 401 401 400 399 398 -999 -999 -999 -999 -999 -999 -999 -999 -999 -999 -999 -999 -999 -999 -999 -999 -999 -999 -999 -999 -999 -999 -999 -999 -999 -999 -999 -999 -999 -999 -999 -999 -999 -999 -999 -999 -999 -999 -999 -999 -999 -999 -999 -999
-999 -999 -999 -999 -999 -999 -999 -999 -999 -999 -999 -999 -999 -999 -999 -999 -999 500 481 470 464 455 446 436 402 401 400 400 401 401 401 401 401 401 400 400 400 400 399 399 398 -999 -999 -999 -999 -999 -999 -999 -999 -999 -999 -999 -999 -999 -999 -999 -999 -999 -999 -999 -999 -999 -999 -999 -999 -999 -999 -999 -999 -999 -999 -999 -999 -999 -999 -999 -999 -999 -999 -999 -999 -999 -999 -999 -999
-999 -999 -999 -999 -999 -999 -999 -999 -999 -999 -999 -999 -999 -999 -999 -999 -999 508 490 476 469 460 453 445 403 402 402 400 400 401 401 401 400 400 400 400 400 399 398 397 396 -999 -999 -999 -999 -999 -999 -999 -999 -999 -999 -999 -999 -999 -999 -999 -999 -999 -999 -999 -999 -999 -999 -999 -999 -999 -999 -999 -999 -999 -999 -999 -999 -999 -999 -999 -999 -999 -999 -999 -999 -999 -999 -999 -999
-999 -999 -999 -999 -999 -999 -999 -999 -999 -999 -999 -999 -999 -999 -999 -999 -999 526 508 493 478 467 460 455 450 406 406 405 404 403 402 401 400 400 399 399 399 398 397 396 394 -999 -999 -999 -999 -999 -999 -999 -999 -999 -999 -999 -999 -999 -999 -999 -999 -999 -999 -999 -999 -999 -999 -999 -999 -999 -999 -999 -999 -999 -999 -999 -999 -999 -999 -999 -999 -999 -999 -999 -999 -999 -999 -999 -999
-999 -999 -999 -999 -999 -999 -999 -999 -999 -999 -999 -999 -999 -999 -999 -999 -999 543 531 513 494 480 468 460 456 449 414 412 410 408 404 401 400 399 399 399 398 397 395 394 392 -999 -999 -999 -999 -999 -999 -999 -999 -999 -999 -999 -999 -999 -999 -999 -999 -999 -999 -999 -999 -999 -999 -999 -999 -999 -999 -999 -999 -999 -999 -999 -999 -999 -999 -999 -999 -999 -999 -999 -999 -999 -999 -999 -999
-999 -999 -999 -999 -999 -999 -999 -999 -999 -999 -999 -999 -999 -999 -999 -999 566 566 547 526 508 495 478 465 457 450 444 425 419 413 409 403 400 399 399 398 397 395 393 391 389 -999 -999 -999 -999 -999 -999 -999 -999 -999 -999 -999 -999 -999 -999 -999 -999 -999 -999 -999 -999 -999 -999 -999 -999 -999 -999 -999 -999 -999 -999 -999 -999 -999 -999 -999 -999 -999 -999 -999 -999 -999 -999 -999 -999
-999 -999 -999 -999 -999 -999 -999 -999 -999 -999 -999 -999 -999 -999 -999 -999 556 561 554 535 515 498 483 467 459 452 448 446 431 419 409 403 400 399 398 397 395 393 391 388 385 -999 -999 -999 -999 -999 -999 -999 -999 -999 -999 -999 -999 -999 -999 -999 -999 -999 -999 -999 -999 -999 -999 -999 -999 -999 -999 -999 -999 -999 -999 -999 -999 -999 -999 -999 -999 -999 -999 -999 -999 -999 -999 -999 -999
-999 -999 -999 -999 -999 -999 -999 -999 -999 -999 -999 -999 -999 -999 -999 -999 539 540 535 526 512 499 488 478 472 462 450 447 440 424 408 402 400 399 397 396 394 391 388 385 381 -999 -999 -999 -999 -999 -999 -999 -999 -999 -999 -999 -999 -999 -999 -999 -999 -999 -999 -999 -999 -999 -999 -999 -999 -999 -999 -999 -999 -999 -999 -999 -999 -999 -999 -999 -999 -999 -999 -999 -999 -999 -999 -999 -999
-999 -999 -999 -999 -999 -999 -999 -999 -999 -999 -999 -999 -999 -999 -999 531 532 526 517 512 504 497 492 495 494 480 463 451 444 431 413 403 399 398 397 395 392 389 385 381 376 -999 -999 -999 -999 -999 -999 -999 -999 -999 -999 -999 -999 -999 -999 -999 -999 -999 -999 -999 -999 -999 -999 -999 -999 -999 -999 -999 -999 -999 -999 -999 -999 -999 -999 -999 -999 -999 -999 -999 -999 -999 -999 -999 -999
-999 -999 -999 -999 -999 -999 -999 -999 -999 -999 -999 -999 -999 -999 -999 531 529 522 511 503 499 496 492 495 503 492 472 459 450 435 416 404 398 397 395 393 390 386 382 378 372 365 -999 -999 -999 -999 -999 -999 -999 -999 -999 -999 -999 -999 -999 -999 -999 -999 -999 -999 -999 -999 -999 -999 -999 -999 -999 -999 -999 -999 -999 -999 -999 -999 -999 -999 -999 -999 -999 -999 -999 -999 -999 -999 -999
-999 -999 -999 -999 -999 -999 -999 -999 -999 -999 -999 -999 -999 -999 -999 523 522 515 502 492 490 490 490 491 492 485 475 464 453 443 417 401 394 394 393 391 387 382 378 374 369 363 -999 -999 -999 -999 -999 -999 -999 -999 -999 -999 -999 -999 -999 -999 -999 -999 -999 -999 -999 -999 -999 -999 -999 -999 -999 -999 -999 -999 -999 -999 -999 -999 -999 -999 -999 -999 -999 -999 -999 -999 -999 -999 -999
-999 -999 -999 -999 -999 -999 -999 -999 -999 -999 -999 -999 -999 -999 -999 511 512 508 498 486 482 483 487 489 487 483 476 468 458 447 412 395 390 392 391 389 385 379 375 370 364 358 -999 -999 -999 -999 -999 -999 -999 -999 -999 -999 -999 -999 -999 -999 -999 -999 -999 -999 -999 -999 -999 -999 -999 -999 -999 -999 -999 -999 -999 -999 -999 -999 -999 -999 -999 -999 -999 -999 -999 -999 -999 -999 -999
-999 -999 -999 -999 -999 -999 -999 -999 -999 -999 -999 -999 -999 -999 -999 504 503 503 498 488 480 480 486 489 487 483 477 470 461 446 314 386 383 388 389 386 382 376 370 366 361 357 355 -999 -999 -999 -999 -999 -999 -999 -999 -999 -999 -999 -999 -999 -999 -999 -999 -999 -999 -999 -999 -999 -999 -999 -999 -999 -999 -999 -999 -999 -999 -999 -999 -999 -999 -999 -999 -999 -999 -999 -999 -999 -999
-999 -999 -999 -999 -999 -999 -999 -999 -999 -999 -999 -999 -999 -999 494 477 286 495 494 484 473 478 484 488 488 483 475 466 455 442 406 386 365 379 386 383 378 371 368 365 363 361 359 -999 -999 -999 -999 -999 -999 -999 -999 -999 -999 -999 -999 -999 -999 -999 -999 -999 -999 -999 -999 -999 -999 -999 -999 -999 -999 -999 -999 -999 -999 -999 -999 -999 -999 -999 -999 -999 -999 -999 -999 -999 -999
-999 -999 -999 -999 -999 -999 -999 -999 -999 -999 -999 -999 -999 -999 489 487 475 483 480 473 466 470 480 485 486 479 471 459 445 427 402 388 364 368 383 381 376 368 366 366 365 365 362 -999 -999 -999 -999 -999 -999 -999 -999 -999 -999 -999 -999 -999 -999 -999 -999 -999 -999 -999 -999 -999 -999 -999 -999 -999 -999 -999 -999 -999 -999 -999 -999 -999 -999 -999 -999 -999 -999 -999 -999 -999 -999
-999 -999 -999 -999 -999 -999 -999 -999 -999 -999 -999 -999 -999 -999 471 478 464 460 406 458 451 449 457 469 473 468 461 442 428 417 405 389 382 380 383 380 374 366 365 367 367 368 365 -999 -999 -999 -999 -999 -999 -999 -999 -999 -999 -999 -999 -999 -999 -999 -999 -999 -999 -999 -999 -999 -999 -999 -999 -999 -999 -999 -999 -999 -999 -999 -999 -999 -999 -999 -999 -999 -999 -999 -999 -999 -999
-999 -999 -999 -999 -999 -999 -999 -999 -999 -999 -999 -999 -999 -999 469 471 462 434 417 429 429 415 426 436 430 447 441 419 405 399 394 390 379 379 383 379 372 364 364 366 370 371 368 -999 -999 -999 -999 -999 -999 -999 -999 -999 -999 -999 -999 -999 -999 -999 -999 -999 -999 -999 -999 -999 -999 -999 -999 -999 -999 -999 -999 -999 -999 -999 -999 -999 -999 -999 -999 -999 -999 -999 -999 -999 -999
-999 -999 -999 -999 -999 -999 -999 -999 -999 -999 -999 -999 -999 -999 463 462 458 443 417 410 412 410 411 412 396 425 418 401 389 381 386 388 389 389 387 378 371 360 362 366 372 373 370 -999 -999 -999 -999 -999 -999 -999 -999 -999 -999 -999 -999 -999 -999 -999 -999 -999 -999 -999 -999 -999 -999 -999 -999 -999 -999 -999 -999 -999 -999 -999 -999 -999 -999 -999 -999 -999 -999 -999 -999 -999 -999
-999 -999 -999 -999 -999 -999 -999 -999 -999 -999 -999 -999 -999 -999 455 447 446 444 432 413 404 402 402 404 406 408 401 391 380 365 381 388 392 394 391 387 381 355 360 370 374 375 373 -999 -999 -999 -999 -999 -999 -999 -999 -999 -999 -999 -999 -999 -999 -999 -999 -999 -999 -999 -999 -999 -999 -999 -999 -999 -999 -999 -999 -999 -999 -999 -999 -999 -999 -999 -999 -999 -999 -999 -999 -999 -999
-999 -999 -999 -999 -999 -999 -999 -999 -999 -999 -999 -999 -999 -999 443 429 431 439 434 411 397 396 394 398 402 403 398 384 359 361 359 385 393 397 395 391 383 376 362 372 376 376 375 -999 -999 -999 -999 -999 -999 -999 -999 -999 -999 -999 -999 -999 -999 -999 -999 -999 -999 -999 -999 -999 -999 -999 -999 -999 -999 -999 -999 -999 -999 -999 -999 -999 -999 -999 -999 -999 -999 -999 -999 -999 -999
-999 -999 -999 -999 -999 -999 -999 -999 -999 -999 -999 -999 -999 -999 431 412 421 430 417 399 391 390 389 392 397 399 395 360 339 352 374 384 394 396 394 390 382 376 373 376 376 377 376 -999 -999 -999 -999 -999 -999 -999 -999 -999 -999 -999 -999 -999 -999 -999 -999 -999 -999 -999 -999 -999 -999 -999 -999 -999 -999 -999 -999 -999 -999 -999 -999 -999 -999 -999 -999 -999 -999 -999 -999 -999 -999
-999 -999 -999 -999 -999 -999 -999 -999 -999 -999 -999 -999 -999 -999 -999 405 406 410 403 389 385 383 384 386 393 396 388 356 346 365 376 384 392 394 393 385 376 373 371 369 376 376 376 -999 -999 -999 -999 -999 -999 -999 -999 -999 -999 -999 -999 -999 -999 -999 -999 -999 -999 -999 -999 -999 -999 -999 -999 -999 -999 -999 -999 -999 -999 -999 -999 -999 -999 -999 -999 -999 -999 -999 -999 -999 -999
-999 -999 -999 -999 -999 -999 -999 -999 -999 -999 -999 -999 -999 -999 -999 396 392 393 390 384 379 377 379 382 388 392 385 366 345 360 376 381 385 386 386 379 370 370 370 366 375 374 375 -999 -999 -999 -999 -999 -999 -999 -999 -999 -999 -999 -999 -999 -999 -999 -999 -999 -999 -999 -999 -999 -999 -999 -999 -999 -999 -999 -999 -999 -999 -999 -999 -999 -999 -999 -999 -999 -999 -999 -999 -999 -999
-999 -999 -999 -999 -999 -999 -999 -999 -999 -999 -999 -999 -999 -999 -999 393 388 389 386 380 374 372 374 377 380 382 378 370 356 362 373 379 378 377 378 374 370 368 367 363 359 369 373 -999 -999 -999 -999 -999 -999 -999 -999 -999 -999 -999 -999 -999 -999 -999 -999 -999 -999 -999 -999 -999 -999 -999 -999 -999 -999 -999 -999 -999 -999 -999 -999 -999 -999 -999 -999 -999 -999 -999 -999 -999 -999
-999 -999 -999 -999 -999 -999 -999 -999 -999 -999 -999 -999 -999 -999 -999 -999 386 385 382 375 368 366 368 367 369 369 364 354 348 359 371 377 376 374 373 373 358 364 350 357 324 341 374 -999 -999 -999 -999 -999 -999 -999 -999 -999 -999 -999 -999 -999 -999 -999 -999 -999 -999 -999 -999 -999 -999 -999 -999 -999 -999 -999 -999 -999 -999 -999 -999 -999 -999 -999 -999 -999 -999 -999 -999 -999 -999
-999 -999 -999 -999 -999 -999 -999 -999 -999 -999 -999 -999 -999 -999 -999 -999 384 380 375 368 361 359 358 355 356 356 350 342 342 360 371 375 374 370 367 365 361 357 305 312 328 340 -999 -999 -999 -999 -999 -999 -999 -999 -999 -999 -999 -999 -999 -999 -999 -999 -999 -999 -999 -999 -999 -999 -999 -999 -999 -999 -999 -999 -999 -999 -999 -999 -999 -999 -999 -999 -999 -999 -999 -999 -999 -999 -999
-999 -999 -999 -999 -999 -999 -999 -999 -999 -999 -999 -999 -999 -999 -999 -999 -999 373 366 358 351 346 344 343 345 347 344 345 351 362 371 375 376 367 359 356 351 350 309 319 347 349 -999 -999 -999 -999 -999 -999 -999 -999 -999 -999 -999 -999 -999 -999 -999 -999 -999 -999 -999 -999 -999 -999 -999 -999 -999 -999 -999 -999 -999 -999 -999 -999 -999 -999 -999 -999 -999 -999 -999 -999 -999 -999 -999
-999 -999 -999 -999 -999 -999 -999 -999 -999 -999 -999 -999 -999 -999 -999 -999 -999 -999 355 348 342 335 331 331 336 340 339 347 357 368 373 376 374 362 353 348 251 325 318 328 342 343 342 -999 -999 -999 -999 -999 -999 -999 -999 -999 -999 -999 -999 -999 -999 -999 -999 -999 -999 -999 -999 -999 -999 -999 -999 -999 -999 -999 -999 -999 -999 -999 -999 -999 -999 -999 -999 -999 -999 -999 -999 -999 -999
-999 -999 -999 -999 -999 -999 -999 -999 -999 -999 -999 -999 -999 -999 -999 -999 -999 -999 -999 339 336 329 324 324 329 334 335 346 359 371 373 374 363 352 347 336 275 281 325 330 333 336 336 337 -999 -999 -999 -999 -999 -999 -999 -999 -999 -999 -999 -999 -999 -999 -999 -999 -999 -999 -999 -999 -999 -999 -999 -999 -999 -999 -999 -999 -999 -999 -999 -999 -999 -999 -999 -999 -999 -999 -999 -999 -999
-999 -999 -999 -999 -999 -999 -999 -999 -999 -999 -999 -999 -999 -999 -999 -999 -999 -999 -999 334 330 322 315 315 318 323 332 346 357 365 368 366 351 339 338 286 291 302 324 323 328 329 329 334 336 -999 -999 -999 -999 -999 -999 -999 -999 -999 -999 -999 -999 -999 -999 -999 -999 -999 -999 -999 -999 -999 -999 -999 -999 -999 -999 -999 -999 -999 -999 -999 -999 -999 -999 -999 -999 -999 -999 -999 -999
-999 -999 -999 -999 -999 -999 -999 -999 -999 -999 -999 -999 -999 -999 -999 -999 -999 -999 -999 -999 322 318 311 306 307 317 328 341 352 358 360 356 346 336 331 289 299 326 328 314 323 325 326 331 336 337 -999 -999 -999 -999 -999 -999 -999 -999 -999 -999 -999 -999 -999 -999 -999 -999 -999 -999 -999 -999 -999 -999 -999 -999 -999 -999 -999 -999 -999 -999 -999 -999 -999 -999 -999 -999 -999 -999 -999
-999 -999 -999 -999 -999 -999 -999 -999 -999 -999 -999 -999 -999 -999 -999 -999 -999 -999 -999 -999 318 317 309 301 302 312 322 333 344 351 354 352 347 339 333 330 299 331 329 324 320 320 324 329 335 338 339 337 -999 -999 -999 -999 -999 -999 -999 -999 -999 -999 -999 -999 -999 -999 -999 -999 -999 -999 -999 -999 -999 -999 -999 -999 -999 -999 -999 -999 -999 -999 -999 -999 -999 -999 -999 -999 -999
-999 -999 -999 -999 -999 -999 -999 -999 -999 -999 -999 -999 -999 -999 -999 -999 -999 -999 -999 -999 315 311 303 294 298 308 320 329 338 347 349 348 345 339 334 330 328 330 331 323 317 317 319 325 335 336 336 335 -999 -999 -999 -999 -999 -999 -999 -999 -999 -999 -999 -999 -999 -999 -999 -999 -999 -999 -999 -999 -999 -999 -999 -999 -999 -999 -999 -999 -999 -999 -999 -999 -999 -999 -999 -999 -999
-999 -999 -999 -999 -999 -999 -999 -999 -999 -999 -999 -999 -999 -999 -999 -999 -999 -999 -999 -999 311 306 299 292 298 306 319 329 336 343 345 344 339 333 331 329 327 329 327 317 311 311 313 318 325 330 331 335 -999 -999 -999 -999 -999 -999 -999 -999 -999 -999 -999 -999 -999 -999 -999 -999 -999 -999 -999 -999 -999 -999 -999 -999 -999 -999 -999 -999 -999 -999 -999 -999 -999 -999 -999 -999 -999
-999 -999 -999 -999 -999 -999 -999 -999 -999 -999 -999 -999 -999 -999 -999 -999 -999 -999 -999 -999 308 304 296 294 299 307 317 326 331 337 342 341 334 327 330 331 327 326 321 313 308 306 306 308 314 321 326 333 -999 -999 -999 -999 -999 -999 -999 -999 -999 -999 -999 -999 -999 -999 -999 -999 -999 -999 -999 -999 -999 -999 -999 -999 -999 -999 -999 -999 -999 -999 -999 -999 -999 -999 -999 -999 -999
-999 -999 -999 -999 -999 -999 -999 -999 -999 -999 -999 -999 -999 -999 -999 -999 -999 -999 -999 -999 306 302 296 290 296 304 313 319 325 332 339 337 329 325 328 329 325 321 318 311 303 299 298 296 304 316 324 329 -999 -999 -999 -999 -999 -999 -999 -999 -999 -999 -999 -999 -999 -999 -999 -999 -999 -999 -999 -999 -999 -999 -999 -999 -999 -999 -999 -999 -999 -999 -999 -999 -999 -999 -999 -999 -999
-999 -999 -999 -999 -999 -999 -999 -999 -999 -999 -999 -999 -999 -999 -999 -999 -999 -999 -999 -999 310 302 295 285 289 297 306 314 318 322 327 328 323 320 321 321 319 317 316 309 296 289 289 286 298 313 318 321 -999 -999 -999 -999 -999 -999 -999 -999 -999 -999 -999 -999 -999 -999 -999 -999 -999 -999 -999 -999 -999 -999 -999 -999 -999 -999 -999 -999 -999 -999 -999 -999 -999 -999 -999 -999 -999
-999 -999 -999 -999 -999 -999 -999 -999 -999 -999 -999 -999 -999 -999 -999 -999 -999 -999 -999 -999 309 303 294 285 282 289 301 310 312 311 315 320 319 315 313 315 314 311 310 302 287 280 279 282 293 307 311 314 -999 -999 -999 -999 -999 -999 -999 -999 -999 -999 -999 -999 -999 -999 -999 -999 -999 -999 -999 -999 -999 -999 -999 -999 -999 -999 -999 -999 -999 -999 -999 -999 -999 -999 -999 -999 -999
-999 -999 -999 -999 -999 -999 -999 -999 -999 -999 -999 -999 -999 -999 -999 -999 -999 -999 -999 -999 307 306 293 285 280 283 294 306 304 301 304 310 311 306 307 311 310 306 303 297 286 277 271 273 281 292 300 309 -999 -999 -999 -999 -999 -999 -999 -999 -999 -999 -999 -999 -999 -999 -999 -999 -999 -999 -999 -999 -999 -999 -999 -999 -999 -999 -999 -999 -999 -999 -999 -999 -999 -999 -999 -999 -999
-999 -999 -999 -999 -999 -999 -999 -999 -999 -999 -999 -999 -999 -999 -999 -999 -999 -999 -999 -999 305 304 301 293 283 278 286 291 291 291 291 294 299 298 304 308 306 302 295 291 286 275 268 268 271 282 293 303 -999 -999 -999 -999 -999 -999 -999 -999 -999 -999 -999 -999 -999 -999 -999 -999 -999 -999 -999 -999 -999 -999 -999 -999 -999 -999 -999 -999 -999 -999 -999 -999 -999 -999 -999 -999 -999
-999 -999 -999 -999 -999 -999 -999 -999 -999 -999 -999 -999 -999 -999 -999 -999 -999 -999 -999 -999 305 304 302 303 295 284 281 279 278 277 277 283 291 298 305 307 301 298 285 280 274 267 265 264 267 275 284 -999 -999 -999 -999 -999 -999 -999 -999 -999 -999 -999 -999 -999 -999 -999 -999 -999 -999 -999 -999 -999 -999 -999 -999 -999 -999 -999 -999 -999 -999 -999 -999 -999 -999 -999 -999 -999 -999
-999 -999 -999 -999 -999 -999 -999 -999 -999 -999 -999 -999 -999 -999 -999 -999 -999 -999 -999 -999 304 302 301 299 302 294 283 275 270 266 266 279 289 297 305 301 294 286 274 267 261 256 258 259 262 267 284 -999 -999 -999 -999 -999 -999 -999 -999 -999 -999 -999 -999 -999 -999 -999 -999 -999 -999 -999 -999 -999 -999 -999 -999 -999 -999 -999 -999 -999 -999 -999 -999 -999 -999 -999 -999 -999 -999
-999 -999 -999 -999 -999 -999 -999 -999 -999 -999 -999 -999 -999 -999 -999 -999 -999 -999 -999 305 303 302 300 299 300 297 292 280 271 265 266 277 285 291 296 291 284 275 267 260 254 251 254 256 257 264 281 -999 -999 -999 -999 -999 -999 -999 -999 -999 -999 -999 -999 -999 -999 -999 -999 -999 -999 -999 -999 -999 -999 -999 -999 -999 -999 -999 -999 -999 -999 -999 -999 -999 -999 -999 -999 -999 -999
-999 -999 -999 -999 -999 -999 -999 -999 -999 -999 -999 -999 -999 -999 -999 -999 -999 -999 -999 305 303 301 300 298 296 293 291 287 277 269 265 268 272 277 282 280 273 264 258 255 249 248 250 252 253 263 -999 -999 -999 -999 -999 -999 -999 -999 -999 -999 -999 -999 -999 -999 -999 -999 -999 -999 -999 -999 -999 -999 -999 -999 -999 -999 -999 -999 -999 -999 -999 -999 -999 -999 -999 -999 -999 -999 -999
-999 -999 -999 -999 -999 -999 -999 -999 -999 -999 -999 -999 -999 -999 -999 -999 -999 -999 -999 305 303 302 300 298 296 291 289 286 280 268 263 264 265 268 270 267 260 252 252 250 247 244 245 248 252 266 -999 -999 -999 -999 -999 -999 -999 -999 -999 -999 -999 -999 -999 -999 -999 -999 -999 -999 -999 -999 -999 -999 -999 -999 -999 -999 -999 -999 -999 -999 -999 -999 -999 -999 -999 -999 -999 -999 -999
-999 -999 -999 -999 -999 -999 -999 -999 -999 -999 -999 -999 -999 -999 -999 -999 -999 -999 310 307 304 302 300 298 296 291 289 287 280 267 261 260 261 262 258 251 248 244 245 246 244 241 241 244 253 265 -999 -999 -999 -999 -999 -999 -999 -999 -999 -999 -999 -999 -999 -999 -999 -999 -999 -999 -999 -999 -999 -999 -999 -999 -999 -999 -999 -999 -999 -999 -999 -999 -999 -999 -999 -999 -999 -999 -999
-999 -999 -999 -999 -999 -999 -999 -999 -999 -999 -999 -999 -999 -999 -999 -999 -999 -999 318 311 307 304 301 299 297 296 295 291 281 264 248 253 256 252 242 238 242 243 242 243 240 236 237 240 253 265 -999 -999 -999 -999 -999 -999 -999 -999 -999 -999 -999 -999 -999 -999 -999 -999 -999 -999 -999 -999 -999 -999 -999 -999 -999 -999 -999 -999 -999 -999 -999 -999 -999 -999 -999 -999 -999 -999 -999
-999 -999 -999 -999 -999 -999 -999 -999 -999 -999 -999 -999 -999 -999 -999 -999 -999 341 336 321 312 307 304 301 298 293 305 297 283 264 244 239 245 238 225 233 239 241 240 238 236 235 235 240 256 -999 -999 -999 -999 -999 -999 -999 -999 -999 -999 -999 -999 -999 -999 -999 -999 -999 -999 -999 -999 -999 -999 -999 -999 -999 -999 -999 -999 -999 -999 -999 -999 -999 -999 -999 -999 -999 -999 -999 -999
-999 -999 -999 -999 -999 -999 -999 -999 -999 -999 -999 -999 -999 -999 -999 -999 352 353 346 343 329 319 313 308 303 298 324 308 289 267 244 228 232 227 223 231 239 242 243 239 235 234 234 243 257 -999 -999 -999 -999 -999 -999 -999 -999 -999 -999 -999 -999 -999 -999 -999 -999 -999 -999 -999 -999 -999 -999 -999 -999 -999 -999 -999 -999 -999 -999 -999 -999 -999 -999 -999 -999 -999 -999 -999 -999
-999 -999 -999 -999 -999 -999 -999 -999 -999 -999 -999 -999 -999 -999 -999 -999 361 362 362 361 363 354 347 341 332 318 336 314 293 270 247 233 212 211 221 231 240 247 246 242 237 234 235 243 255 -999 -999 -999 -999 -999 -999 -999 -999 -999 -999 -999 -999 -999 -999 -999 -999 -999 -999 -999 -999 -999 -999 -999 -999 -999 -999 -999 -999 -999 -999 -999 -999 -999 -999 -999 -999 -999 -999 -999 -999
-999 -999 -999 -999 -999 -999 -999 -999 -999 -999 -999 -999 -999 -999 -999 -999 374 377 380 380 381 384 385 388 381 347 316 309 289 269 249 230 213 210 221 232 243 251 248 244 239 234 239 247 255 -999 -999 -999 -999 -999 -999 -999 -999 -999 -999 -999 -999 -999 -999 -999 -999 -999 -999 -999 -999 -999 -999 -999 -999 -999 -999 -999 -999 -999 -999 -999 -999 -999 -999 -999 -999 -999 -999 -999 -999
-999 -999 -999 -999 -999 -999 -999 -999 -999 -999 -999 -999 -999 -999 -999 -999 375 392 390 389 390 393 399 410 444 367 326 303 281 260 240 225 211 214 223 230 241 251 249 244 237 233 243 253 260 -999 -999 -999 -999 -999 -999 -999 -999 -999 -999 -999 -999 -999 -999 -999 -999 -999 -999 -999 -999 -999 -999 -999 -999 -999 -999 -999 -999 -999 -999 -999 -999 -999 -999 -999 -999 -999 -999 -999 -999
-999 -999 -999 -999 -999 -999 -999 -999 -999 -999 -999 -999 -999 -999 -999 -999 352 377 385 386 387 388 393 398 396 371 336 311 280 252 232 217 205 212 223 224 229 244 251 245 234 234 242 253 -999 -999 -999 -999 -999 -999 -999 -999 -999 -999 -999 -999 -999 -999 -999 -999 -999 -999 -999 -999 -999 -999 -999 -999 -999 -999 -999 -999 -999 -999 -999 -999 -999 -999 -999 -999 -999 -999 -999 -999 -999
-999 -999 -999 -999 -999 -999 -999 -999 -999 -999 -999 -999 -999 -999 -999 -999 328 356 369 372 373 374 375 372 367 356 334 316 278 244 225 210 202 207 215 221 226 245 260 257 248 240 240 253 -999 -999 -999 -999 -999 -999 -999 -999 -999 -999 -999 -999 -999 -999 -999 -999 -999 -999 -999 -999 -999 -999 -999 -999 -999 -999 -999 -999 -999 -999 -999 -999 -999 -999 -999 -999 -999 -999 -999 -999 -999
-999 -999 -999 -999 -999 -999 -999 -999 -999 -999 -999 -999 -999 -999 -999 -999 -999 336 349 352 351 350 344 339 337 332 320 300 263 234 218 203 210 212 215 226 232 244 257 268 264 249 243 252 267 -999 -999 -999 -999 -999 -999 -999 -999 -999 -999 -999 -999 -999 -999 -999 -999 -999 -999 -999 -999 -999 -999 -999 -999 -999 -999 -999 -999 -999 -999 -999 -999 -999 -999 -999 -999 -999 -999 -999 -999
-999 -999 -999 -999 -999 -999 -999 -999 -999 -999 -999 -999 -999 -999 -999 -999 -999 -999 335 336 332 324 317 313 311 311 307 293 244 226 213 206 223 226 217 220 227 234 239 247 253 248 242 244 255 -999 -999 -999 -999 -999 -999 -999 -999 -999 -999 -999 -999 -999 -999 -999 -999 -999 -999 -999 -999 -999 -999 -999 -999 -999 -999 -999 -999 -999 -999 -999 -999 -999 -999 -999 -999 -999 -999 -999 -999
-999 -999 -999 -999 -999 -999 -999 -999 -999 -999 -999 -999 -999 -999 -999 -999 -999 -999 -999 -999 317 311 304 301 299 299 299 290 232 222 212 205 217 218 205 201 205 214 220 223 240 246 239 234 238 -999 -999 -999 -999 -999 -999 -999 -999 -999 -999 -999 -999 -999 -999 -999 -999 -999 -999 -999 -999 -999 -999 -999 -999 -999 -999 -999 -999 -999 -999 -999 -999 -999 -999 -999 -999 -999 -999 -999 -999
-999 -999 -999 -999 -999 -999 -999 -999 -999 -999 -999 -999 -999 -999 -999 -999 -999 -999 -999 -999 -999 -999 299 296 295 294 294 289 238 222 209 193 192 192 186 183 183 199 213 221 234 243 235 231 235 -999 -999 -999 -999 -999 -999 -999 -999 -999 -999 -999 -999 -999 -999 -999 -999 -999 -999 -999 -999 -999 -999 -999 -999 -999 -999 -999 -999 -999 -999 -999 -999 -999 -999 -999 -999 -999 -999 -999 -999
-999 -999 -999 -999 -999 -999 -999 -999 -999 -999 -999 -999 -999 -999 -999 -999 -999 -999 -999 -999 -999 -999 -999 294 293 293 292 287 240 217 198 180 174 173 172 170 172 188 208 214 222 231 231 229 233 -999 -999 -999 -999 -999 -999 -999 -999 -999 -999 -999 -999 -999 -999 -999 -999 -999 -999 -999 -999 -999 -999 -999 -999 -999 -999 -999 -999 -999 -999 -999 -999 -999 -999 -999 -999 -999 -999 -999 -999
-999 -999 -999 -999 -999 -999 -999 -999 -999 -999 -999 -999 -999 -999 -999 -999 -999 -999 -999 -999 -999 -999 -999 293 292 292 290 285 268 215 190 166 162 160 158 157 160 169 182 192 206 225 233 231 -999 -999 -999 -999 -999 -999 -999 -999 -999 -999 -999 -999 -999 -999 -999 -999 -999 -999 -999 -999 -999 -999 -999 -999 -999 -999 -999 -999 -999 -999 -999 -999 -999 -999 -999 -999 -999 -999 -999 -999 -999
-999 -999 -999 -999 -999 -999 -999 -999 -999 -999 -999 -999 -999 -999 -999 -999 -999 -999 -999 -999 -999 -999 -999 -999 291 290 287 281 270 216 190 172 163 149 142 145 149 152 155 165 189 214 228 233 -999 -999 -999 -999 -999 -999 -999 -999 -999 -999 -999 -999 -999 -999 -999 -999 -999 -999 -999 -999 -999 -999 -999 -999 -999 -999 -999 -999 -999 -999 -999 -999 -999 -999 -999 -999 -999 -999 -999 -999 -999
-999 -999 -999 -999 -999 -999 -999 -999 -999 -999 -999 -999 -999 -999 -999 -999 -999 -999 -999 -999 -999 -999 -999 -999 290 285 280 275 266 215 189 173 163 152 138 139 142 144 146 152 175 204 214 223 -999 -999 -999 -999 -999 -999 -999 -999 -999 -999 -999 -999 -999 -999 -999 -999 -999 -999 -999 -999 -999 -999 -999 -999 -999 -999 -999 -999 -999 -999 -999 -999 -999 -999 -999 -999 -999 -999 -999 -999 -999
-999 -999 -999 -999 -999 -999 -999 -999 -999 -999 -999 -999 -999 -999 -999 -999 -999 -999 -999 -999 -999 -999 -999 -999 -999 272 269 266 258 214 192 173 161 150 136 133 136 137 137 143 160 182 197 -999 -999 -999 -999 -999 -999 -999 -999 -999 -999 -999 -999 -999 -999 -999 -999 -999 -999 -999 -999 -999 -999 -999 -999 -999 -999 -999 -999 -999 -999 -999 -999 -999 -999 -999 -999 -999 -999 -999 -999 -999 -999
-999 -999 -999 -999 -999 -999 -999 -999 -999 -999 -999 -999 -999 -999 -999 -999 -999 -999 -999 -999 -999 -999 -999 -999 -999 256 254 252 246 212 191 167 154 146 138 131 130 131 130 132 129 164 188 -999 -999 -999 -999 -999 -999 -999 -999 -999 -999 -999 -999 -999 -999 -999 -999 -999 -999 -999 -999 -999 -999 -999 -999 -999 -999 -999 -999 -999 -999 -999 -999 -999 -999 -999 -999 -999 -999 -999 -999 -999 -999
-999 -999 -999 -999 -999 -999 -999 -999 -999 -999 -999 -999 -999 -999 -999 -999 -999 -999 -999 -999 -999 -999 -999 -999 -999 237 236 234 229 218 188 166 150 143 138 132 126 125 124 125 131 136 180 -999 -999 -999 -999 -999 -999 -999 -999 -999 -999 -999 -999 -999 -999 -999 -999 -999 -999 -999 -999 -999 -999 -999 -999 -999 -999 -999 -999 -999 -999 -999 -999 -999 -999 -999 -999 -999 -999 -999 -999 -999 -999
-999 -999 -999 -999 -999 -999 -999 -999 -999 -999 -999 -999 -999 -999 -999 -999 -999 -999 -999 -999 -999 -999 -999 -999 -999 217 216 214 211 206 193 179 158 144 137 131 126 122 119 120 118 116 153 178 -999 -999 -999 -999 -999 -999 -999 -999 -999 -999 -999 -999 -999 -999 -999 -999 -999 -999 -999 -999 -999 -999 -999 -999 -999 -999 -999 -999 -999 -999 -999 -999 -999 -999 -999 -999 -999 -999 -999 -999 -999
-999 -999 -999 -999 -999 -999 -999 -999 -999 -999 -999 -999 -999 -999 -999 -999 -999 -999 -999 -999 -999 -999 -999 -999 -999 199 198 195 192 189 180 175 157 143 136 129 124 118 115 115 117 121 148 172 -999 -999 -999 -999 -999 -999 -999 -999 -999 -999 -999 -999 -999 -999 -999 -999 -999 -999 -999 -999 -999 -999 -999 -999 -999 -999 -999 -999 -999 -999 -999 -999 -999 -999 -999 -999 -999 -999 -999 -999 -999
-999 -999 -999 -999 -999 -999 -999 -999 -999 -999 -999 -999 -999 -999 -999 -999 -999 -999 -999 -999 -999 -999 -999 -999 -999 186 183 180 177 174 154 152 144 138 132 121 120 110 106 109 105 114 135 167 185 -999 -999 -999 -999 -999 -999 -999 -999 -999 -999 -999 -999 -999 -999 -999 -999 -999 -999 -999 -999 -999 -999 -999 -999 -999 -999 -999 -999 -999 -999 -999 -999 -999 -999 -999 -999 -999 -999 -999 -999
-999 -999 -999 -999 -999 -999 -999 -999 -999 -999 -999 -999 -999 -999 -999 -999 -999 -999 -999 -999 -999 -999 -999 -999 -999 175 174 171 166 163 138 136 134 130 126 116 106 107 99 98 95 103 104 146 177 -999 -999 -999 -999 -999 -999 -999 -999 -999 -999 -999 -999 -999 -999 -999 -999 -999 -999 -999 -999 -999 -999 -999 -999 -999 -999 -999 -999 -999 -999 -999 -999 -999 -999 -999 -999 -999 -999 -999 -999
-999 -999 -999 -999 -999 -999 -999 -999 -999 -999 -999 -999 -999 -999 -999 -999 -999 -999 -999 -999 -999 -999 -999 -999 -999 167 166 163 160 156 154 126 124 122 121 118 110 106 103 102 95 102 109 145 179 197 -999 -999 -999 -999 -999 -999 -999 -999 -999 -999 -999 -999 -999 -999 -999 -999 -999 -999 -999 -999 -999 -999 -999 -999 -999 -999 -999 -999 -999 -999 -999 -999 -999 -999 -999 -999 -999 -999 -999
-999 -999 -999 -999 -999 -999 -999 -999 -999 -999 -999 -999 -999 -999 -999 -999 -999 -999 -999 -999 -999 -999 -999 -999 -999 161 160 158 155 152 150 148 118 116 117 116 109 106 104 100 99 106 119 158 184 199 -999 -999 -999 -999 -999 -999 -999 -999 -999 -999 -999 -999 -999 -999 -999 -999 -999 -999 -999 -999 -999 -999 -999 -999 -999 -999 -999 -999 -999 -999 -999 -999 -999 -999 -999 -999 -999 -999 -999
-999 -999 -999 -999 -999 -999 -999 -999 -999 -999 -999 -999 -999 -999 -999 -999 -999 -999 -999 -999 -999 -999 -999 -999 -999 156 155 154 152 150 148 147 147 41 109 114 112 109 109 103 104 106 135 166 184 198 -999 -999 -999 -999 -999 -999 -999 -999 -999 -999 -999 -999 -999 -999 -999 -999 -999 -999 -999 -999 -999 -999 -999 -999 -999 -999 -999 -999 -999 -999 -999 -999 -999 -999 -999 -999 -999 -999 -999
-999 -999 -999 -999 -999 -999 -999 -999 -999 -999 -999 -999 -999 -999 -999 -999 -999 -999 -999 -999 -999 -999 -999 -999 150 152 152 151 150 148 148 147 146 102 112 108 106 113 117 105 104 111 139 170 180 -999 -999 -999 -999 -999 -999 -999 -999 -999 -999 -999 -999 -999 -999 -999 -999 -999 -999 -999 -999 -999 -999 -999 -999 -999 -999 -999 -999 -999 -999 -999 -999 -999 -999 -999 -999 -999 -999 -999 -999
-999 -999 -999 -999 -999 -999 -999 -999 -999 -999 -999 -999 -999 -999 -999 -999 -999 -999 -999 -999 -999 -999 -999 -999 149 149 149 149 148 147 147 146 145 143 110 99 99 105 99 97 101 114 141 168 176 -999 -999 -999 -999 -999 -999 -999 -999 -999 -999 -999 -999 -999 -999 -999 -999 -999 -999 -999 -999 -999 -999 -999 -999 -999 -999 -999 -999 -999 -999 -999 -999 -999 -999 -999 -999 -999 -999 -999 -999
-999 -999 -999 -999 -999 -999 -999 -999 -999 -999 -999 -999 -999 -999 -999 -999 -999 -999 -999 -999 -999 -999 -999 -999 147 148 147 147 146 146 145 145 143 142 138 98 102 95 89 96 95 99 120 151 173 -999 -999 -999 -999 -999 -999 -999 -999 -999 -999 -999 -999 -999 -999 -999 -999 -999 -999 -999 -999 -999 -999 -999 -999 -999 -999 -999 -999 -999 -999 -999 -999 -999 -999 -999 -999 -999 -999 -999 -999
-999 -999 -999 -999 -999 -999 -999 -999 -999 -999 -999 -999 -999 -999 -999 -999 -999 -999 -999 -999 -999 -999 -999 -999 146 146 146 145 145 144 144 143 141 139 136 133 92 78 79 88 87 89 107 144 -999 -999 -999 -999 -999 -999 -999 -999 -999 -999 -999 -999 -999 -999 -999 -999 -999 -999 -999 -999 -999 -999 -999 -999 -999 -999 -999 -999 -999 -999 -999 -999 -999 -999 -999 -999 -999 -999 -999 -999 -999
-999 -999 -999 -999 -999 -999 -999 -999 -999 -999 -999 -999 -999 -999 -999 -999 -999 -999 -999 -999 -999 -999 -999 -999 144 144 144 143 143 142 141 140 138 136 133 130 97 91 88 87 87 88 100 131 -999 -999 -999 -999 -999 -999 -999 -999 -999 -999 -999 -999 -999 -999 -999 -999 -999 -999 -999 -999 -999 -999 -999 -999 -999 -999 -999 -999 -999 -999 -999 -999 -999 -999 -999 -999 -999 -999 -999 -999 -999
-999 -999 -999 -999 -999 -999 -999 -999 -999 -999 -999 -999 -999 -999 -999 -999 -999 -999 -999 -999 -999 -999 -999 -999 141 141 141 141 141 140 139 137 135 133 130 127 123 86 84 83 83 72 77 -999 -999 -999 -999 -999 -999 -999 -999 -999 -999 -999 -999 -999 -999 -999 -999 -999 -999 -999 -999 -999 -999 -999 -999 -999 -999 -999 -999 -999 -999 -999 -999 -999 -999 -999 -999 -999 -999 -999 -999 -999 -999
-999 -999 -999 -999 -999 -999 -999 -999 -999 -999 -999 -999 -999 -999 -999 -999 -999 -999 -999 -999 -999 -999 -999 136 138 138 138 138 138 137 136 134 131 129 126 124 121 83 80 80 81 82 84 -999 -999 -999 -999 -999 -999 -999 -999 -999 -999 -999 -999 -999 -999 -999 -999 -999 -999 -999 -999 -999 -999 -999 -999 -999 -999 -999 -999 -999 -999 -999 -999 -999 -999 -999 -999 -999 -999 -999 -999 -999 -999
-999 -999 -999 -999 -999 -999 -999 -999 -999 -999 -999 -999 -999 -999 -999 -999 -999 -999 -999 -999 -999 -999 -999 134 134 135 135 135 134 133 132 130 127 125 123 121 118 115 76 79 80 81 82 -999 -999 -999 -999 -999 -999 -999 -999 -999 -999 -999 -999 -999 -999 -999 -999 -999 -999 -999 -999 -999 -999 -999 -999 -999 -999 -999 -999 -999 -999 -999 -999 -999 -999 -999 -999 -999 -999 -999 -999 -999 -999
-999 -999 -999 -999 -999 -999 -999 -999 -999 -999 -999 -999 -999 -999 -999 -999 -999 -999 -999 -999 -999 -999 -999 131 131 131 131 131 130 129 128 126 124 122 120 117 115 114 78 78 79 80 86 -999 -999 -999 -999 -999 -999 -999 -999 -999 -999 -999 -999 -999 -999 -999 -999 -999 -999 -999 -999 -999 -999 -999 -999 -999 -999 -999 -999 -999 -999 -999 -999 -999 -999 -999 -999 -999 -999 -999 -999 -999 -999
-999 -999 -999 -999 -999 -999 -999 -999 -999 -999 -999 -999 -999 -999 -999 -999 -999 -999 -999 -999 -999 -999 -999 127 127 127 127 127 126 125 124 122 120 118 116 115 115 113 112 77 78 80 101 -999 -999 -999 -999 -999 -999 -999 -999 -999 -999 -999 -999 -999 -999 -999 -999 -999 -999 -999 -999 -999 -999 -999 -999 -999 -999 -999 -999 -999 -999 -999 -999 -999 -999 -999 -999 -999 -999 -999 -999 -999 -999
-999 -999 -999 -999 -999 -999 -999 -999 -999 -999 -999 -999 -999 -999 -999 -999 -999 -999 -999 -999 -999 -999 -999 123 123 123 123 123 123 122 121 119 118 115 114 113 113 112 111 77 78 84 -999 -999 -999 -999 -999 -999 -999 -999 -999 -999 -999 -999 -999 -999 -999 -999 -999 -999 -999 -999 -999 -999 -999 -999 -999 -999 -999 -999 -999 -999 -999 -999 -999 -999 -999 -999 -999 -999 -999 -999 -999 -999 -999
-999 -999 -999 -999 -999 -999 -999 -999 -999 -999 -999 -999 -999 -999 -999 -999 -999 -999 -999 -999 -999 -999 -999 119 119 120 120 120 119 119 118 117 115 114 113 113 112 112 111 110 78 91 -999 -999 -999 -999 -999 -999 -999 -999 -999 -999 -999 -999 -999 -999 -999 -999 -999 -999 -999 -999 -999 -999 -999 -999 -999 -999 -999 -999 -999 -999 -999 -999 -999 -999 -999 -999 -999 -999 -999 -999 -999 -999 -999
-999 -999 -999 -999 -999 -999 -999 -999 -999 -999 -999 -999 -999 -999 -999 -999 -999 -999 -999 -999 -999 -999 -999 116 116 117 117 117 117 116 115 114 114 113 112 112 111 111 111 110 80 90 -999 -999 -999 -999 -999 -999 -999 -999 -999 -999 -999 -999 -999 -999 -999 -999 -999 -999 -999 -999 -999 -999 -999 -999 -999 -999 -999 -999 -999 -999 -999 -999 -999 -999 -999 -999 -999 -999 -999 -999 -999 -999 -999
-999 -999 -999 -999 -999 -999 -999 -999 -999 -999 -999 -999 -999 -999 -999 -999 -999 -999 -999 -999 -999 -999 -999 114 112 112 114 114 114 114 114 113 113 112 111 111 110 110 110 110 109 85 -999 -999 -999 -999 -999 -999 -999 -999 -999 -999 -999 -999 -999 -999 -999 -999 -999 -999 -999 -999 -999 -999 -999 -999 -999 -999 -999 -999 -999 -999 -999 -999 -999 -999 -999 -999 -999 -999 -999 -999 -999 -999 -999
-999 -999 -999 -999 -999 -999 -999 -999 -999 -999 -999 -999 -999 -999 -999 -999 -999 -999 -999 -999 -999 -999 -999 111 110 109 111 111 111 111 112 111 111 110 110 109 109 109 109 109 109 86 -999 -999 -999 -999 -999 -999 -999 -999 -999 -999 -999 -999 -999 -999 -999 -999 -999 -999 -999 -999 -999 -999 -999 -999 -999 -999 -999 -999 -999 -999 -999 -999 -999 -999 -999 -999 -999 -999 -999 -999 -999 -999 -999
-999 -999 -999 -999 -999 -999 -999 -999 -999 -999 -999 -999 -999 -999 -999 -999 -999 -999 -999 -999 -999 -999 -999 108 108 108 108 108 108 108 109 109 109 109 109 108 108 108 108 108 108 108 -999 -999 -999 -999 -999 -999 -999 -999 -999 -999 -999 -999 -999 -999 -999 -999 -999 -999 -999 -999 -999 -999 -999 -999 -999 -999 -999 -999 -999 -999 -999 -999 -999 -999 -999 -999 -999 -999 -999 -999 -999 -999 -999
-999 -999 -999 -999 -999 -999 -999 -999 -999 -999 -999 -999 -999 -999 -999 -999 -999 -999 -999 -999 -999 -999 -999 106 106 106 106 106 106 105 106 107 107 107 107 107 107 106 106 106 106 107 -999 -999 -999 -999 -999 -999 -999 -999 -999 -999 -999 -999 -999 -999 -999 -999 -999 -999 -999 -999 -999 -999 -999 -999 -999 -999 -999 -999 -999 -999 -999 -999 -999 -999 -999 -999 -999 -999 -999 -999 -999 -999 -999
-999 -999 -999 -999 -999 -999 -999 -999 -999 -999 -999 -999 -999 -999 -999 -999 -999 -999 -999 -999 -999 -999 103 104 104 104 104 104 103 97 103 105 105 106 106 105 105 105 105 105 105 105 -999 -999 -999 -999 -999 -999 -999 -999 -999 -999 -999 -999 -999 -999 -999 -999 -999 -999 -999 -999 -999 -999 -999 -999 -999 -999 -999 -999 -999 -999 -999 -999 -999 -999 -999 -999 -999 -999 -999 -999 -999 -999 -999
-999 -999 -999 -999 -999 -999 -999 -999 -999 -999 -999 -999 -999 -999 -999 -999 -999 -999 -999 -999 -999 -999 103 103 103 103 103 103 103 102 103 103 104 104 104 104 104 104 104 103 103 103 -999 -999 -999 -999 -999 -999 -999 -999 -999 -999 -999 -999 -999 -999 -999 -999 -999 -999 -999 -999 -999 -999 -999 -999 -999 -999 -999 -999 -999 -999 -999 -999 -999 -999 -999 -999 -999 -999 -999 -999 -999 -999 -999
-999 -999 -999 -999 -999 -999 -999 -999 -999 -999 -999 -999 -999 -999 -999 -999 -999 -999 -999 -999 -999 -999 102 102 102 102 102 102 102 102 102 102 103 103 103 103 103 103 102 102 102 101 -999 -999 -999 -999 -999 -999 -999 -999 -999 -999 -999 -999 -999 -999 -999 -999 -999 -999 -999 -999 -999 -999 -999 -999 -999 -999 -999 -999 -999 -999 -999 -999 -999 -999 -999 -999 -999 -999 -999 -999 -999 -999 -999
-999 -999 -999 -999 -999 -999 -999 -999 -999 -999 -999 -999 -999 -999 -999 -999 -999 -999 -999 -999 -999 -999 102 102 102 102 102 101 101 101 101 101 102 102 102 102 102 101 101 100 101 99 -999 -999 -999 -999 -999 -999 -999 -999 -999 -999 -999 -999 -999 -999 -999 -999 -999 -999 -999 -999 -999 -999 -999 -999 -999 -999 -999 -999 -999 -999 -999 -999 -999 -999 -999 -999 -999 -999 -999 -999 -999 -999 -999
-999 -999 -999 -999 -999 -999 -999 -999 -999 -999 -999 -999 -999 -999 -999 -999 -999 -999 -999 -999 -999 -999 101 101 101 101 101 101 101 101 100 101 101 101 101 101 101 101 100 100 100 97 96 -999 -999 -999 -999 -999 -999 -999 -999 -999 -999 -999 -999 -999 -999 -999 -999 -999 -999 -999 -999 -999 -999 -999 -999 -999 -999 -999 -999 -999 -999 -999 -999 -999 -999 -999 -999 -999 -999 -999 -999 -999 -999
-999 -999 -999 -999 -999 -999 -999 -999 -999 -999 -999 -999 -999 -999 -999 -999 -999 -999 -999 -999 -999 100 100 101 101 101 100 100 100 100 100 100 100 100 100 100 100 100 100 99 99 96 95 -999 -999 -999 -999 -999 -999 -999 -999 -999 -999 -999 -999 -999 -999 -999 -999 -999 -999 -999 -999 -999 -999 -999 -999 -999 -999 -999 -999 -999 -999 -999 -999 -999 -999 -999 -999 -999 -999 -999 -999 -999 -999
-999 -999 -999 -999 -999 -999 -999 -999 -999 -999 -999 -999 -999 -999 -999 -999 -999 -999 -999 -999 -999 100 100 100 100 100 100 100 99 99 99 99 99 99 99 99 99 99 99 99 98 95 96 101 106 -999 -999 -999 -999 -999 -999 -999 -999 -999 -999 -999 -999 -999 -999 -999 -999 -999 -999 -999 -999 -999 -999 -999 -999 -999 -999 -999 -999 -999 -999 -999 -999 -999 -999 -999 -999 -999 -999 -999 -999
-999 -999 -999 -999 -999 -999 -999 -999 -999 -999 -999 -999 -999 -999 -999 -999 -999 -999 -999 -999 -999 99 99 99 99 99 99 99 98 98 98 97 97 97 97 97 98 98 97 97 97 94 96 102 109 120 -999 -999 -999 -999 -999 -999 -999 -999 -999 -999 -999 -999 -999 -999 -999 -999 -999 -999 -999 -999 -999 -999 -999 -999 -999 -999 -999 -999 -999 -999 -999 -999 -999 -999 -999 -999 -999 -999 -999
-999 -999 -999 -999 -999 -999 -999 -999 -999 -999 -999 -999 -999 -999 -999 -999 -999 -999 -999 -999 98 99 99 99 99 98 98 98 97 97 96 96 96 96 96 96 95 95 95 94 94 93 96 102 112 124 -999 -999 -999 -999 -999 -999 -999 -999 -999 -999 -999 -999 -999 -999 -999 -999 -999 -999 -999 -999 -999 -999 -999 -999 -999 -999 -999 -999 -999 -999 -999 -999 -999 -999 -999 -999 -999 -999 -999
-999 -999 -999 -999 -999 -999 -999 -999 -999 -999 -999 -999 -999 -999 -999 -999 -999 -999 -999 -999 98 98 98 98 98 97 96 97 96 96 95 94 94 94 94 93 93 92 91 90 90 91 95 103 116 132 -999 -999 -999 -999 -999 -999 -999 -999 -999 -999 -999 -999 -999 -999 -999 -999 -999 -999 -999 -999 -999 -999 -999 -999 -999 -999 -999 -999 -999 -999 -999 -999 -999 -999 -999 -999 -999 -999 -999
-999 -999 -999 -999 -999 -999 -999 -999 -999 -999 -999 -999 -999 -999 -999 -999 -999 -999 -999 -999 97 97 97 96 96 96 96 96 95 95 94 93 93 93 92 91 90 88 87 86 87 89 94 104 119 139 -999 -999 -999 -999 -999 -999 -999 -999 -999 -999 -999 -999 -999 -999 -999 -999 -999 -999 -999 -999 -999 -999 -999 -999 -999 -999 -999 -999 -999 -999 -999 -999 -999 -999 -999 -999 -999 -999 -999
-999 -999 -999 -999 -999 -999 -999 -999 -999 -999 -999 -999 -999 -999 -999 -999 -999 -999 -999 -999 97 97 96 95 94 95 95 95 94 94 93 92 92 91 90 89 87 85 83 84 85 86 91 101 118 143 -999 -999 -999 -999 -999 -999 -999 -999 -999 -999 -999 -999 -999 -999 -999 -999 -999 -999 -999 -999 -999 -999 -999 -999 -999 -999 -999 -999 -999 -999 -999 -999 -999 -999 -999 -999 -999 -999 -999
-999 -999 -999 -999 -999 -999 -999 -999 -999 -999 -999 -999 -999 -999 -999 -999 -999 -999 -999 -999 97 96 96 95 94 94 94 94 93 93 92 91 91 90 88 87 85 81 55 76 83 84 87 95 108 127 143 -999 -999 -999 -999 -999 -999 -999 -999 -999 -999 -999 -999 -999 -999 -999 -999 -999 -999 -999 -999 -999 -999 -999 -999 -999 -999 -999 -999 -999 -999 -999 -999 -999 -999 -999 -999 -999 -999
-999 -999 -999 -999 -999 -999 -999 -999 -999 -999 -999 -999 -999 -999 -999 -999 -999 -999 -999 -999 97 96 96 95 94 94 94 93 92 92 91 90 89 88 87 85 83 72 74 77 81 81 83 88 96 109 125 -999 -999 -999 -999 -999 -999 -999 -999 -999 -999 -999 -999 -999 -999 -999 -999 -999 -999 -999 -999 -999 -999 -999 -999 -999 -999 -999 -999 -999 -999 -999 -999 -999 -999 -999 -999 -999 -999
-999 -999 -999 -999 -999 -999 -999 -999 -999 -999 -999 -999 -999 -999 -999 -999 -999 -999 -999 -999 97 96 96 95 95 94 93 92 91 90 90 89 88 86 85 83 81 79 77 78 78 78 79 81 85 92 102 -999 -999 -999 -999 -999 -999 -999 -999 -999 -999 -999 -999 -999 -999 -999 -999 -999 -999 -999 -999 -999 -999 -999 -999 -999 -999 -999 -999 -999 -999 -999 -999 -999 -999 -999 -999 -999 -999
-999 -999 -999 -999 -999 -999 -999 -999 -999 -999 -999 -999 -999 -999 -999 -999 -999 -999 -999 97 97 96 95 95 94 93 93 92 91 89 88 87 86 85 83 82 80 78 77 76 75 74 74 75 76 79 81 80 -999 -999 -999 -999 -999 -999 -999 -999 -999 -999 -999 -999 -999 -999 -999 -999 -999 -999 -999 -999 -999 -999 -999 -999 -999 -999 -999 -999 -999 -999 -999 -999 -999 -999 -999 -999 -999
-999 -999 -999 -999 -999 -999 -999 -999 -999 -999 -999 -999 -999 -999 -999 -999 -999 -999 -999 98 97 96 95 94 93 93 92 91 90 88 87 86 85 83 82 80 78 77 74 72 72 71 71 71 71 71 70 66 -999 -999 -999 -999 -999 -999 -999 -999 -999 -999 -999 -999 -999 -999 -999 -999 -999 -999 -999 -999 -999 -999 -999 -999 -999 -999 -999 -999 -999 -999 -999 -999 -999 -999 -999 -999 -999
-999 -999 -999 -999 -999 -999 -999 -999 -999 -999 -999 -999 -999 -999 -999 -999 -999 -999 -999 97 96 95 94 93 93 92 92 91 89 88 86 85 83 82 80 79 77 76 72 70 69 69 68 68 67 67 66 67 67 -999 -999 -999 -999 -999 -999 -999 -999 -999 -999 -999 -999 -999 -999 -999 -999 -999 -999 -999 -999 -999 -999 -999 -999 -999 -999 -999 -999 -999 -999 -999 -999 -999 -999 -999 -999
-999 -999 -999 -999 -999 -999 -999 -999 -999 -999 -999 99 99 -999 -999 -999 -999 -999 95 96 96 95 94 93 92 91 91 90 89 87 85 84 83 81 79 77 76 72 69 68 67 66 66 66 65 65 65 65 65 -999 -999 -999 -999 -999 -999 -999 -999 -999 -999 -999 -999 -999 -999 -999 -999 -999 -999 -999 -999 -999 -999 -999 -999 -999 -999 -999 -999 -999 -999 -999 -999 -999 -999 -999 -999
-999 -999 -999 -999 -999 -999 -999 -999 -999 -999 -999 99 99 -999 -999 -999 -999 -999 95 95 95 94 93 92 92 91 90 90 88 87 85 83 82 80 78 76 75 70 67 66 65 65 65 64 64 64 64 63 62 51 -999 -999 -999 -999 -999 -999 -999 -999 -999 -999 -999 -999 -999 -999 -999 -999 -999 -999 -999 -999 -999 -999 -999 -999 -999 -999 -999 -999 -999 -999 -999 -999 -999 -999 -999
-999 -999 -999 -999 -999 -999 -999 -999 -999 -999 -999 99 99 -999 -999 -999 -999 -999 95 94 94 94 93 92 91 90 90 89 88 86 84 82 80 78 77 75 74 67 64 63 63 63 64 64 64 59 63 64 63 63 64 -999 -999 -999 -999 -999 -999 -999 -999 -999 -999 -999 -999 -999 -999 -999 -999 -999 -999 -999 -999 -999 -999 -999 -999 -999 -999 -999 -999 -999 -999 -999 -999 -999 -999
-999 -999 -999 -999 -999 -999 -999 -999 -999 -999 -999 99 99 98 -999 -999 -999 95 94 94 93 93 92 92 91 90 89 88 87 85 83 81 79 77 75 74 73 66 61 62 62 63 63 63 64 64 64 64 64 65 66 67 69 -999 -999 -999 -999 -999 -999 -999 -999 -999 -999 -999 -999 -999 -999 -999 -999 -999 -999 -999 -999 -999 -999 -999 -999 -999 -999 -999 -999 -999 -999 -999 -999
-999 -999 -999 -999 -999 -999 -999 -999 -999 -999 -999 99 99 98 -999 -999 -999 95 94 94 93 92 91 91 90 89 88 87 86 84 82 79 77 75 74 73 69 62 60 60 61 62 62 63 63 64 64 65 65 66 67 68 69 70 72 75 79 -999 -999 -999 -999 -999 -999 -999 -999 -999 -999 -999 -999 -999 -999 -999 -999 -999 -999 -999 -999 -999 -999 -999 -999 -999 -999 -999 -999
-999 -999 -999 -999 -999 -999 -999 -999 -999 -999 -999 99 98 98 -999 -999 -999 95 94 93 92 91 90 89 88 88 87 86 84 83 80 78 76 74 73 72 66 59 58 59 60 61 62 63 63 64 64 65 66 66 67 68 69 71 72 75 82 98 112 125 -999 -999 -999 -999 -999 -999 -999 -999 -999 -999 -999 -999 -999 -999 -999 -999 -999 -999 -999 -999 -999 -999 -999 -999 -999
-999 -999 -999 -999 -999 -999 -999 -999 -999 -999 -999 -999 98 98 -999 -999 97 95 94 93 92 91 89 88 87 86 85 84 83 81 79 77 75 73 72 68 60 55 57 58 60 61 62 63 63 64 64 65 66 67 68 69 70 71 73 76 83 95 110 108 96 87 82 79 -999 -999 -999 -999 -999 -999 -999 -999 -999 -999 -999 -999 -999 -999 -999 -999 -999 -999 -999 -999 -999
-999 -999 -999 -999 -999 -999 -999 -999 -999 -999 -999 -999 98 98 98 -999 97 95 94 93 91 90 88 87 86 84 83 82 81 80 78 77 75 73 69 63 56 51 55 57 59 60 61 62 63 64 64 65 66 68 69 70 71 73 74 77 84 96 105 98 90 82 75 70 66 67 -999 -999 -999 -999 -999 -999 -999 -999 -999 -999 -999 -999 -999 -999 -999 -999 -999 -999 -999
-999 -999 -999 -999 -999 -999 -999 -999 -999 -999 -999 97 97 97 98 98 96 95 94 92 90 88 87 85 84 83 82 81 79 79 78 71 72 69 64 58 51 49 53 56 58 59 61 62 63 64 64 66 67 68 69 70 71 73 77 76 82 97 95 88 81 75 69 66 64 64 63 -999 -999 -999 -999 -999 -999 -999 -999 -999 -999 -999 -999 -999 -999 -999 -999 -999 -999
-999 -999 -999 -999 -999 -999 -999 -999 -999 -999 -999 97 97 97 97 97 96 95 92 91 89 87 86 84 83 82 80 79 78 76 72 68 64 63 58 50 43 45 50 54 56 58 60 62 63 64 65 66 67 67 68 69 70 72 75 80 87 95 84 77 73 68 66 64 64 63 63 62 -999 -999 -999 -999 -999 -999 -999 -999 -999 -999 -999 -999 -999 -999 -999 -999 -999
-999 -999 -999 -999 -999 -999 -999 -999 -999 -999 100 98 97 97 96 96 95 94 92 90 88 86 83 82 81 80 79 77 76 70 59 56 60 56 47 41 38 39 44 51 55 57 59 61 62 64 65 66 66 67 67 68 69 69 71 74 76 74 73 71 69 67 65 64 63 62 62 61 -999 -999 -999 -999 -999 -999 -999 -999 -999 -999 -999 -999 -999 -999 -999 -999 -999
-999 -999 -999 -999 -999 -999 -999 -999 -999 -999 107 102 97 96 95 94 93 92 90 87 85 83 81 80 79 78 77 75 73 69 50 51 49 50 39 32 33 33 38 44 49 54 58 59 61 63 65 65 65 66 66 66 67 66 62 63 64 67 68 67 66 65 63 62 61 61 60 60 -999 -999 -999 -999 -999 -999 -999 -999 -999 -999 -999 -999 -999 -999 -999 -999 -999
-999 -999 -999 -999 -999 -999 -999 -999 -999 125 117 107 99 95 94 93 91 89 87 84 82 80 79 78 77 76 75 72 69 45 51 48 46 53 31 26 28 29 33 38 43 47 52 55 57 59 60 59 59 57 55 54 54 54 55 56 58 60 61 62 62 61 60 60 59 59 59 59 -999 -999 -999 -999 -999 -999 -999 -999 -999 -999 -999 -999 -999 -999 -999 -999 -999
-999 -999 -999 -999 -999 -999 -999 -999 -999 137 130 115 99 94 93 91 89 86 83 80 78 77 76 75 74 73 72 69 66 57 46 35 46 49 32 25 26 27 30 33 37 42 46 50 53 55 56 55 53 51 49 49 48 48 49 50 51 51 53 55 55 56 56 56 57 57 57 57 -999 -999 -999 -999 -999 -999 -999 -999 -999 -999 -999 -999 -999 -999 -999 -999 -999
-999 -999 -999 -999 -999 -999 -999 -999 -999 140 143 116 98 93 91 88 86 83 79 77 75 74 74 73 68 70 69 67 56 55 51 40 46 47 40 24 22 25 27 30 33 37 41 45 49 51 51 49 48 46 44 43 43 43 43 43 44 44 46 47 48 50 51 52 53 54 55 55 -999 -999 -999 -999 -999 -999 -999 -999 -999 -999 -999 -999 -999 -999 -999 -999 -999
-999 -999 -999 -999 -999 -999 -999 -999 -999 139 128 110 95 91 88 85 82 78 75 74 73 72 72 72 71 70 68 66 61 58 53 50 47 43 29 20 19 22 25 27 29 33 37 41 45 46 44 43 42 41 39 38 38 37 37 37 37 37 38 39 41 43 45 48 50 51 53 53 -999 -999 -999 -999 -999 -999 -999 -999 -999 -999 -999 -999 -999 -999 -999 -999 -999
-999 -999 -999 -999 -999 -999 -999 -999 -999 136 122 103 93 88 85 82 79 75 73 71 70 70 70 70 70 69 67 65 62 58 54 49 46 40 26 18 17 19 21 24 26 29 33 36 40 39 37 36 36 35 33 33 32 32 31 31 31 31 31 32 34 37 40 43 46 48 50 51 -999 -999 -999 -999 -999 -999 -999 -999 -999 -999 -999 -999 -999 -999 -999 -999 -999
-999 -999 -999 -999 -999 -999 -999 -999 -999 133 117 98 89 85 82 79 76 73 71 69 68 68 68 68 67 66 64 57 59 53 52 48 41 36 22 16 14 16 18 21 23 26 29 31 33 32 32 31 30 30 29 28 28 27 27 26 26 26 26 27 29 31 34 37 41 44 47 49 -999 -999 -999 -999 -999 -999 -999 -999 -999 -999 -999 -999 -999 -999 -999 -999 -999
-999 -999 -999 -999 -999 -999 -999 -999 -999 128 111 94 86 82 79 76 73 71 69 68 67 66 66 66 65 64 62 59 56 50 50 47 41 32 23 18 14 15 16 18 21 23 25 27 28 28 27 27 26 26 26 24 23 23 22 22 22 22 22 22 23 25 28 31 36 40 44 46 -999 -999 -999 -999 -999 -999 -999 -999 -999 -999 -999 -999 -999 -999 -999 -999 -999
-999 -999 -999 -999 -999 -999 -999 -999 -999 125 109 91 83 79 76 73 71 69 68 67 66 65 64 64 63 62 60 58 55 52 49 47 43 34 26 20 16 15 15 17 19 21 23 24 25 25 24 24 23 22 21 20 19 19 19 18 18 18 18 18 19 20 22 25 30 35 40 43 -999 -999 -999 -999 -999 -999 -999 -999 -999 -999 -999 -999 -999 -999 -999 -999 -999
-999 -999 -999 -999 -999 -999 -999 -999 -999 122 112 89 80 77 74 71 69 68 67 66 65 64 63 62 61 60 58 56 53 50 48 47 45 39 29 21 17 15 15 16 18 20 21 22 23 23 22 22 21 20 18 17 17 16 16 16 15 15 15 15 15 16 17 19 23 29 36 40 -999 -999 -999 -999 -999 -999 -999 -999 -999 -999 -999 -999 -999 -999 -999 -999 -999
-999 -999 -999 -999 -999 -999 -999 -999 -999 117 121 87 78 74 72 70 68 67 66 65 64 63 60 61 59 58 56 54 52 49 47 46 45 40 30 23 17 15 14 15 17 18 20 21 21 21 21 20 19 17 16 14 14 14 13 13 13 13 13 13 13 13 13 15 18 22 30 33 -999 -999 -999 -999 -999 -999 -999 -999 -999 -999 -999 -999 -999 -999 -999 -999 -999
-999 -999 -999 -999 -999 -999 -999 -999 -999 111 101 83 76 73 70 68 67 66 66 65 63 62 60 59 58 56 54 52 50 48 46 45 44 39 31 23 17 14 14 14 15 17 18 18 19 19 19 18 16 15 13 12 11 11 11 10 11 11 11 11 11 10 11 11 13 15 19 22 -999 -999 -999 -999 -999 -999 -999 -999 -999 -999 -999 -999 -999 -999 -999 -999 -999
-999 -999 -999 -999 -999 -999 -999 -999 -999 100 89 79 74 72 69 68 66 65 64 63 62 60 59 57 56 54 52 50 48 46 44 43 42 37 29 22 16 12 12 13 14 14 15 15 16 16 16 15 13 12 9 8 8 8 8 8 8 9 9 9 9 9 9 9 10 12 13 15 -999 -999 -999 -999 -999 -999 -999 -999 -999 -999 -999 -999 -999 -999 -999 -999 -999
-999 -999 -999 -999 -999 -999 -999 -999 -999 -999 83 77 73 71 68 67 65 64 63 61 60 58 56 55 53 51 50 47 45 43 41 39 38 35 27 19 13 10 10 11 12 11 11 10 11 12 11 10 9 8 7 6 5 4 4 5 6 7 7 7 7 7 8 8 9 9 10 11 -999 -999 -999 -999 -999 -999 -999 -999 -999 -999 -999 -999 -999 -999 -999 -999 -999
-999 -999 -999 -999 -999 -999 -999 -999 -999 -999 -999 75 72 70 67 65 64 62 61 59 57 55 53 52 50 48 46 44 42 40 38 36 34 32 20 10 1 2 5 8 8 6 5 6 8 8 6 5 4 4 2 -0 -0 -0 1 2 4 5 6 6 6 7 7 7 8 9 9 10 -999 -999 -999 -999 -999 -999 -999 -999 -999 -999 -999 -999 -999 -999 -999 -999 -999
-999 -999 -999 -999 -999 -999 -999 -999 -999 -999 -999 -999 72 69 66 64 62 60 58 56 54 52 50 48 46 45 43 41 39 36 34 31 29 27 7 -5 -67 -42 -26 -0 5 2 1 3 4 4 0 -5 -4 -2 -3 -5 -5 -5 -2 0 3 4 5 5 6 6 6 7 8 8 8 9 -999 -999 -999 -999 -999 -999 -999 -999 -999 -999 -999 -999 -999 -999 -999 -999 -999
-999 -999 -999 -999 -999 -999 -999 -999 -999 -999 -999 -999 -999 -999 65 63 60 58 55 53 50 48 46 43 42 41 39 37 35 33 29 25 22 22 -3 -8 -72 -63 -44 -23 1 1 -2 -1 1 1 -1 -7 -7 -7 -7 -9 -11 -10 -5 -1 2 3 4 5 5 6 6 7 7 8 8 8 -999 -999 -999 -999 -999 -999 -999 -999 -999 -999 -999 -999 -999 -999 -999 -999 -999
-999 -999 -999 -999 -999 -999 -999 -999 -999 -999 -999 -999 -999 -999 -999 62 57 52 51 48 46 43 41 39 38 37 35 33 32 29 24 16 7 17 15 -11 -79 -70 -46 -8 0 -0 -4 -3 -1 -1 -2 -5 -7 -9 -9 -11 -13 -11 -6 -3 1 3 4 4 5 5 6 6 7 8 8 8 9 -999 -999 -999 -999 -999 -999 -999 -999 -999 -999 -999 -999 -999 -999 -999 -999
-999 -999 -999 -999 -999 -999 -999 -999 -999 -999 -999 -999 -999 -999 -999 -999 54 49 46 44 41 39 37 35 34 33 32 30 29 26 20 18 16 17 15 -13 -85 -66 -45 -13 -7 -4 -5 -5 -3 -3 -3 -4 -6 -8 -9 -10 -12 -10 -6 -3 -0 2 3 4 4 5 5 6 7 8 8 8 9 -999 -999 -999 -999 -999 -999 -999 -999 -999 -999 -999 -999 -999 -999 -999 -999
-999 -999 -999 -999 -999 -999 -999 -999 -999 -999 -999 -999 -999 -999 -999 -999 -999 44 42 39 37 35 33 32 31 30 29 28 27 25 22 21 19 18 16 -6 -36 -55 -42 -43 -24 -12 -10 -9 -7 -5 -4 -4 -5 -5 -6 -7 -9 -8 -5 -2 -0 1 2 3 3 4 5 6 6 7 8 9 9 -999 -999 -999 -999 -999 -999 -999 -999 -999 -999 -999 -999 -999 -999 -999 -999
-999 -999 -999 -999 -999 -999 -999 -999 -999 -999 -999 -999 -999 -999 -999 -999 -999 41 37 35 33 31 30 29 28 27 26 25 25 24 22 21 19 18 16 6 -2 -17 -22 -29 -20 -16 -15 -13 -11 -8 -6 -4 -4 -4 -4 -4 -5 -5 -2 -2 -1 -0 1 1 2 3 3 4 5 6 8 9 10 -999 -999 -999 -999 -999 -999 -999 -999 -999 -999 -999 -999 -999 -999 -999 -999
-999 -999 -999 -999 -999 -999 -999 -999 -999 -999 -999 -999 -999 -999 -999 -999 -999 -999 32 31 30 28 27 26 25 25 24 24 23 22 21 20 18 17 16 15 7 -1 -11 -13 -13 -14 -16 -16 -13 -10 -7 -4 -3 -2 -3 -3 -3 -3 -1 -3 -3 -2 -1 -1 0 1 2 2 3 3 8 11 13 -999 -999 -999 -999 -999 -999 -999 -999 -999 -999 -999 -999 -999 -999 -999 -999
-999 -999 -999 -999 -999 -999 -999 -999 -999 -999 -999 -999 -999 -999 -999 -999 -999 -999 29 28 27 26 25 24 24 23 23 22 21 21 19 18 17 16 15 15 10 4 -2 -5 -9 -11 -13 -13 -11 -9 -6 -4 -2 -2 -2 -2 -2 -1 -2 -4 -4 -4 -4 -3 -3 -2 -1 -1 -1 -1 7 13 18 22 -999 -999 -999 -999 -999 -999 -999 -999 -999 -999 -999 -999 -999 -999 -999
-999 -999 -999 -999 -999 -999 -999 -999 -999 -999 -999 -999 -999 -999 -999 -999 -999 -999 27 26 25 24 23 23 22 22 21 21 20 19 18 17 17 16 15 14 11 6 3 -0 -4 -8 -10 -10 -8 -6 -5 -3 -1 -1 -1 -2 -2 -2 -3 -5 -6 -6 -6 -6 -5 -5 -5 -6 -8 -7 6 16 21 24 -999 -999 -999 -999 -999 -999 -999 -999 -999 -999 -999 -999 -999 -999 -999
-999 -999 -999 -999 -999 -999 -999 -999 -999 -999 -999 -999 -999 -999 -999 -999 -999 -999 -999 24 23 23 22 22 21 21 21 20 19 18 14 16 16 15 15 14 12 8 5 2 -1 -4 -6 -6 -6 -5 -3 -2 -1 -1 -1 -2 -3 -2 -3 -6 -8 -9 -9 -9 -8 -7 -7 -9 -14 -22 4 18 24 25 -999 -999 -999 -999 -999 -999 -999 -999 -999 -999 -999 -999 -999 -999 -999
-999 -999 -999 -999 -999 -999 -999 -999 -999 -999 -999 -999 -999 -999 -999 -999 -999 -999 -999 22 22 22 21 21 21 20 20 19 19 18 17 16 16 15 14 14 13 10 6 4 1 -1 -2 -3 -3 -3 -2 -1 0 -0 -1 -1 -2 -2 -4 -7 -10 -12 -13 -12 -11 -10 -9 -9 -13 -19 5 19 24 25 -999 -999 -999 -999 -999 -999 -999 -999 -999 -999 -999 -999 -999 -999 -999
-999 -999 -999 -999 -999 -999 -999 -999 -999 -999 -999 -999 -999 -999 -999 -999 -999 -999 -999 22 21 21 21 20 20 20 19 19 18 17 14 16 15 15 14 14 13 10 7 5 3 1 0 -1 -1 -1 0 1 1 1 0 -1 -1 -2 -4 -8 -12 -15 -17 -16 -14 -11 -7 -4 -2 -1 11 20 23 20 -999 -999 -999 -999 -999 -999 -999 -999 -999 -999 -999 -999 -999 -999 -999
-999 -999 -999 -999 -999 -999 -999 -999 -999 -999 -999 -999 -999 -999 -999 -999 -999 -999 -999 21 21 20 20 20 19 19 19 18 18 15 -30 12 15 14 14 13 13 11 8 6 4 2 1 0 1 1 2 3 3 2 1 0 -1 -2 -4 -9 -14 -19 -22 -21 -16 -11 -5 1 6 10 16 20 22 20 -999 -999 -999 -999 -999 -999 -999 -999 -999 -999 -999 -999 -999 -999 -999
-999 -999 -999 -999 -999 -999 -999 -999 -999 -999 -999 -999 -999 -999 -999 -999 -999 -999 -999 -999 20 20 19 19 19 19 18 18 17 15 -13 13 14 14 13 13 13 11 8 6 4 2 1 0 1 2 4 4 5 4 2 1 -1 -2 -4 -10 -15 -22 -28 -28 -20 -11 -2 5 10 14 17 20 22 23 25 -999 -999 -999 -999 -999 -999 -999 -999 -999 -999 -999 -999 -999 -999
-999 -999 -999 -999 -999 -999 -999 -999 -999 -999 -999 -999 -999 -999 -999 -999 -999 -999 -999 -999 19 19 19 19 18 18 18 17 17 15 -7 13 14 14 13 12 12 11 9 6 4 1 -2 -2 1 3 4 5 6 4 3 1 -0 -2 -4 -9 -15 -25 -37 -47 -26 -10 1 8 12 15 17 19 20 22 23 -999 -999 -999 -999 -999 -999 -999 -999 -999 -999 -999 -999 -999 -999
-999 -999 -999 -999 -999 -999 -999 -999 -999 -999 -999 -999 -999 -999 -999 -999 -999 -999 -999 -999 19 19 19 18 18 18 17 17 17 16 14 14 14 13 13 12 11 11 9 6 2 -2 -8 -7 -1 3 5 6 6 4 3 2 -0 -2 -4 -6 -15 -25 -48 -139 -36 -9 3 9 13 15 16 17 18 20 20 -999 -999 -999 -999 -999 -999 -999 -999 -999 -999 -999 -999 -999 -999
-999 -999 -999 -999 -999 -999 -999 -999 -999 -999 -999 -999 -999 -999 -999 -999 -999 -999 -999 -999 -999 19 18 18 18 18 17 17 16 15 15 14 13 13 12 11 11 10 9 6 1 -6 -14 -10 -1 3 5 6 5 4 3 2 0 -1 -3 -5 -11 -17 -26 -35 -15 -2 6 10 13 15 15 16 16 17 17 17 -999 -999 -999 -999 -999 -999 -999 -999 -999 -999 -999 -999 -999
-999 -999 -999 -999 -999 -999 -999 -999 -999 -999 -999 -999 -999 -999 -999 -999 -999 -999 -999 -999 -999 18 18 18 18 17 15 16 16 15 14 14 13 12 12 11 10 10 8 5 0 -7 -19 -12 -1 3 5 6 5 5 4 2 1 -1 -2 -4 -8 -10 -11 -10 -5 2 7 10 12 14 14 14 14 14 13 13 -999 -999 -999 -999 -999 -999 -999 -999 -999 -999 -999 -999 -999
-999 -999 -999 -999 -999 -999 -999 -999 -999 -999 -999 -999 -999 -999 -999 -999 -999 -999 -999 -999 -999 18 18 18 16 16 15 16 15 15 14 13 12 11 11 10 9 9 8 5 2 -2 -6 -3 1 4 5 7 6 5 3 2 1 -0 -2 -3 -4 -5 -5 -3 -0 3 6 8 10 11 12 12 11 10 10 10 -999 -999 -999 -999 -999 -999 -999 -999 -999 -999 -999 -999 -999
-999 -999 -999 -999 -999 -999 -999 -999 -999 -999 -999 -999 -999 -999 -999 -999 -999 -999 -999 -999 -999 18 18 16 -10 -37 -37 13 15 14 13 12 12 11 10 9 8 7 6 4 3 1 0 1 2 3 5 6 7 4 3 2 0 -1 -2 -3 -3 -3 -3 -1 0 3 5 6 8 9 9 9 8 7 6 6 5 -999 -999 -999 -999 -999 -999 -999 -999 -999 -999 -999 -999
-999 -999 -999 -999 -999 -999 -999 -999 -999 -999 -999 -999 -999 -999 -999 -999 -999 -999 -999 -999 -999 18 13 -44 -37 -35 -55 11 14 14 13 12 11 10 9 8 7 5 5 3 2 2 2 2 2 3 4 6 6 4 3 1 0 -1 -2 -3 -3 -3 -2 -1 -0 1 3 4 5 6 6 6 5 4 -1 3 3 -999 -999 -999 -999 -999 -999 -999 -999 -999 -999 -999 -999
-999 -999 -999 -999 -999 -999 -999 -999 -999 -999 -999 -999 -999 -999 -999 -999 -999 -999 -999 -999 -999 15 -34 1 -42 -37 6 14 14 13 12 11 10 9 8 7 5 3 2 0 0 1 1 1 2 3 4 6 5 3 2 1 -0 -2 -2 -3 -3 -1 -2 -2 -1 -0 1 2 3 4 4 4 3 2 1 2 4 5 -999 -999 -999 -999 -999 -999 -999 -999 -999 -999 -999
-999 -999 -999 -999 -999 -999 -999 -999 -999 -999 -999 -999 -999 -999 -999 -999 -999 -999 -999 -999 -999 15 -21 4 -22 -1 14 15 14 12 11 7 9 7 6 5 1 -0 -1 -1 -1 -1 -0 1 1 2 4 4 4 3 1 0 -1 -1 -2 -2 -2 -1 -2 -2 -4 -5 -0 1 1 2 2 2 2 1 1 2 3 5 -999 -999 -999 -999 -999 -999 -999 -999 -999 -999 -999
-999 -999 -999 -999 -999 -999 -999 -999 -999 -999 -999 -999 -999 -999 -999 -999 -999 -999 -999 -999 -999 19 13 6 1 1 15 15 13 12 10 8 7 5 4 -1 -3 -4 -4 -4 -3 -2 -1 0 1 1 4 4 3 2 1 0 -1 -1 -2 -2 -2 -3 -3 -2 -2 -2 -1 -1 -0 0 0 0 0 0 0 1 3 4 6 -999 -999 -999 -999 -999 -999 -999 -999 -999 -999
-999 -999 -999 -999 -999 -999 -999 -999 -999 -999 -999 -999 -999 -999 -999 -999 -999 -999 -999 -999 -999 20 18 16 6 -3 14 14 12 10 8 7 5 3 -2 -5 -7 -7 -7 -7 -5 -3 -2 0 1 3 5 4 3 2 1 0 -0 -1 -2 -2 -3 -3 -3 -3 -3 -2 -2 -2 -2 -2 -2 -2 -1 -1 -1 0 1 3 4 5 -999 -999 -999 -999 -999 -999 -999 -999 -999
-999 -999 -999 -999 -999 -999 -999 -999 -999 -999 -999 -999 -999 -999 -999 -999 -999 -999 -999 -999 -999 21 20 12 -8 -9 14 14 12 9 7 5 2 -3 -6 -9 -11 -12 -12 -11 -9 -6 -3 -1 1 3 4 4 4 3 2 0 -0 -1 -2 -3 -3 -4 -4 -4 -4 -3 -3 -3 -3 -4 -4 -4 -3 -3 -2 -1 -0 1 3 3 4 -999 -999 -999 -999 -999 -999 -999 -999
-999 -999 -999 -999 -999 -999 -999 -999 -999 -999 -999 -999 -999 -999 -999 -999 -999 -999 -999 -999 -999 23 19 16 14 15 15 13 11 9 6 3 -0 -7 -11 -14 -17 -18 -18 -17 -14 -10 -6 -2 1 4 4 4 3 3 2 1 -0 -2 -3 -4 -4 -5 -5 -5 -5 -5 -5 -5 -5 -6 -6 -6 -5 -5 -4 -3 -2 -0 1 2 2 2 -999 -999 -999 -999 -999 -999 -999
-999 -999 -999 -999 -999 -999 -999 -999 -999 -999 -999 -999 -999 -999 -999 -999 -999 -999 -999 -999 -999 24 20 17 18 17 15 13 10 7 4 1 -7 -12 -16 -20 -24 -26 -27 -25 -22 -16 -10 -5 -1 3 4 4 3 3 2 1 -1 -3 -4 -5 -6 -6 -6 -6 -6 -6 -6 -7 -7 -8 -8 -8 -7 -7 -6 -5 -3 -2 -1 -0 0 0 -0 -999 -999 -999 -999 -999 -999
-999 -999 -999 -999 -999 -999 -999 -999 -999 -999 -999 -999 -999 -999 -999 -999 -999 -999 -999 -999 -999 25 22 21 19 18 15 12 9 6 2 -6 -11 -16 -22 -27 -32 -37 -39 -38 -33 -25 -16 -9 -4 -0 3 4 4 3 1 0 -2 -3 -5 -7 -8 -8 -9 -9 -9 -8 -8 -9 -9 -10 -10 -10 -9 -8 -7 -6 -5 -4 -3 -2 -1 -1 -1 -2 -999 -999 -999 -999 -999
-999 -999 -999 -999 -999 -999 -999 -999 -999 -999 -999 -999 -999 -999 -999 -999 -999 -999 -999 -999 -999 -999 24 22 20 18 15 12 8 4 -5 -9 -14 -21 -28 -36 -43 -50 -54 -54 -48 -38 -26 -15 -8 -4 -0 3 4 3 1 -1 -3 -5 -7 -9 -11 -12 -12 -12 -11 -11 -11 -11 -11 -11 -11 -11 -10 -10 -9 -8 -7 -5 -4 -4 -3 -3 -3 -3 -3 -999 -999 -999 -999
-999 -999 -999 -999 -999 -999 -999 -999 -999 -999 -999 -999 -999 -999 -999 -999 -999 -999 -999 -999 -999 -999 25 22 20 18 15 11 6 2 -7 -12 -18 -26 -35 -45 -56 -66 -74 -75 -70 -56 -39 -23 -12 -6 -3 2 4 4 2 -1 -4 -7 -10 -13 -15 -17 -16 -16 -15 -14 -14 -13 -13 -12 -12 -12 -12 -11 -10 -9 -8 -7 -6 -5 -5 -4 -4 -4 -4 -5 -999 -999 -999
-999 -999 -999 -999 -999 -999 -999 -999 -999 -999 -999 -999 -999 -999 -999 -999 -999 -999 -999 -999 -999 -999 24 22 20 17 14 9 4 -3 -8 -13 -21 -30 -42 -56 -72 -87 -99 -105 -99 -82 -58 -35 -19 -11 -6 -1 2 3 4 -2 -6 -11 -14 -18 -20 -21 -22 -21 -20 -18 -17 -15 -14 -13 -13 -13 -12 -12 -11 -10 -9 -8 -8 -7 -6 -6 -6 -6 -6 -6 -6 -999 -999
-999 -999 -999 -999 -999 -999 -999 -999 -999 -999 -999 -999 -999 -999 -999 -999 -999 -999 -999 -999 -999 -999 24 22 19 16 11 7 0 -3 -8 -14 -22 -34 -49 -67 -89 -112 -132 -141 -134 -112 -82 -53 -31 -17 -9 -3 1 5 4 -5 -11 -16 -21 -24 -26 -27 -29 -28 -26 -23 -20 -18 -16 -15 -14 -14 -13 -13 -12 -11 -10 -10 -9 -8 -8 -7 -7 -7 -7 -7 -7 -7 -999
-999 -999 -999 -999 -999 -999 -999 -999 -999 -999 -999 -999 -999 -999 -999 -999 -999 -999 -999 -999 -999 -999 23 21 18 15 10 4 1 -3 -8 -14 -23 -36 -53 -76 -106 -139 -167 -179 -169 -140 -103 -68 -41 -22 -11 -3 4 4 -2 -11 -18 -24 -29 -32 -34 -35 -36 -37 -34 -29 -24 -21 -18 -16 -15 -14 -14 -13 -12 -12 -11 -10 -10 -9 -8 -8 -8 -8 -7 -7 -7 -7 -999
-999 -999 -999 -999 -999 -999 -999 -999 -999 -999 -999 -999 -999 -999 -999 -999 -999 -999 -999 -999 -999 -999 -999 20 18 15 9 6 2 -2 -7 -13 -23 -36 -55 -81 -117 -161 -199 -213 -196 -157 -112 -70 -40 -20 -9 -2 4 4 -8 -19 -27 -34 -38 -42 -43 -44 -45 -45 -41 -35 -29 -24 -20 -18 -17 -16 -15 -14 -13 -12 -11 -11 -10 -10 -9 -9 -8 -8 -8 -8 -8 -8 -999
-999 -999 -999 -999 -999 -999 -999 -999 -999 -999 -999 -999 -999 -999 -999 -999 -999 -999 -999 -999 -999 -999 -999 -999 17 15 11 8 4 -0 -5 -11 -20 -33 -52 -78 -119 -172 -219 -233 -205 -153 -98 -52 -22 -3 -0 2 4 3 -16 -29 -37 -44 -49 -52 -54 -55 -55 -53 -49 -41 -33 -27 -23 -20 -18 -17 -15 -14 -13 -12 -11 -11 -10 -10 -9 -9 -9 -8 -8 -8 -8 -8 -999
-999 -999 -999 -999 -999 -999 -999 -999 -999 -999 -999 -999 -999 -999 -999 -999 -999 -999 -999 -999 -999 -999 -999 -999 -999 -999 15 12 7 2 -3 -8 -16 -27 -44 -67 -105 -159 -210 -221 -182 -121 -61 -14 -7 -7 -6 -7 -10 -17 -29 -39 -47 -53 -59 -63 -66 -66 -65 -63 -56 -47 -38 -30 -25 -21 -19 -17 -16 -15 -13 -12 -11 -11 -10 -10 -10 -9 -9 -9 -8 -8 -8 -8 -999
-999 -999 -999 -999 -999 -999 -999 -999 -999 -999 -999 -999 -999 -999 -999 -999 -999 -999 -999 -999 -999 -999 -999 -999 -999 -999 -999 -999 11 6 0 -5 -11 -20 -33 -51 -80 -121 -164 -170 -130 -69 -13 -7 -9 -9 -11 -14 -20 -28 -38 -47 -55 -62 -69 -75 -78 -78 -75 -71 -65 -54 -43 -34 -27 -23 -20 -18 -17 -15 -14 -13 -11 -10 -11 -10 -10 -9 -9 -9 -8 -8 -8 -999 -999
-999 -999 -999 -999 -999 -999 -999 -999 -999 -999 -999 -999 -999 -999 -999 -999 -999 -999 -999 -999 -999 -999 -999 -999 -999 -999 -999 -999 -999 9 4 -1 -7 -14 -23 -37 -55 -79 -99 -103 -72 -16 -8 -9 -10 -11 -13 -18 -25 -34 -44 -53 -61 -71 -80 -87 -91 -90 -86 -80 -73 -61 -48 -38 -30 -25 -22 -19 -17 -16 -14 -13 -12 -11 -11 -10 -10 -9 -9 -9 -8 -8 -8 -999 -999
-999 -999 -999 -999 -999 -999 -999 -999 -999 -999 -999 -999 -999 -999 -999 -999 -999 -999 -999 -999 -999 -999 -999 -999 -999 -999 -999 -999 -999 -999 9 3 -3 -10 -17 -26 -38 -49 -58 -57 -40 -12 -12 -9 -9 -10 -13 -19 -27 -36 -46 -57 -68 -80 -92 -101 -106 -105 -99 -91 -82 -68 -54 -42 -33 -27 -23 -20 -18 -16 -15 -13 -12 -11 -11 -10 -9 -9 -9 -8 -8 -8 -8 -999 -999
-999 -999 -999 -999 -999 -999 -999 -999 -999 -999 -999 -999 -999 -999 -999 -999 -999 -999 -999 -999 -999 -999 -999 -999 -999 -999 -999 -999 -999 -999 14 7 -0 -7 -13 -20 -27 -33 -36 -35 -26 -12 -6 -4 -7 -8 -11 -17 -25 -35 -46 -59 -72 -88 -103 -116 -122 -122 -116 -106 -92 -76 -59 -46 -36 -30 -25 -22 -19 -17 -16 -14 -13 -12 -11 -10 -9 -9 -8 -8 -8 -8 -8 -999 -999
-999 -999 -999 -999 -999 -999 -999 -999 -999 -999 -999 -999 -999 -999 -999 -999 -999 -999 -999 -999 -999 -999 -999 -999 -999 -999 -999 -999 -999 -999 -999 11 2 -5 -11 -17 -22 -25 -26 -25 -21 -14 -9 -5 -6 -6 -9 -13 -20 -31 -43 -57 -74 -93 -114 -129 -139 -140 -135 -126 -100 -83 -65 -50 -39 -32 -27 -23 -21 -19 -17 -16 -14 -12 -11 -10 -9 -8 -8 -8 -8 -8 -8 -999 -999
-999 -999 -999 -999 -999 -999 -999 -999 -999 -999 -999 -999 -999 -999 -999 -999 -999 -999 -999 -999 -999 -999 -999 -999 -999 -999 -999 -999 -999 -999 -999 12 3 -5 -11 -16 -20 -22 -23 -21 -18 -15 -12 -10 -9 -9 -9 -10 -16 -26 -38 -53 -71 -91 -113 -134 -147 -150 -143 -126 -103 -84 -66 -51 -40 -33 -28 -24 -22 -21 -20 -18 -16 -13 -11 -9 -9 -8 -8 -8 -8 -8 -8 -999 -999
-999 -999 -999 -999 -999 -999 -999 -999 -999 -999 -999 -999 -999 -999 -999 -999 -999 -999 -999 -999 -999 -999 -999 -999 -999 -999 -999 -999 -999 -999 -999 11 1 -6 -12 -16 -20 -21 -21 -20 -18 -15 -13 -12 -11 -11 -10 -11 -13 -21 -33 -47 -64 -84 -107 -129 -146 -150 -142 -122 -100 -79 -61 -48 -39 -32 -27 -24 -22 -21 -21 -20 -18 -15 -11 -9 -8 -8 -8 -8 -8 -8 -8 -999 -999
-999 -999 -999 -999 -999 -999 -999 -999 -999 -999 -999 -999 -999 -999 -999 -999 -999 -999 -999 -999 -999 -999 -999 -999 -999 -999 -999 -999 -999 -999 14 5 -2 -9 -14 -18 -21 -22 -22 -20 -18 -16 -14 -12 -11 -11 -11 -11 -12 -18 -28 -40 -55 -73 -94 -116 -134 -141 -135 -115 -94 -73 -55 -43 -33 -29 -24 -22 -21 -21 -21 -21 -21 -16 -12 -9 -8 -8 -7 -7 -7 -7 -999 -999 -999
-999 -999 -999 -999 -999 -999 -999 -999 -999 -999 -999 -999 -999 -999 -999 -999 -999 -999 -999 -999 -999 -999 -999 -999 -999 -999 -999 -999 -999 -999 10 -0 -7 -13 -18 -21 -22 -23 -22 -21 -19 -16 -14 -13 -12 -11 -11 -11 -11 -15 -23 -33 -45 -60 -77 -96 -114 -124 -122 -105 -85 -65 -49 -38 -29 -23 -20 -19 -18 -19 -20 -22 -24 -19 -13 -9 -8 -8 -7 -7 -7 -7 -999 -999 -999
-999 -999 -999 -999 -999 -999 -999 -999 -999 -999 -999 -999 -999 -999 -999 -999 -999 -999 -999 -999 -999 -999 -999 -999 -999 -999 -999 -999 -999 -999 5 -7 -14 -19 -22 -24 -25 -25 -24 -22 -20 -17 -15 -13 -12 -12 -11 -11 -10 -12 -18 -26 -35 -47 -60 -74 -88 -97 -100 -92 -74 -56 -42 -33 -26 -21 -18 -16 -15 -16 -18 -23 -30 -21 -14 -10 -9 -8 -8 -8 -7 -7 -999 -999 -999
-999 -999 -999 -999 -999 -999 -999 -999 -999 -999 -999 -999 -999 -999 -999 -999 -999 -999 -999 -999 -999 -999 -999 -999 -999 -999 -999 -999 -999 6 -7 -16 -22 -26 -27 -28 -27 -26 -25 -23 -21 -18 -16 -14 -13 -12 -11 -10 -9 -9 -12 -18 -25 -34 -44 -54 -63 -69 -71 -68 -60 -46 -35 -28 -23 -19 -17 -15 -14 -13 -13 -17 -21 -17 -13 -11 -9 -9 -8 -8 -8 -8 -999 -999 -999
-999 -999 -999 -999 -999 -999 -999 -999 -999 -999 -999 -999 -999 -999 -999 -999 -999 -999 -999 -999 -999 -999 -999 -999 -999 -999 -999 -999 -999 -3 -18 -28 -32 -33 -33 -31 -30 -28 -27 -25 -22 -19 -16 -14 -13 -12 -11 -10 -9 -7 -6 -9 -14 -22 -30 -38 -43 -47 -47 -45 -41 -34 -28 -23 -20 -17 -15 -14 -13 -12 -12 -12 -14 -13 -11 -10 -10 -9 -9 -9 -9 -999 -999 -999 -999
-999 -999 -999 -999 -999 -999 -999 -999 -999 -999 -999 -999 -999 -999 -999 -999 -999 -999 -999 -999 -999 -999 -999 -999 -999 -999 -999 -999 -999 -11 -29 -38 -41 -40 -38 -35 -32 -30 -28 -26 -23 -20 -17 -15 -13 -12 -11 -10 -9 -7 -6 -6 -6 -13 -20 -26 -30 -31 -31 -30 -28 -25 -22 -19 -17 -15 -14 -13 -12 -11 -10 -10 -9 -8 -10 -9 -9 -9 -9 -9 -9 -999 -999 -999 -999
-999 -999 -999 -999 -999 -999 -999 -999 -999 -999 -999 -999 -999 -999 -999 -999 -999 -999 -999 -999 -999 -999 -999 -999 -999 -999 -999 -999 -999 -16 -37 -47 -49 -47 -43 -38 -34 -31 -30 -27 -24 -21 -17 -15 -13 -12 -11 -10 -9 -7 -6 -5 -3 -8 -14 -18 -21 -22 -22 -22 -21 -20 -18 -17 -15 -14 -13 -12 -11 -10 -9 -9 -8 -7 -7 -7 -9 -9 -9 -9 -999 -999 -999 -999 -999
-999 -999 -999 -999 -999 -999 -999 -999 -999 -999 -999 -999 -999 -999 -999 -999 -999 -999 -999 -999 -999 -999 -999 -999 -999 -999 -999 -999 -999 -18 -44 -55 -58 -55 -48 -41 -36 -32 -30 -28 -25 -21 -17 -15 -13 -12 -11 -10 -8 -7 -6 -5 -4 -7 -10 -14 -16 -17 -18 -18 -18 -17 -16 -15 -14 -13 -12 -11 -11 -10 -9 -8 -7 -7 -7 -7 -6 -7 -9 -9 -999 -999 -999 -999 -999
-999 -999 -999 -999 -999 -999 -999 -999 -999 -999 -999 -999 -999 -999 -999 -999 -999 -999 -999 -999 -999 -999 -999 -999 -999 -999 -999 -999 -999 -22 -48 -64 -68 -64 -54 -45 -38 -33 -30 -28 -25 -21 -17 -15 -13 -11 -10 -9 -8 -7 -5 -4 -3 -6 -8 -11 -13 -15 -16 -16 -16 -15 -15 -14 -13 -12 -12 -11 -10 -9 -9 -8 -7 -7 -6 -6 -6 -6 -7 -7 -999 -999 -999 -999 -999
-999 -999 -999 -999 -999 -999 -999 -999 -999 -999 -999 -999 -999 -999 -999 -999 -999 -999 -999 -999 -999 -999 -999 -999 -999 -999 -999 -999 -999 -24 -50 -67 -72 -67 -58 -48 -39 -34 -30 -27 -24 -20 -17 -14 -12 -11 -10 -9 -7 -6 -5 -3 -1 -5 -7 -9 -11 -13 -14 -15 -15 -15 -14 -13 -13 -12 -12 -11 -10 -9 -8 -7 -7 -6 -6 -6 -6 -6 -6 -999 -999 -999 -999 -999 -999
-999 -999 -999 -999 -999 -999 -999 -999 -999 -999 -999 -999 -999 -999 -999 -999 -999 -999 -999 -999 -999 -999 -999 -999 -999 -999 -999 -999 -2 -27 -49 -62 -68 -65 -58 -48 -40 -34 -29 -26 -22 -18 -15 -13 -11 -10 -9 -8 -7 -6 -4 -4 -3 -4 -5 -7 -10 -12 -14 -15 -15 -15 -14 -14 -13 -13 -12 -11 -10 -9 -8 -7 -7 -6 -6 -6 -6 -6 -6 -6 -999 -999 -999 -999 -999
-999 -999 -999 -999 -999 -999 -999 -999 -999 -999 -999 -999 -999 -999 -999 -999 -999 -999 -999 -999 -999 -999 -999 -999 -999 -999 -999 6 -14 -33 -47 -55 -59 -60 -56 -48 -40 -33 -27 -23 -19 -16 -14 -12 -10 -9 -8 -7 -6 -5 -4 -4 -3 -3 -3 -6 -9 -11 -14 -15 -16 -16 -15 -15 -14 -13 -13 -12 -11 -9 -8 -7 -7 -6 -6 -6 -6 -6 -6 -999 -999 -999 -999 -999 -999
-999 -999 -999 -999 -999 -999 -999 -999 -999 -999 -999 -999 -999 -999 -999 -999 -999 -999 -999 -999 -999 -999 -999 -999 -999 -999 13 -3 -22 -37 -46 -50 -53 -54 -52 -46 -38 -31 -24 -20 -16 -14 -12 -10 -9 -8 -7 -6 -5 -5 -4 -3 -3 -3 -3 -5 -8 -12 -15 -17 -18 -18 -17 -16 -15 -14 -13 -12 -11 -10 -8 -7 -7 -6 -6 -6 -6 -5 -5 -5 -999 -999 -999 -999 -999
-999 -999 -999 -999 -999 -999 -999 -999 -999 -999 -999 -999 -999 -999 -999 -999 -999 -999 -999 -999 -999 -999 -999 -999 18 15 5 -10 -27 -39 -46 -49 -50 -51 -50 -45 -36 -27 -20 -15 -12 -11 -9 -8 -8 -7 -6 -6 -5 -4 -4 -3 -3 -3 -3 -4 -8 -13 -17 -20 -21 -20 -19 -18 -16 -15 -14 -12 -11 -10 -8 -8 -7 -6 -6 -6 -5 -5 -5 -4 -4 -999 -999 -999 -999
-999 -999 -999 -999 -999 -999 -999 -999 -999 -999 -999 -999 -999 -999 -999 -999 -999 -999 8 11 14 17 17 16 13 9 -1 -16 -31 -41 -46 -48 -49 -50 -49 -44 -36 -24 -16 -11 -8 -8 -7 -7 -6 -6 -6 -5 -4 -4 -3 -3 -3 -3 -3 -4 -9 -15 -21 -24 -25 -24 -22 -20 -18 -16 -13 -13 -12 -10 -9 -8 -7 -6 -6 -5 -5 -5 -4 -4 -4 -4 -4 -999 -999
-999 -999 -999 -999 -999 -999 -999 -999 -999 -999 -999 -999 -999 -999 -999 -999 -1 -2 1 3 6 8 9 9 8 2 -8 -22 -35 -43 -47 -49 -50 -50 -49 -45 -38 -29 -21 -13 -7 -5 -5 -5 -5 -5 -5 -4 -4 -4 -3 -3 -3 -3 -3 -2 -10 -20 -27 -31 -32 -31 -28 -24 -21 -18 -15 -14 -12 -11 -9 -8 -7 -6 -5 -5 -5 -4 -4 -4 -4 -4 -4 -4 -999
-999 -999 -999 -999 -999 -999 -999 -999 -999 -999 -999 -999 -999 -999 -999 -3 -5 -6 -6 -5 -3 -1 0 1 -1 -7 -17 -29 -39 -46 -49 -51 -51 -52 -50 -47 -41 -34 -26 -19 -13 -9 -6 -4 -4 -4 -4 -4 -3 -3 -3 -3 -3 -3 -2 -0 -14 -27 -38 -42 -42 -39 -35 -31 -25 -22 -25 -18 -13 -11 -9 -7 -6 -5 -5 -4 -4 -4 -4 -4 -4 -4 -4 -4 -4
-999 -999 -999 -999 -999 -999 -999 -999 -999 -999 -999 -999 -999 -999 -2 -7 -10 -12 -13 -12 -10 -9 -8 -9 -12 -20 -29 -38 -45 -50 -52 -54 -55 -55 -53 -50 -45 -39 -32 -25 -19 -13 -9 -7 -5 -4 -3 -3 -3 -3 -3 -3 -3 -3 -1 -2 -23 -39 -53 -57 -55 -49 -41 -35 -29 -25 -22 -17 -13 -11 -9 -7 -6 -5 -4 -4 -4 -4 -4 -4 -4 -4 -4 -4 -4
-999 -999 -999 -999 -999 -999 -999 -999 -999 -999 -999 -999 -999 -999 -6 -11 -15 -18 -19 -19 -18 -18 -19 -23 -28 -35 -42 -48 -53 -56 -58 -60 -60 -59 -58 -54 -50 -44 -38 -31 -25 -18 -14 -10 -8 -7 -5 -4 -4 -2 -3 -3 -3 -5 -7 -29 -44 -58 -71 -71 -65 -57 -48 -42 -34 -29 -24 -17 -13 -11 -9 -7 -5 -4 -4 -4 -4 -4 -4 -4 -4 -4 -4 -4 -3
-999 -999 -999 -999 -999 -999 -999 -999 -999 -999 -999 -999 -999 -2 -10 -16 -20 -23 -24 -25 -26 -28 -33 -39 -46 -52 -56 -60 -63 -65 -67 -67 -67 -66 -63 -60 -56 -50 -45 -38 -31 -24 -18 -14 -11 -10 -8 -7 -7 -8 -10 -13 -17 -25 -41 -61 -72 -83 -87 -84 -75 -67 -55 -45 -38 -31 -25 -17 -13 -11 -8 -6 -5 -4 -4 -4 -4 -4 -4 -4 -4 -3 -3 -3 -3
-999 -999 -999 -999 -999 -999 -999 -999 -999 -999 -999 -999 -999 -5 -13 -19 -24 -26 -27 -29 -33 -38 -48 -58 -66 -70 -73 -75 -76 -77 -77 -77 -75 -73 -70 -67 -62 -57 -51 -45 -37 -29 -22 -17 -14 -12 -11 -11 -11 -14 -18 -23 -30 -40 -65 -77 -91 -100 -102 -99 -85 -73 -63 -50 -44 -33 -21 -15 -12 -10 -8 -6 -5 -4 -4 -4 -4 -4 -4 -3 -3 -3 -3 -3 -3
-999 -999 -999 -999 -999 -999 -999 -999 -999 -999 -999 -999 -999 -6 -15 -22 -26 -28 -30 -33 -40 -50 -64 -77 -85 -90 -92 -93 -92 -90 -88 -86 -84 -82 -78 -74 -69 -64 -58 -52 -44 -35 -26 -19 -15 -14 -13 -13 -15 -19 -24 -30 -37 -48 -69 -85 -99 -109 -114 -103 -95 -80 -67 -55 -47 -33 -18 -14 -11 -9 -7 -6 -5 -4 -4 -4 -4 -4 -3 -3 -3 -3 -3 -3 -3
-999 -999 -999 -999 -999 -999 -999 -999 -999 -999 -999 -999 -999 -6 -17 -24 -28 -30 -33 -39 -49 -64 -83 -100 -109 -114 -115 -112 -109 -105 -101 -97 -94 -91 -86 -82 -76 -71 -65 -58 -50 -40 -31 -22 -18 -15 -15 -15 -18 -22 -27 -33 -41 -58 -71 -85 -99 -108 -107 -102 -94 -85 -74 -59 -45 -25 -16 -12 -10 -8 -6 -5 -5 -4 -4 -4 -4 -4 -3 -3 -3 -3 -3 -3 -3
-999 -999 -999 -999 -999 -999 -999 -999 -999 -999 -999 -999 -999 -5 -18 -26 -30 -34 -39 -46 -60 -82 -107 -131 -141 -142 -139 -133 -128 -122 -116 -110 -105 -100 -95 -90 -84 -79 -73 -66 -57 -46 -35 -26 -20 -17 -16 -17 -20 -23 -28 -33 -39 -48 -65 -77 -90 -99 -99 -96 -90 -88 -74 -61 -46 -24 -15 -11 -9 -7 -6 -5 -5 -4 -4 -4 -4 -4 -3 -3 -3 -3 -3 -3 -3
-999 -999 -999 -999 -999 -999 -999 -999 -999 -999 -999 -999 -999 -6 -19 -28 -35 -40 -46 -57 -75 -101 -132 -160 -169 -168 -162 -154 -146 -137 -130 -124 -117 -111 -105 -99 -93 -87 -81 -73 -64 -53 -41 -30 -23 -19 -18 -19 -21 -25 -29 -32 -37 -42 -49 -58 -73 -82 -88 -89 -84 -79 -71 -59 -47 -23 -14 -10 -8 -6 -6 -5 -5 -5 -4 -4 -4 -4 -3 -3 -3 -3 -3 -3 -3
-999 -999 -999 -999 -999 -999 -999 -999 -999 -999 -999 -999 -999 -7 -22 -32 -40 -47 -55 -68 -90 -121 -155 -184 -193 -189 -181 -171 -162 -157 -140 -134 -128 -121 -113 -107 -101 -95 -89 -82 -72 -59 -46 -34 -26 -21 -20 -20 -22 -25 -29 -32 -34 -37 -41 -46 -53 -60 -71 -74 -74 -74 -67 -54 -32 -19 -13 -10 -8 -6 -6 -5 -5 -5 -5 -4 -4 -4 -3 -3 -3 -3 -3 -3 -3
-999 -999 -999 -999 -999 -999 -999 -999 -999 -999 -999 -999 -999 -8 -24 -37 -46 -54 -64 -79 -104 -140 -176 -202 -211 -208 -198 -185 -174 -152 -144 -139 -134 -128 -121 -113 -107 -103 -97 -90 -79 -66 -51 -37 -28 -23 -21 -21 -23 -26 -29 -31 -33 -34 -37 -40 -43 -47 -50 -52 -54 -58 -55 -48 -26 -17 -12 -10 -8 -7 -6 -6 -5 -5 -5 -5 -4 -4 -4 -3 -3 -3 -3 -3 -3
-999 -999 -999 -999 -999 -999 -999 -999 -999 -999 -999 -999 -999 -9 -27 -41 -52 -60 -70 -87 -117 -156 -193 -215 -230 -232 -218 -200 -190 -153 -144 -140 -137 -132 -125 -118 -113 -109 -104 -97 -87 -72 -55 -40 -29 -24 -22 -22 -23 -26 -29 -31 -32 -33 -34 -36 -39 -41 -42 -42 -43 -42 -37 -30 -21 -16 -12 -10 -8 -7 -6 -6 -6 -6 -6 -5 -5 -4 -4 -3 -3 -3 -3 -3 -3
-999 -999 -999 -999 -999 -999 -999 -999 -999 -999 -999 -999 -999 -9 -28 -44 -55 -63 -74 -95 -128 -169 -203 -225 -247 -250 -233 -210 -179 -155 -146 -140 -139 -134 -127 -121 -117 -113 -109 -103 -93 -76 -58 -41 -30 -25 -22 -22 -23 -26 -28 -30 -32 -32 -33 -34 -36 -37 -38 -38 -37 -35 -30 -25 -19 -15 -13 -11 -9 -8 -7 -7 -6 -6 -6 -5 -5 -4 -4 -4 -3 -3 -3 -3 -3
-999 -999 -999 -999 -999 -999 -999 -999 -999 -999 -999 -999 -999 -8 -27 -43 -56 -65 -78 -102 -138 -178 -208 -228 -245 -250 -237 -212 -181 -158 -155 -144 -139 -134 -128 -123 -119 -115 -111 -105 -94 -78 -59 -42 -31 -25 -22 -21 -23 -25 -28 -30 -31 -32 -32 -33 -34 -35 -36 -35 -34 -31 -27 -23 -19 -16 -14 -12 -10 -9 -8 -7 -7 -6 -6 -6 -5 -5 -4 -4 -4 -4 -4 -4 -4
-999 -999 -999 -999 -999 -999 -999 -999 -999 -999 -999 -999 -999 -6 -25 -41 -53 -64 -79 -102 -136 -175 -206 -226 -240 -246 -242 -215 -183 -161 -150 -143 -137 -132 -127 -122 -118 -115 -111 -105 -94 -78 -59 -42 -31 -24 -22 -21 -22 -24 -26 -28 -30 -31 -31 -32 -33 -33 -34 -33 -31 -29 -26 -22 -19 -17 -15 -13 -12 -10 -9 -8 -7 -7 -7 -6 -6 -5 -5 -4 -4 -4 -4 -4 -4
-999 -999 -999 -999 -999 -999 -999 -999 -999 -999 -999 -999 -999 -4 -23 -37 -48 -58 -71 -90 -118 -155 -188 -211 -227 -237 -238 -210 -181 -159 -146 -139 -133 -128 -123 -119 -115 -112 -108 -103 -91 -76 -57 -41 -29 -23 -21 -20 -20 -22 -24 -26 -28 -29 -30 -31 -32 -32 -32 -32 -30 -28 -25 -23 -20 -18 -16 -15 -13 -12 -10 -9 -8 -8 -7 -7 -6 -6 -5 -5 -5 -4 -4 -4 -4
-999 -999 -999 -999 -999 -999 -999 -999 -999 -999 -999 -999 -999 -4 -23 -35 -43 -51 -60 -75 -96 -122 -147 -167 -184 -201 -219 -199 -173 -151 -139 -131 -125 -121 -117 -113 -110 -107 -103 -97 -87 -72 -54 -38 -28 -22 -20 -19 -20 -21 -23 -25 -26 -28 -29 -30 -32 -32 -32 -32 -30 -28 -26 -23 -21 -19 -18 -16 -14 -13 -12 -10 -9 -9 -8 -7 -7 -6 -6 -5 -5 -5 -5 -4 -4
-999 -999 -999 -999 -999 -999 -999 -999 -999 -999 -999 -999 -999 -999 -30 -35 -39 -44 -51 -61 -77 -95 -112 -124 -135 -150 -169 -167 -153 -137 -128 -122 -117 -113 -110 -106 -103 -100 -97 -91 -82 -69 -51 -35 -26 -21 -19 -18 -19 -21 -22 -24 -26 -27 -29 -31 -33 -34 -34 -33 -32 -30 -27 -24 -22 -20 -18 -17 -16 -14 -13 -11 -10 -9 -9 -8 -7 -7 -6 -6 -5 -5 -5 -5 -5
-999 -999 -999 -999 -999 -999 -999 -999 -999 -999 -999 -999 -999 -999 -32 -34 -37 -40 -44 -51 -63 -76 -86 -93 -98 -107 -119 -125 -124 -119 -115 -111 -108 -105 -102 -99 -96 -93 -90 -86 -78 -64 -47 -33 -24 -20 -18 -18 -19 -21 -23 -25 -26 -28 -30 -32 -34 -36 -36 -36 -34 -31 -28 -25 -22 -20 -19 -18 -17 -15 -13 -12 -11 -10 -9 -8 -8 -7 -6 -6 -6 -5 -5 -5 -5
-999 -999 -999 -999 -999 -999 -999 -999 -999 -999 -999 -999 -999 -28 -30 -33 -35 -37 -40 -44 -52 -62 -71 -77 -81 -85 -92 -98 -102 -103 -102 -100 -98 -96 -94 -91 -89 -87 -85 -81 -72 -59 -43 -30 -22 -19 -18 -18 -20 -22 -24 -25 -27 -28 -31 -34 -36 -38 -38 -37 -35 -33 -29 -26 -23 -21 -20 -18 -17 -15 -14 -12 -11 -10 -10 -9 -8 -7 -6 -6 -6 -5 -5 -5 -5
-999 -999 -999 -999 -999 -999 -999 -999 -999 -999 -999 -999 -25 -26 -28 -31 -33 -35 -37 -40 -45 -53 -60 -66 -71 -73 -77 -80 -84 -87 -88 -88 -87 -86 -85 -83 -82 -81 -79 -74 -66 -53 -39 -28 -22 -19 -18 -19 -20 -22 -24 -26 -28 -30 -32 -35 -38 -39 -40 -39 -37 -34 -30 -27 -24 -21 -20 -19 -17 -16 -14 -13 -12 -11 -10 -9 -8 -7 -6 -6 -6 -5 -5 -5 -5
-999 -999 -999 -999 -999 -999 -999 -999 -999 -999 -999 -999 -23 -24 -25 -27 -30 -31 -32 -35 -39 -45 -51 -56 -60 -63 -65 -67 -70 -72 -73 -74 -74 -75 -75 -74 -74 -73 -71 -65 -57 -46 -35 -27 -22 -19 -19 -19 -21 -22 -24 -26 -28 -31 -34 -37 -39 -41 -41 -40 -37 -34 -31 -28 -25 -22 -20 -19 -18 -16 -15 -13 -12 -11 -10 -9 -8 -7 -6 -6 -6 -5 -5 -5 -5
-999 -999 -999 -999 -999 -999 -999 -999 -999 -999 -999 -999 -20 -20 -21 -23 -25 -26 -27 -29 -33 -38 -43 -47 -50 -53 -55 -57 -59 -60 -61 -62 -63 -64 -65 -65 -65 -64 -61 -56 -48 -39 -31 -25 -21 -19 -19 -20 -21 -23 -25 -27 -29 -32 -35 -38 -41 -42 -42 -41 -38 -35 -32 -28 -25 -23 -21 -19 -18 -16 -15 -13 -12 -11 -10 -9 -8 -7 -6 -6 -6 -5 -5 -5 -5
-999 -999 -999 -999 -999 -999 -999 -999 -999 -999 -999 -999 -16 -16 -17 -18 -19 -20 -22 -24 -28 -32 -36 -39 -42 -45 -47 -49 -51 -52 -53 -54 -54 -55 -56 -56 -55 -54 -50 -46 -40 -34 -28 -24 -21 -19 -19 -20 -21 -23 -25 -27 -30 -33 -36 -39 -42 -43 -43 -41 -39 -36 -32 -29 -26 -23 -21 -20 -18 -17 -15 -14 -12 -11 -10 -9 -8 -7 -6 -6 -5 -5 -5 -5 -5
-999 -999 -999 -999 -999 -999 -999 -999 -999 -999 -999 -999 -12 -12 -12 -12 -13 -14 -16 -20 -24 -28 -31 -34 -36 -39 -41 -44 -46 -47 -47 -48 -48 -49 -49 -48 -47 -44 -41 -38 -34 -30 -26 -22 -20 -19 -19 -20 -21 -23 -25 -28 -30 -33 -36 -40 -42 -43 -43 -41 -39 -36 -32 -29 -26 -23 -22 -20 -18 -17 -15 -14 -12 -11 -10 -9 -8 -7 -6 -6 -5 -5 -5 -4 -4
-999 -999 -999 -999 -999 -999 -999 -999 -999 -999 -999 -999 -9 -8 -9 -8 -8 -10 -12 -16 -20 -24 -28 -31 -33 -35 -38 -40 -42 -43 -44 -44 -44 -44 -44 -42 -40 -36 -33 -33 -31 -27 -24 -21 -20 -19 -19 -20 -21 -23 -25 -27 -30 -33 -36 -40 -42 -43 -42 -41 -38 -35 -32 -28 -26 -23 -22 -20 -19 -17 -16 -14 -13 -11 -10 -9 -8 -7 -6 -5 -5 -5 -4 -4 -4
-999 -999 -999 -999 -999 -999 -999 -999 -999 -999 -999 -999 -5 -5 -6 -5 -5 -6 -9 -13 -17 -21 -25 -28 -30 -32 -35 -38 -40 -41 -42 -42 -41 -41 -40 -38 -36 -32 -27 -30 -28 -26 -23 -20 -19 -19 -19 -19 -21 -22 -24 -27 -29 -32 -35 -38 -41 -42 -41 -40 -38 -35 -31 -28 -25 -23 -21 -20 -18 -17 -16 -14 -12 -10 -9 -8 -8 -7 -6 -5 -5 -4 -4 -4 -4
-999 -999 -999 -999 -999 -999 -999 -999 -999 -999 -999 -999 -3 -3 -3 -3 -3 -4 -7 -10 -14 -19 -22 -25 -28 -30 -32 -35 -38 -39 -40 -40 -39 -39 -37 -36 -34 -31 -29 -28 -26 -24 -21 -19 -18 -18 -18 -19 -20 -21 -23 -26 -28 -30 -33 -36 -39 -40 -39 -38 -36 -33 -30 -27 -24 -22 -21 -19 -18 -17 -15 -14 -12 -11 -9 -9 -8 -7 -6 -5 -4 -4 -4 -4 -4
-999 -999 -999 -999 -999 -999 -999 -999 -999 -999 -999 -999 -2 -2 -1 -1 -1 -2 -5 -8 -12 -16 -19 -22 -25 -27 -30 -33 -35 -37 -38 -38 -37 -36 -35 -34 -32 -30 -28 -26 -24 -21 -19 -18 -17 -17 -17 -18 -19 -20 -22 -24 -26 -28 -30 -33 -34 -35 -35 -34 -33 -30 -27 -25 -23 -21 -20 -19 -18 -16 -15 -14 -12 -11 -10 -9 -8 -7 -6 -5 -4 -4 -4 -3 -3
-999 -999 -999 -999 -999 -999 -999 -999 -999 -999 -999 -999 -1 -1 -0 -0 -0 -1 -3 -5 -9 -12 -16 -19 -21 -24 -27 -30 -32 -34 -35 -35 -34 -34 -33 -31 -29 -27 -25 -23 -20 -18 -17 -16 -16 -16 -16 -17 -18 -19 -20 -22 -23 -25 -27 -28 -29 -30 -30 -29 -28 -27 -25 -23 -21 -20 -19 -18 -17 -16 -15 -13 -12 -11 -10 -9 -8 -7 -6 -5 -4 -4 -3 -3 -3
-999 -999 -999 -999 -999 -999 -999 -999 -999 -999 -999 -999 -0 -0 0 0 0 -0 -1 -3 -6 -9 -12 -15 -18 -21 -24 -27 -29 -31 -31 -31 -31 -31 -30 -29 -26 -23 -21 -18 -16 -15 -14 -14 -14 -15 -16 -16 -17 -18 -19 -20 -21 -22 -23 -24 -25 -25 -25 -25 -25 -24 -23 -21 -20 -19 -18 -17 -16 -15 -14 -13 -12 -11 -10 -10 -9 -8 -7 -6 -4 -4 -3 -3 -3
-999 -999 -999 -999 -999 -999 -999 -999 -999 -999 -999 -999 -0 0 1 1 1 1 -0 -2 -4 -7 -9 -12 -14 -17 -20 -24 -26 -28 -28 -28 -28 -28 -27 -25 -22 -19 -16 -14 -12 -12 -12 -12 -13 -14 -15 -16 -16 -17 -18 -19 -19 -20 -21 -22 -22 -22 -22 -22 -22 -22 -21 -20 -19 -18 -17 -16 -16 -15 -14 -13 -12 -11 -10 -10 -9 -8 -7 -6 -4 -4 -3 -3 -3
-999 -999 -999 -999 -999 -999 -999 -999 -999 -999 -999 -999 -0 0 1 1 1 1 1 -1 -2 -4 -6 -9 -11 -13 -17 -20 -23 -25 -26 -26 -26 -26 -24 -22 -18 -15 -12 -10 -9 -9 -10 -11 -12 -13 -14 -15 -16 -16 -17 -18 -18 -19 -19 -20 -20 -21 -21 -21 -21 -20 -20 -19 -18 -17 -17 -16 -15 -14 -13 -12 -11 -11 -10 -10 -9 -8 -7 -6 -4 -4 -3 -3 -3
-999 -999 -999 -999 -999 -999 -999 -999 -999 -999 -999 -999 -0 0 1 1 1 1 1 0 -1 -2 -4 -6 -8 -10 -13 -17 -20 -23 -24 -25 -24 -24 -22 -18 -15 -11 -9 -8 -7 -8 -8 -10 -11 -12 -13 -14 -15 -16 -16 -17 -17 -18 -18 -19 -19 -19 -20 -20 -20 -19 -19 -18 -17 -17 -16 -15 -15 -14 -13 -12 -11 -11 -10 -10 -9 -8 -7 -5 -4 -4 -3 -3 -3
-999 -999 -999 -999 -999 -999 -999 -999 -999 -999 -999 -999 -0 0 1 1 1 1 1 1 0 -1 -3 -5 -6 -8 -10 -14 -17 -20 -22 -23 -22 -21 -18 -15 -11 -9 -7 -6 -6 -6 -7 -9 -10 -11 -12 -13 -14 -15 -16 -16 -17 -17 -17 -18 -18 -18 -19 -19 -19 -18 -17 -17 -16 -16 -15 -15 -14 -13 -12 -12 -11 -11 -10 -10 -9 -8 -6 -5 -4 -4 -3 -3 -3
-999 -999 -999 -999 -999 -999 -999 -999 -999 -999 -999 -999 0 0 1 1 1 1 1 1 0 -1 -2 -3 -5 -6 -8 -10 -13 -16 -18 -19 -19 -17 -14 -12 -9 -7 -6 -5 -5 -6 -6 -7 -9 -10 -11 -12 -13 -14 -15 -15 -16 -16 -16 -16 -17 -17 -17 -17 -17 -16 -16 -15 -15 -14 -14 -14 -13 -12 -12 -11 -11 -10 -10 -9 -8 -7 -6 -5 -4 -3 -3 -3 -3
-999 -999 -999 -999 -999 -999 -999 -999 -999 -999 -999 -999 0 0 1 1 1 1 1 1 0 -1 -2 -3 -4 -5 -6 -8 -10 -12 -14 -14 -14 -13 -11 -9 -7 -6 -5 -5 -5 -5 -6 -7 -7 -8 -9 -10 -12 -13 -13 -14 -14 -15 -15 -15 -15 -16 -16 -15 -15 -14 -14 -13 -13 -12 -12 -12 -12 -11 -11 -10 -10 -10 -9 -8 -7 -6 -5 -4 -4 -3 -3 -3 -3
-999 -999 -999 -999 -999 -999 -999 -999 -999 -999 -999 -999 0 0 0 0 0 0 0 0 -0 -1 -2 -3 -3 -4 -5 -6 -7 -8 -9 -10 -10 -9 -8 -7 -5 -5 -4 -4 -4 -5 -5 -6 -7 -7 -8 -9 -10 -11 -12 -12 -13 -13 -13 -13 -14 -13 -13 -13 -12 -12 -11 -11 -10 -10 -10 -10 -10 -10 -10 -9 -9 -9 -8 -7 -6 -5 -4 -4 -3 -3 -3 -3 -3
-999 -999 -999 -999 -999 -999 -999 -999 -999 -999 -999 -999 0 0 0 0 0 0 0 -0 -1 -1 -2 -3 -3 -3 -4 -5 -5 -6 -6 -7 -7 -6 -6 -5 -4 -4 -4 -4 -4 -5 -5 -6 -6 -6 -7 -8 -8 -9 -10 -11 -11 -11 -12 -12 -11 -11 -11 -10 -10 -10 -9 -9 -9 -9 -8 -9 -9 -9 -9 -8 -8 -7 -7 -6 -6 -5 -4 -4 -3 -3 -3 -3 -3
-999 -999 -999 -999 -999 -999 -999 -999 -999 -999 -999 -999 -0 -0 -0 -0 -0 -0 -0 -1 -1 -2 -2 -3 -3 -3 -3 -4 -4 -5 -5 -5 -5 -5 -4 -4 -4 -4 -4 -4 -4 -4 -5 -5 -6 -6 -6 -7 -7 -8 -9 -9 -10 -10 -10 -10 -10 -9 -9 -8 -8 -8 -8 -8 -8 -8 -8 -8 -8 -8 -7 -7 -7 -6 -6 -6 -5 -4 -4 -3 -3 -3 -3 -3 -3
-999 -999 -999 -999 -999 -999 -999 -999 -999 -999 -999 -999 -0 -0 -0 -0 -0 -1 -1 -1 -1 -2 -2 -2 -3 -3 -3 -3 -4 -4 -4 -4 -4 -4 -4 -4 -4 -4 -4 -4 -4 -4 -5 -5 -5 -6 -6 -6 -7 -7 -8 -8 -8 -9 -8 -8 -8 -8 -8 -8 -7 -7 -7 -7 -7 -7 -7 -7 -7 -7 -7 -6 -6 -6 -5 -5 -4 -4 -3 -3 -3 -3 -3 -3 -3
-999 -999 -999 -999 -999 -999 -999 -999 -999 -999 -999 -999 -1 -1 -1 -1 -1 -1 -1 -1 -1 -2 -2 -2 -3 -3 -3 -3 -3 -3 -3 -3 -3 -3 -3 -3 -3 -3 -3 -4 -4 -4 -4 -5 -5 -5 -6 -6 -6 -6 -7 -7 -7 -7 -7 -7 -7 -7 -7 -7 -7 -7 -7 -7 -7 -7 -7 -7 -6 -6 -6 -5 -5 -5 -5 -4 -4 -3 -3 -3 -3 -3 -3 -3 -3
-999 -999 -999 -999 -999 -999 -999 -999 -999 -999 -999 -999 -1 -1 -1 -1 -1 -1 -1 -1 -1 -2 -2 -2 -2 -3 -3 -3 -3 -3 -3 -3 -3 -3 -3 -3 -3 -3 -3 -3 -4 -4 -4 -5 -5 -5 -5 -5 -6 -6 -6 -6 -6 -7 -6 -6 -6 -6 -6 -6 -6 -6 -6 -6 -6 -6 -6 -6 -6 -5 -5 -5 -4 -4 -4 -4 -3 -3 -3 -3 -3 -3 -3 -3 -3
-999 -999 -999 -999 -999 -999 -999 -999 -999 -999 -999 -999 -1 -1 -1 -1 -1 -1 -1 -1 -2 -2 -2 -2 -2 -3 -3 -3 -3 -3 -3 -3 -3 -3 -3 -3 -3 -3 -3 -3 -3 -4 -4 -4 -5 -5 -5 -5 -5 -5 -5 -6 -6 -6 -6 -6 -6 -6 -6 -6 -6 -6 -6 -6 -6 -6 -6 -5 -5 -5 -4 -4 -4 -4 -3 -3 -3 -3 -3 -3 -3 -3 -3 -3 -3
-999 -999 -999 -999 -999 -999 -999 -999 -999 -999 -999 -999 -1 -1 -1 -1 -1 -1 -1 -2 -2 -2 -2 -2 -2 -2 -3 -3 -3 -3 -3 -3 -3 -3 -3 -3 -3 -3 -3 -3 -3 -3 -4 -4 -4 -5 -5 -5 -5 -5 -5 -5 -5 -5 -5 -5 -5 -5 -5 -5 -5 -5 -5 -5 -5 -5 -5 -5 -4 -4 -4 -3 -3 -3 -3 -3 -3 -3 -3 -3 -3 -3 -3 -3 -3
-999 -999 -999 -999 -999 -999 -999 -999 -999 -999 -999 -999 -1 -1 -1 -1 -1 -2 -2 -2 -2 -2 -2 -2 -2 -2 -2 -3 -3 -3 -3 -3 -3 -3 -3 -3 -3 -3 -3 -3 -3 -3 -4 -4 -4 -4 -5 -5 -5 -5 -5 -5 -5 -5 -5 -5 -5 -5 -5 -5 -5 -5 -5 -5 -5 -5 -4 -4 -4 -4 -3 -3 -3 -3 -3 -3 -3 -3 -3 -3 -3 -3 -3 -3 -3
-999 -999 -999 -999 -999 -999 -999 -999 -999 -999 -999 -999 -2 -2 -2 -2 -2 -2 -2 -2 -2 -2 -2 -2 -2 -2 -2 -3 -3 -3 -3 -3 -3 -3 -3 -3 -3 -3 -3 -3 -3 -3 -3 -4 -4 -4 -4 -4 -4 -4 -5 -5 -5 -5 -5 -5 -5 -5 -5 -5 -5 -5 -5 -4 -4 -4 -4 -4 -3 -3 -3 -3 -3 -3 -3 -3 -3 -3 -3 -3 -3 -3 -3 -2 -2
-999 -999 -999 -999 -999 -999 -999 -999 -999 -999 -999 -999 -2 -2 -2 -2 -2 -2 -2 -2 -2 -2 -2 -2 -2 -2 -2 -3 -3 -3 -3 -3 -3 -3 -3 -3 -3 -3 -3 -3 -3 -3 -3 -4 -4 -4 -4 -4 -4 -4 -4 -4 -4 -4 -4 -4 -4 -4 -4 -4 -4 -4 -4 -4 -4 -3 -3 -3 -3 -3 -3 -3 -3 -3 -3 -3 -3 -3 -3 -3 -3 -2 -2 -2 -2
-999 -999 -999 -999 -999 -999 -999 -999 -999 -999 -999 -999 -2 -2 -2 -2 -2 -2 -2 -2 -2 -2 -2 -2 -2 -2 -2 -3 -3 -3 -3 -3 -3 -3 -3 -3 -3 -3 -3 -3 -3 -3 -3 -3 -4 -4 -4 -4 -4 -4 -4 -4 -4 -4 -4 -4 -4 -4 -4 -4 -4 -4 -4 -4 -3 -3 -3 -3 -3 -3 -3 -3 -3 -3 -3 -3 -3 -3 -3 -2 -2 -2 -2 -2 -2
-999 -999 -999 -999 -999 -999 -999 -999 -999 -999 -999 -999 -2 -2 -2 -2 -2 -2 -2 -2 -2 -2 -2 -2 -2 -2 -3 -3 -3 -3 -3 -3 -3 -3 -3 -3 -3 -3 -3 -3 -3 -3 -3 -3 -3 -4 -4 -4 -4 -4 -4 -4 -4 -4 -4 -4 -4 -4 -4 -4 -4 -4 -4 -3 -3 -3 -3 -3 -3 -3 -3 -3 -3 -3 -3 -3 -3 -3 -2 -2 -2 -2 -2 -2 -2
-999 -999 -999 -999 -999 -999 -999 -999 -999 -999 -999 -999 -2 -2 -2 -2 -2 -2 -2 -2 -2 -2 -2 -3 -3 -3 -3 -3 -3 -3 -3 -3 -3 -3 -3 -3 -3 -3 -3 -3 -3 -3 -3 -3 -3 -3 -3 -4 -4 -4 -4 -4 -4 -4 -4 -4 -4 -4 -4 -4 -4 -4 -3 -3 -3 -3 -3 -3 -3 -3 -3 -3 -3 -3 -3 -3 -3 -2 -2 -2 -2 -2 -2 -2 -2
-999 -999 -999 -999 -999 -999 -999 -999 -999 -999 -999 -999 -2 -2 -2 -2 -2 -2 -2 -2 -2 -3 -3 -3 -3 -3 -3 -3 -3 -3 -3 -3 -3 -3 -3 -3 -3 -3 -3 -3 -3 -3 -3 -3 -3 -3 -3 -3 -3 -4 -4 -4 -4 -4 -4 -4 -4 -4 -4 -3 -3 -3 -3 -3 -3 -3 -3 -3 -3 -3 -3 -3 -3 -3 -3 -2 -2 -2 -2 -2 -2 -2 -2 -2 -2
-999 -999 -999 -999 -999 -999 -999 -999 -999 -999 -999 -999 -3 -3 -3 -3 -3 -3 -3 -3 -3 -3 -3 -3 -3 -3 -3 -3 -3 -3 -3 -3 -3 -3 -3 -3 -3 -3 -3 -3 -3 -3 -3 -3 -3 -3 -3 -3 -3 -3 -3 -3 -4 -4 -4 -4 -3 -3 -3 -3 -3 -3 -3 -3 -3 -3 -3 -3 -3 -3 -2 -2 -2 -2 -2 -2 -2 -2 -2 -2 -2 -2 -2 -2 -2
-999 -999 -999 -999 -999 -999 -999 -999 -999 -999 -999 -999 -3 -3 -3 -3 -3 -3 -3 -3 -3 -3 -3 -3 -3 -3 -3 -3 -3 -3 -3 -3 -3 -3 -3 -3 -3 -3 -3 -3 -3 -3 -3 -3 -3 -3 -3 -3 -3 -3 -3 -3 -3 -3 -3 -3 -3 -3 -3 -3 -3 -3 -3 -3 -3 -3 -3 -3 -2 -2 -2 -2 -2 -2 -2 -2 -2 -2 -2 -2 -2 -2 -2 -2 -2
-999 -999 -999 -999 -999 -999 -999 -999 -999 -999 -999 -999 -3 -3 -3 -3 -3 -3 -3 -3 -3 -3 -3 -3 -3 -3 -3 -3 -3 -3 -3 -3 -3 -3 -3 -3 -3 -3 -3 -3 -3 -3 -3 -3 -3 -3 -3 -3 -3 -3 -3 -3 -3 -3 -3 -3 -3 -3 -3 -3 -3 -3 -3 -3 -3 -3 -3 -2 -2 -2 -2 -2 -2 -2 -2 -2 -2 -2 -2 -2 -2 -2 -2 -2 -2
-999 -999 -999 -999 -999 -999 -999 -999 -999 -999 -999 -999 -3 -3 -3 -3 -3 -3 -3 -3 -3 -3 -3 -3 -3 -3 -3 -3 -3 -3 -3 -3 -3 -3 -3 -3 -3 -3 -3 -3 -3 -3 -3 -3 -3 -3 -3 -3 -3 -3 -3 -3 -3 -3 -3 -3 -3 -3 -3 -3 -3 -3 -3 -3 -3 -3 -2 -2 -2 -2 -2 -2 -2 -2 -2 -2 -2 -2 -2 -2 -2 -2 -2 -2 -2
-999 -999 -999 -999 -999 -999 -999 -999 -999 -999 -999 -999 -3 -3 -3 -3 -3 -3 -3 -3 -3 -3 -3 -3 -3 -3 -3 -3 -3 -3 -3 -3 -3 -3 -3 -3 -3 -3 -3 -3 -3 -3 -3 -3 -3 -3 -3 -3 -3 -3 -3 -3 -3 -3 -3 -3 -3 -3 -3 -3 -3 -3 -3 -3 -3 -3 -2 -2 -2 -2 -2 -2 -2 -2 -2 -2 -2 -2 -2 -2 -2 -2 -2 -2 -2
-999 -999 -999 -999 -999 -999 -999 -999 -999 -999 -999 -999 -3 -3 -3 -3 -3 -3 -3 -3 -3 -3 -3 -3 -3 -3 -3 -3 -3 -3 -3 -3 -3 -3 -3 -3 -3 -3 -3 -3 -3 -3 -3 -3 -3 -3 -3 -3 -3 -3 -3 -3 -3 -3 -3 -3 -3 -3 -3 -3 -3 -3 -3 -3 -3 -2 -2 -2 -2 -2 -2 -2 -2 -2 -2 -2 -2 -2 -2 -2 -2 -2 -2 -2 -2
-999 -999 -999 -999 -999 -999 -999 -999 -999 -999 -999 -999 -3 -3 -3 -3 -3 -3 -3 -3 -3 -3 -3 -3 -3 -3 -3 -3 -3 -3 -3 -3 -3 -3 -3 -3 -3 -3 -3 -3 -3 -3 -3 -3 -3 -3 -3 -3 -3 -3 -3 -3 -3 -3 -3 -3 -3 -3 -3 -3 -3 -3 -3 -3 -2 -2 -2 -2 -2 -2 -2 -2 -2 -2 -2 -2 -2 -2 -2 -2 -2 -2 -2 -2 -2
-999 -999 -999 -999 -999 -999 -999 -999 -999 -999 -999 -999 -3 -3 -3 -3 -3 -3 -3 -3 -3 -3 -3 -3 -3 -3 -3 -3 -3 -3 -3 -3 -3 -3 -3 -3 -3 -3 -3 -3 -3 -3 -3 -3 -3 -3 -3 -3 -3 -3 -3 -3 -3 -3 -3 -3 -3 -3 -3 -3 -3 -3 -3 -3 -2 -2 -2 -2 -2 -2 -2 -2 -2 -2 -2 -2 -2 -2 -2 -2 -2 -2 -2 -2 -2
-999 -999 -999 -999 -999 -999 -999 -999 -999 -999 -999 -999 -3 -3 -3 -3 -3 -3 -3 -3 -3 -3 -3 -3 -3 -3 -3 -3 -3 -3 -3 -3 -3 -3 -3 -3 -3 -3 -3 -3 -3 -3 -3 -3 -3 -3 -3 -3 -3 -3 -3 -3 -3 -3 -3 -3 -3 -3 -3 -3 -3 -3 -3 -2 -2 -2 -2 -2 -2 -2 -2 -2 -2 -2 -2 -2 -2 -2 -2 -2 -2 -2 -2 -2 -2
-999 -999 -999 -999 -999 -999 -999 -999 -999 -999 -999 -999 -3 -3 -3 -3 -3 -3 -3 -3 -3 -3 -3 -3 -3 -3 -3 -3 -3 -3 -3 -3 -3 -3 -3 -3 -3 -3 -3 -3 -3 -3 -3 -3 -3 -3 -3 -3 -3 -3 -3 -3 -3 -3 -3 -3 -3 -3 -3 -3 -3 -3 -3 -2 -2 -2 -2 -2 -2 -2 -2 -2 -2 -2 -2 -2 -2 -2 -2 -2 -2 -2 -2 -2 -2
-999 -999 -999 -999 -999 -999 -999 -999 -999 -999 -999 -999 -3 -3 -3 -3 -3 -3 -3 -3 -3 -3 -3 -3 -3 -3 -3 -3 -3 -3 -3 -3 -3 -3 -3 -3 -3 -3 -3 -3 -3 -3 -3 -3 -3 -3 -3 -3 -3 -3 -3 -3 -3 -3 -3 -3 -3 -3 -3 -3 -3 -3 -3 -2 -2 -2 -2 -2 -2 -2 -2 -2 -2 -2 -2 -2 -2 -2 -2 -2 -2 -2 -2 -2 -2
-999 -999 -999 -999 -999 -999 -999 -999 -999 -999 -999 -999 -3 -3 -3 -3 -3 -3 -3 -3 -3 -3 -3 -3 -3 -3 -3 -3 -3 -3 -3 -3 -3 -3 -3 -3 -3 -3 -3 -3 -3 -3 -3 -3 -3 -3 -3 -3 -3 -3 -3 -3 -3 -3 -3 -3 -3 -3 -3 -3 -3 -3 -2 -2 -2 -2 -2 -2 -2 -2 -2 -2 -2 -2 -2 -2 -2 -2 -2 -2 -2 -2 -2 -2 -2
-999 -999 -999 -999 -999 -999 -999 -999 -999 -999 -999 -999 -3 -3 -3 -3 -3 -3 -3 -3 -3 -3 -3 -3 -3 -3 -3 -3 -3 -3 -3 -3 -3 -3 -3 -3 -3 -3 -3 -3 -3 -3 -3 -3 -3 -3 -3 -3 -3 -3 -3 -3 -3 -3 -3 -3 -3 -3 -3 -3 -3 -3 -2 -2 -2 -2 -2 -2 -2 -2 -2 -2 -2 -2 -2 -2 -2 -2 -2 -2 -2 -2 -2 -2 -2
-999 -999 -999 -999 -999 -999 -999 -999 -999 -999 -999 -999 -3 -3 -3 -3 -3 -3 -3 -3 -3 -3 -3 -3 -3 -3 -3 -3 -3 -3 -3 -3 -3 -3 -3 -3 -3 -3 -3 -3 -3 -3 -3 -3 -3 -3 -3 -3 -3 -3 -3 -3 -3 -3 -3 -3 -3 -3 -3 -3 -3 -3 -2 -2 -2 -2 -2 -2 -2 -2 -2 -2 -2 -2 -2 -2 -2 -2 -2 -2 -2 -2 -2 -2 -2
-999 -999 -999 -999 -999 -999 -999 -999 -999 -999 -999 -999 -3 -3 -3 -3 -3 -3 -3 -3 -3 -3 -3 -3 -3 -3 -3 -3 -3 -3 -3 -3 -3 -3 -3 -3 -3 -3 -3 -3 -3 -3 -3 -3 -3 -3 -3 -3 -3 -3 -3 -3 -3 -3 -3 -3 -3 -3 -3 -3 -3 -3 -2 -2 -2 -2 -2 -2 -2 -2 -2 -2 -2 -2 -2 -2 -2 -2 -2 -2 -2 -2 -2 -2 -2
