-999 -999 -999 -999 -999 -999 -999 -999 -999 -999 -999 -999 -999 -999 -999 -999 -999 -999 -999 -999 -999 -999 -999 -999 -999 -999 -999 458 459 460 459 462 493 554 605 634 654 687 752 812 838 863 900 920 920 920 926 932 920 912 891 859 863 899 925 930 926 921 909 912 920 923 922 922 921 919 914 909 903 902 906 904 907 -999 -999 -999 -999 -999 -999 -999 -999 -999 -999 -999 -999
-999 -999 -999 -999 -999 -999 -999 -999 -999 -999 -999 -999 -999 -999 -999 -999 -999 -999 -999 -999 -999 -999 -999 -999 -999 -999 456 458 459 459 457 451 462 517 571 599 625 662 694 746 785 833 885 912 912 904 895 904 898 881 852 821 845 885 911 924 923 916 912 915 919 921 922 922 921 917 912 906 896 897 908 910 -999 -999 -999 -999 -999 -999 -999 -999 -999 -999 -999 -999 -999
-999 -999 -999 -999 -999 -999 -999 -999 -999 -999 -999 -999 -999 -999 -999 -999 -999 -999 -999 -999 -999 -999 -999 -999 -999 -999 454 456 456 457 457 454 465 497 544 567 609 657 692 721 749 807 863 864 875 865 842 858 874 852 815 800 825 856 884 917 921 914 903 900 912 920 921 921 919 914 911 908 902 904 913 -999 -999 -999 -999 -999 -999 -999 -999 -999 -999 -999 -999 -999 -999
-999 -999 -999 -999 -999 -999 -999 -999 -999 -999 -999 -999 -999 -999 -999 -999 -999 -999 -999 -999 -999 -999 -999 -999 -999 456 455 453 453 453 455 455 451 468 548 599 614 658 701 732 752 784 813 802 799 785 771 822 872 823 775 773 794 819 841 864 878 892 883 871 895 912 918 921 916 910 907 908 911 910 912 -999 -999 -999 -999 -999 -999 -999 -999 -999 -999 -999 -999 -999 -999
-999 -999 -999 -999 -999 -999 -999 -999 -999 -999 -999 -999 -999 -999 -999 -999 -999 -999 -999 -999 -999 -999 -999 457 461 460 459 455 452 451 452 453 451 479 564 621 604 620 666 722 733 743 771 776 742 706 710 745 783 772 731 733 745 772 796 809 823 854 873 872 886 906 915 920 913 905 902 901 906 910 909 -999 -999 -999 -999 -999 -999 -999 -999 -999 -999 -999 -999 -999 -999
-999 -999 -999 -999 -999 -999 -999 -999 -999 -999 -999 -999 -999 -999 -999 -999 -999 -999 -999 -999 -999 444 448 454 458 460 459 456 451 448 447 451 454 469 519 547 551 568 605 649 680 704 754 779 728 682 661 655 704 731 711 690 697 728 746 740 752 837 891 883 883 899 915 919 913 908 903 899 905 912 -999 -999 -999 -999 -999 -999 -999 -999 -999 -999 -999 -999 -999 -999 -999
-999 -999 -999 -999 -999 -999 -999 -999 -999 -999 -999 -999 -999 -999 -999 -999 515 470 441 436 441 444 447 452 456 459 459 457 450 442 441 445 447 447 445 466 483 539 573 598 638 682 730 741 705 658 624 612 654 710 675 637 651 679 681 657 702 799 866 875 870 895 916 916 913 912 908 908 911 913 912 -999 -999 -999 -999 -999 -999 -999 -999 -999 -999 -999 -999 -999 -999
-999 -999 -999 -999 -999 -999 -999 -999 -999 -999 -999 -999 -999 -999 585 570 563 490 439 435 440 443 445 448 452 455 459 459 448 439 438 439 441 442 441 439 462 533 577 591 616 652 704 699 676 627 579 566 592 618 610 591 600 622 632 620 686 774 839 870 882 897 913 913 912 911 911 914 917 915 913 913 -999 -999 -999 -999 -999 -999 -999 -999 -999 -999 -999 -999 -999
-999 -999 -999 -999 -999 -999 -999 -999 -999 -999 -999 656 633 615 593 572 537 476 431 434 438 438 440 443 447 447 448 448 443 438 435 435 437 439 439 438 461 511 554 575 581 597 627 647 652 589 533 547 551 550 562 566 573 587 604 630 694 767 823 880 888 895 902 906 910 911 912 915 917 914 914 914 915 -999 -999 -999 -999 -999 -999 -999 -999 -999 -999 -999 -999
-999 -999 -999 -999 -999 -999 -999 -999 740 702 686 673 638 612 596 572 511 451 432 434 434 432 434 437 440 438 435 434 431 429 429 431 434 435 436 436 435 461 512 547 540 528 546 570 573 543 521 539 545 533 533 544 547 573 595 634 690 749 805 849 870 884 893 899 906 911 914 917 912 907 909 914 917 918 920 920 -999 -999 -999 -999 -999 -999 -999 -999 -999
-999 -999 -999 -999 813 -999 -999 774 751 705 670 651 629 614 607 580 517 451 433 433 434 432 432 432 434 434 432 427 421 420 420 425 429 431 432 432 431 446 485 516 512 508 516 517 522 518 545 568 542 506 517 541 554 570 592 627 672 715 772 824 851 875 891 898 906 912 915 917 908 897 904 911 916 919 920 920 919 917 -999 -999 -999 -999 -999 -999 -999
-999 -999 872 846 833 852 828 772 731 684 638 626 609 612 615 589 535 481 447 434 434 435 434 433 431 432 430 426 422 417 416 419 424 427 429 428 427 435 459 488 495 501 516 524 526 536 584 613 569 526 551 556 567 579 586 603 635 665 717 787 837 872 899 900 903 911 916 916 910 906 908 911 916 920 920 920 919 919 -999 -999 -999 -999 -999 -999 -999
947 905 880 859 828 822 799 751 701 656 637 634 614 610 614 593 557 493 444 435 435 434 434 432 429 427 426 425 422 418 419 420 421 424 425 424 423 421 430 479 506 513 524 536 544 565 603 627 599 594 649 668 632 600 559 556 599 634 690 770 827 864 892 898 899 910 918 915 912 913 914 915 918 919 919 917 911 910 914 912 -999 -999 -999 -999 -999
956 908 869 843 806 772 762 734 700 647 658 675 664 648 630 612 567 487 434 434 435 431 428 427 425 423 422 420 416 416 420 422 422 423 423 422 420 418 441 483 513 523 528 536 551 584 611 664 677 704 761 769 729 676 605 553 580 633 702 775 817 858 886 901 907 914 918 915 912 912 914 918 920 913 910 909 901 903 913 910 -999 -999 -999 -999 -999
943 897 842 833 814 782 755 742 726 702 704 716 711 694 671 651 574 470 432 432 432 429 424 423 422 419 417 413 408 410 413 417 420 422 423 423 420 417 445 480 484 494 517 531 561 603 652 725 788 803 836 814 795 750 677 615 594 639 710 767 803 841 873 909 914 918 916 913 910 908 908 910 911 904 898 907 907 910 917 912 899 883 -999 -999 -999
924 888 853 845 837 797 763 750 744 744 737 732 726 718 706 678 602 513 457 430 431 432 428 424 419 413 410 407 404 405 405 412 417 420 423 424 422 422 437 454 445 452 493 520 576 632 698 770 811 844 865 847 822 784 731 641 568 638 712 754 788 818 847 878 900 913 915 912 912 909 902 900 902 899 902 912 918 917 918 912 905 892 -999 -999 -999
-999 885 873 864 839 800 769 753 743 742 742 744 742 732 720 687 634 555 471 430 432 435 431 426 419 412 408 403 403 404 406 410 414 417 420 420 420 415 417 425 424 446 486 532 589 644 709 792 819 840 837 834 837 829 780 707 654 672 709 739 771 802 827 854 884 892 894 904 915 910 898 892 895 899 906 914 918 919 917 914 909 900 887 -999 -999
-999 881 869 867 838 795 770 752 743 740 743 750 749 739 733 701 658 586 492 434 431 431 430 426 420 414 411 407 405 405 406 409 412 415 415 414 414 410 407 408 412 459 503 555 607 638 680 723 755 790 804 798 803 808 807 791 762 760 754 747 759 794 820 838 863 868 868 886 902 897 888 885 888 894 904 914 918 920 917 914 915 914 902 -999 -999
-999 870 848 838 821 794 769 748 744 740 744 758 749 733 716 697 681 635 562 503 461 440 430 427 422 418 415 412 408 406 407 408 410 412 411 410 409 408 406 405 428 477 527 582 632 640 654 645 665 690 711 744 767 778 790 794 812 823 792 772 776 795 806 814 828 837 849 872 887 874 863 874 879 889 900 911 918 920 917 914 912 913 -999 -999 -999
-999 -999 845 825 817 801 779 759 747 739 736 740 736 723 695 671 669 657 615 556 509 487 463 437 426 420 416 414 410 407 407 407 408 408 408 407 406 405 403 401 447 498 541 591 631 640 637 616 606 607 616 694 744 771 788 810 834 836 814 792 781 788 798 804 808 812 832 855 861 851 849 864 874 885 896 910 920 920 917 912 907 -999 -999 -999 -999
-999 -999 872 839 818 806 791 772 757 740 725 721 724 704 663 642 674 680 628 575 544 531 492 453 433 424 417 418 416 414 411 405 404 404 404 404 404 403 401 414 467 517 539 576 596 614 601 579 580 590 621 688 743 777 802 826 854 854 838 822 807 797 794 804 811 817 828 840 838 832 848 864 871 879 895 913 921 920 917 911 -999 -999 -999 -999 -999
-999 -999 865 839 815 803 789 773 761 739 720 697 696 668 617 607 629 645 634 594 555 528 500 459 440 430 423 420 421 421 414 405 400 401 401 402 402 401 399 434 487 517 532 548 560 571 547 525 565 584 655 729 767 794 817 837 853 852 850 849 838 824 816 820 821 826 837 847 845 837 853 872 882 888 901 919 922 920 916 -999 -999 -999 -999 -999 -999
-999 -999 -999 828 814 801 780 759 745 731 700 652 630 607 570 572 572 581 578 569 547 528 513 491 474 450 425 419 421 423 413 399 396 398 399 399 400 399 401 432 483 508 518 525 533 525 496 510 568 616 689 767 789 811 824 841 848 849 850 850 850 845 838 850 857 855 854 867 879 878 881 887 897 905 913 923 920 920 -999 -999 -999 -999 -999 -999 -999
-999 -999 -999 828 812 796 766 741 735 726 699 652 600 560 561 577 572 549 534 539 530 528 526 531 521 499 471 444 425 422 409 397 395 395 396 398 398 399 399 408 441 477 499 502 501 496 478 516 581 650 713 764 794 816 826 836 837 840 848 853 864 868 868 878 892 891 890 897 909 911 909 906 910 915 921 919 914 -999 -999 -999 -999 -999 -999 -999 -999
-999 -999 -999 820 808 782 749 730 727 721 714 684 635 587 575 596 581 553 536 530 529 530 529 532 540 541 524 488 460 438 414 398 395 394 395 396 397 398 397 397 419 457 487 503 505 494 482 513 561 623 700 764 796 816 829 831 827 833 845 856 877 897 890 889 898 908 915 918 919 918 919 917 916 919 923 907 -999 -999 -999 -999 -999 -999 -999 -999 -999
-999 -999 817 812 803 771 735 722 719 712 704 687 660 617 581 574 570 551 536 525 526 529 529 529 534 539 536 514 485 466 444 411 393 392 393 394 396 396 395 396 411 438 478 515 530 531 521 520 532 572 648 735 791 815 836 836 834 837 846 861 880 894 897 896 901 908 910 916 922 923 922 920 919 920 -999 -999 -999 -999 -999 -999 -999 -999 -999 -999 -999
-999 -999 801 808 794 762 735 727 719 704 694 669 641 604 562 551 562 556 542 527 525 528 526 524 532 542 540 526 508 492 463 413 384 388 390 393 395 395 394 395 395 419 460 498 532 562 553 541 567 585 637 729 768 781 806 830 842 841 845 856 875 897 907 905 904 905 902 908 919 923 923 923 -999 -999 -999 -999 -999 -999 -999 -999 -999 -999 -999 -999 -999
-999 -999 -999 815 791 759 740 731 715 696 676 649 621 584 544 550 561 564 554 534 520 519 522 522 530 539 545 544 530 513 468 414 384 385 389 392 394 394 394 395 396 421 451 481 516 550 566 576 614 640 672 731 736 737 769 799 820 833 838 841 859 888 909 909 904 908 908 909 919 923 -999 -999 -999 -999 -999 -999 -999 -999 -999 -999 -999 -999 -999 -999 -999
-999 -999 -999 811 788 760 744 732 705 682 656 628 599 566 544 547 553 557 556 528 502 510 516 522 529 540 551 548 532 517 476 423 398 385 387 391 393 394 395 395 403 428 455 479 505 558 596 604 626 650 675 696 704 717 748 776 801 821 829 831 853 884 901 905 908 914 915 909 912 920 -999 -999 -999 -999 -999 -999 -999 -999 -999 -999 -999 -999 -999 -999 -999
-999 -999 -999 790 766 753 745 722 688 658 630 604 581 551 550 552 549 553 541 513 491 494 515 522 529 539 554 544 522 491 453 423 400 382 385 389 392 395 395 395 407 428 454 476 502 541 586 605 616 622 638 665 679 703 736 763 787 810 824 835 863 891 899 905 913 919 917 907 -999 -999 -999 -999 -999 -999 -999 -999 -999 -999 -999 -999 -999 -999 -999 -999 -999
-999 -999 791 772 742 747 747 707 664 629 597 579 568 552 558 561 544 538 514 498 464 447 462 493 523 532 530 496 477 459 424 405 385 381 383 386 390 392 393 395 403 418 453 480 491 511 541 565 588 597 603 647 678 714 741 749 771 802 826 847 873 894 904 912 918 924 921 -999 -999 -999 -999 -999 -999 -999 -999 -999 -999 -999 -999 -999 -999 -999 -999 -999 -999
-999 -999 -999 771 750 740 742 684 634 606 572 568 568 562 562 554 530 501 460 436 422 388 403 431 462 490 478 431 413 408 396 391 376 382 386 385 387 390 391 397 404 421 461 488 492 501 515 529 581 613 631 656 693 738 758 756 768 804 838 857 880 897 911 917 922 924 924 -999 -999 -999 -999 -999 -999 -999 -999 -999 -999 -999 -999 -999 -999 -999 -999 -999 -999
-999 -999 -999 780 740 706 690 657 615 588 567 568 569 564 559 544 524 486 422 389 394 387 387 389 404 433 423 391 377 369 381 388 387 388 386 382 382 385 388 400 409 421 447 475 487 497 512 530 570 632 658 676 701 742 760 757 775 809 839 862 883 903 917 912 918 924 924 -999 -999 -999 -999 -999 -999 -999 -999 -999 -999 -999 -999 -999 -999 -999 -999 -999 -999
-999 -999 743 758 711 661 661 649 613 579 568 566 566 564 552 533 524 508 467 413 388 387 385 389 397 400 392 382 372 364 377 395 399 400 397 390 380 380 384 392 403 409 421 460 486 499 512 509 525 571 623 669 693 717 739 750 781 812 837 860 878 902 910 896 900 916 923 923 -999 -999 -999 -999 -999 -999 -999 -999 -999 -999 -999 -999 -999 -999 -999 -999 -999
-999 -999 745 727 684 657 654 644 606 572 570 567 565 565 539 512 513 524 497 422 380 380 381 388 395 399 397 381 367 364 371 386 402 410 412 408 390 379 379 380 394 406 427 462 491 505 514 502 487 514 570 641 691 714 730 755 784 810 830 854 864 880 875 867 890 916 923 923 -999 -999 -999 -999 -999 -999 -999 -999 -999 -999 -999 -999 -999 -999 -999 -999 -999
-999 -999 764 723 675 656 650 642 618 588 572 568 565 557 523 487 508 525 469 399 375 374 379 388 395 402 403 378 359 363 365 385 408 416 420 413 391 378 377 378 390 408 439 473 493 508 511 503 508 535 570 642 714 735 753 769 790 801 814 824 833 843 842 844 873 903 917 922 909 -999 -999 -999 -999 -999 -999 -999 -999 -999 -999 -999 -999 -999 -999 -999 -999
-999 -999 762 727 697 688 673 659 646 600 570 563 562 544 511 481 477 486 439 376 371 368 379 389 397 405 399 378 359 364 371 390 412 421 426 413 394 382 377 377 384 405 444 478 494 508 505 500 524 558 599 657 704 740 775 786 798 794 796 788 790 803 811 828 853 881 904 914 909 -999 -999 -999 -999 -999 -999 -999 -999 -999 -999 -999 -999 -999 -999 -999 -999
-999 -999 773 752 734 724 711 696 664 606 559 555 552 536 509 446 412 411 392 371 365 367 380 390 397 407 403 390 372 365 376 389 398 403 412 413 401 387 377 377 376 405 445 472 491 501 499 498 513 544 604 657 671 694 738 778 794 784 772 755 751 771 788 812 837 865 898 906 903 -999 -999 -999 -999 -999 -999 -999 -999 -999 -999 -999 -999 -999 -999 -999 -999
-999 -999 801 798 780 766 739 729 678 617 577 555 546 541 511 442 381 371 370 365 359 368 382 388 391 395 397 395 373 358 378 394 386 380 399 413 403 385 378 377 383 414 448 468 489 496 497 491 488 530 596 641 650 651 699 747 748 751 739 717 714 726 763 800 821 845 873 891 898 905 -999 -999 -999 -999 -999 -999 -999 -999 -999 -999 -999 -999 -999 -999 -999
-999 802 821 827 819 788 745 711 664 619 587 557 545 540 503 437 394 377 369 362 357 369 381 379 381 382 383 375 359 362 385 393 380 374 396 425 399 376 374 376 393 420 445 465 482 492 496 478 468 524 591 638 661 663 678 699 702 707 710 698 686 673 752 813 829 835 853 882 899 909 910 -999 -999 -999 -999 -999 -999 -999 -999 -999 -999 -999 -999 -999 -999
-999 783 844 850 849 802 745 684 637 603 580 557 539 528 500 451 406 377 373 370 363 366 371 366 369 379 379 362 348 371 396 394 376 372 388 397 383 368 370 373 401 428 441 460 469 476 475 460 463 514 566 604 653 650 641 644 648 673 698 703 700 707 766 838 843 848 857 877 900 913 909 -999 -999 -999 -999 -999 -999 -999 -999 -999 -999 -999 -999 -999 -999
-999 -999 764 856 871 819 763 697 631 595 576 562 547 531 515 474 416 379 375 377 360 352 353 352 366 386 382 365 362 384 405 405 397 384 381 375 368 366 367 381 411 429 433 444 452 458 457 449 468 503 524 549 579 591 591 590 598 645 682 702 718 732 766 804 829 846 850 866 897 918 919 -999 -999 -999 -999 -999 -999 -999 -999 -999 -999 -999 -999 -999 -999
-999 -999 -999 878 879 831 777 715 654 610 580 570 559 545 529 488 423 379 370 365 355 341 338 343 367 390 383 369 382 403 416 422 416 396 382 370 362 364 366 387 414 418 417 424 435 443 446 449 466 491 498 507 522 542 543 540 564 620 669 692 708 718 741 774 802 813 822 857 903 920 920 -999 -999 -999 -999 -999 -999 -999 -999 -999 -999 -999 -999 -999 -999
-999 -999 -999 889 886 837 777 718 666 613 587 577 567 555 544 518 470 404 364 361 358 345 335 342 368 384 380 378 398 420 430 437 417 395 380 365 359 361 369 390 408 403 399 409 420 432 440 450 464 471 469 478 492 507 504 488 517 560 637 689 687 684 705 740 769 780 792 839 887 901 918 911 -999 -999 -999 -999 -999 -999 -999 -999 -999 -999 -999 -999 -999
-999 563 631 761 847 841 774 717 672 623 606 585 572 560 550 541 498 411 363 360 358 344 327 331 347 365 378 393 411 423 432 437 413 389 379 365 358 357 370 389 394 387 386 396 408 425 437 450 463 466 464 462 460 484 500 507 511 518 631 714 695 672 678 707 730 744 770 816 850 855 870 894 900 -999 -999 -999 -999 -999 -999 -999 -999 -999 -999 -999 -999
-999 567 573 718 868 861 808 747 689 654 640 619 591 568 553 543 474 394 364 356 356 351 334 318 319 342 360 388 415 420 422 420 407 390 382 370 357 354 367 385 381 375 380 386 401 421 433 443 455 464 466 467 466 491 516 550 571 608 679 723 707 699 714 723 714 710 735 771 804 815 838 879 885 -999 -999 -999 -999 -999 -999 -999 -999 -999 -999 -999 -999
-999 575 642 800 916 892 857 796 737 703 680 649 616 586 560 527 453 388 373 360 361 367 338 313 317 332 350 379 405 417 419 414 410 392 379 370 354 349 358 368 369 369 375 383 403 423 427 432 448 462 469 473 485 512 540 580 626 676 726 743 740 744 753 763 761 748 729 723 777 809 841 878 876 -999 -999 -999 -999 -999 -999 -999 -999 -999 -999 -999 -999
-999 717 759 889 939 920 884 833 789 752 720 675 637 595 560 530 477 415 380 367 364 358 328 302 319 336 358 381 403 425 426 419 409 389 376 379 372 356 349 356 363 365 369 382 406 422 428 433 449 467 473 478 492 520 562 596 637 685 735 777 793 807 818 816 815 795 773 765 782 814 840 864 866 -999 -999 -999 -999 -999 -999 -999 -999 -999 -999 -999 -999
952 905 898 955 954 952 904 851 808 775 743 696 653 613 573 553 526 440 380 369 363 341 311 307 327 344 365 387 406 428 426 422 405 386 385 393 386 361 351 356 361 359 360 369 387 410 430 441 455 468 477 483 486 503 553 599 638 681 727 771 815 859 879 875 865 834 810 786 782 819 851 861 866 869 -999 -999 -999 -999 -999 -999 -999 -999 -999 -999 -999
1016 993 966 957 956 946 912 867 816 774 746 710 669 633 591 559 512 435 374 367 360 336 304 316 338 354 372 389 406 417 416 411 398 386 394 402 377 353 353 358 357 353 351 350 360 389 413 434 455 471 482 488 488 507 549 589 614 654 712 767 813 858 884 908 903 867 838 812 801 835 873 878 882 883 887 -999 -999 -999 -999 -999 -999 -999 -999 -999 -999
1073 1024 987 971 961 947 924 887 840 791 758 726 676 635 594 552 485 410 376 364 357 343 322 317 333 359 376 390 405 406 406 398 384 381 391 393 363 339 346 354 349 344 342 340 354 377 397 418 441 464 483 499 505 555 598 598 578 618 674 732 793 851 873 893 891 879 867 844 845 866 885 895 897 895 895 -999 -999 -999 -999 -999 -999 -999 -999 -999 -999
1108 1055 1003 985 970 956 939 916 878 833 793 737 676 631 592 549 484 403 374 358 352 345 322 297 307 332 360 386 398 392 389 382 371 372 378 368 346 334 339 341 335 330 330 332 356 380 393 408 431 458 474 487 524 608 661 662 651 636 643 688 747 809 856 879 886 887 885 876 876 885 893 902 904 903 -999 -999 -999 -999 -999 -999 -999 -999 -999 -999 -999
1149 1103 1074 1040 990 966 955 943 915 868 822 744 674 629 590 563 519 449 388 356 347 338 315 289 291 303 343 378 385 378 371 367 362 362 362 350 333 328 327 325 319 315 313 323 349 377 389 403 429 455 462 468 511 578 650 711 719 684 679 705 728 787 853 877 891 902 912 905 899 899 902 907 909 909 -999 -999 -999 -999 -999 -999 -999 -999 -999 -999 -999
1176 1157 1161 1140 1072 1017 997 980 942 892 836 756 671 623 583 568 551 473 391 357 340 330 312 295 291 300 333 373 374 371 354 346 352 350 355 353 338 319 311 309 306 305 300 310 330 359 383 402 427 447 456 466 495 530 605 673 700 699 721 752 779 817 856 883 903 910 920 917 914 912 913 914 -999 -999 -999 -999 -999 -999 -999 -999 -999 -999 -999 -999 -999
1201 1194 1202 1193 1141 1089 1081 1061 986 914 866 803 733 657 589 570 548 495 417 355 326 332 325 307 289 291 314 334 346 349 327 318 341 350 360 369 345 321 306 298 300 303 304 307 317 352 384 400 420 440 453 476 505 544 595 640 683 706 735 775 813 841 857 876 896 912 917 913 910 913 918 919 -999 -999 -999 -999 -999 -999 -999 -999 -999 -999 -999 -999 -999
-999 1223 1225 1210 1175 1159 1167 1128 1048 984 935 872 809 741 653 593 567 543 458 372 340 346 344 324 306 295 294 295 307 308 296 311 344 362 373 374 347 319 301 288 294 301 305 305 317 342 374 393 412 439 461 493 518 566 617 648 681 714 735 765 802 834 847 859 880 898 907 908 905 904 910 917 917 -999 -999 -999 -999 -999 -999 -999 -999 -999 -999 -999 -999
-999 -999 1234 1236 1227 1211 1207 1165 1103 1069 1032 957 877 796 690 613 584 559 475 364 360 366 373 359 317 296 287 284 283 278 276 317 354 369 384 373 349 320 294 282 288 295 297 299 309 324 364 396 419 446 483 523 557 597 637 647 668 706 735 758 790 814 828 846 867 885 900 906 900 895 905 915 916 -999 -999 -999 -999 -999 -999 -999 -999 -999 -999 -999 -999
-999 -999 1239 1243 1240 1235 1233 1204 1161 1128 1109 1022 923 832 732 649 594 560 504 439 410 396 426 435 381 328 290 276 285 291 299 329 359 370 378 360 346 316 283 281 286 288 289 293 302 322 369 410 429 451 488 539 593 627 645 650 670 708 739 751 773 791 810 835 859 873 888 899 893 891 900 910 917 -999 -999 -999 -999 -999 -999 -999 -999 -999 -999 -999 -999
-999 -999 1241 1252 1236 1225 1224 1224 1209 1169 1130 1067 979 879 783 689 615 582 554 518 481 460 470 479 442 389 349 314 304 315 323 341 351 361 358 335 315 291 271 279 285 285 286 289 295 334 385 414 430 451 479 524 596 652 651 652 687 728 733 732 747 765 788 819 848 854 864 876 881 886 893 900 907 -999 -999 -999 -999 -999 -999 -999 -999 -999 -999 -999 -999
-999 1218 1240 1248 1235 1218 1215 1215 1195 1173 1161 1137 1049 949 829 711 636 604 573 541 520 496 479 463 441 421 404 359 327 316 319 338 332 334 319 302 286 266 266 278 283 283 284 286 294 342 399 411 421 441 465 528 617 660 658 661 697 745 712 696 724 745 768 801 828 842 849 861 873 880 887 891 896 -999 -999 -999 -999 -999 -999 -999 -999 -999 -999 -999 -999
1210 1223 1243 1250 1243 1228 1216 1204 1185 1169 1159 1146 1091 1017 854 712 653 620 581 540 513 493 472 450 430 409 391 367 329 294 279 291 304 298 282 271 272 259 267 279 281 281 281 282 299 337 380 406 417 430 453 541 631 660 664 653 661 685 679 668 714 743 753 777 816 841 845 851 863 874 880 883 889 -999 -999 -999 -999 -999 -999 -999 -999 -999 -999 -999 -999
1217 1223 1236 1248 1252 1232 1213 1204 1190 1159 1153 1141 1103 1015 859 713 663 624 583 539 512 490 474 455 435 406 379 367 339 293 244 258 283 274 257 259 270 271 274 279 279 278 278 279 309 338 374 414 432 441 477 552 626 654 666 633 604 644 667 708 747 740 724 745 786 822 834 837 853 866 870 873 881 892 -999 -999 -999 -999 -999 -999 -999 -999 -999 -999 -999
1213 1221 1234 1253 1252 1234 1218 1211 1190 1116 1077 1088 1105 1018 872 743 658 619 588 555 539 515 486 464 461 445 411 384 351 307 270 260 264 254 241 257 270 278 277 279 281 280 277 288 325 355 384 421 441 455 506 572 611 649 654 616 610 654 694 763 818 793 760 742 758 799 826 838 847 856 858 861 870 879 899 -999 -999 -999 -999 -999 -999 -999 -999 -999 -999
1212 1223 1233 1250 1251 1238 1232 1227 1173 1070 993 1001 1004 953 867 736 616 610 599 583 574 546 510 489 489 487 440 402 364 323 279 248 244 239 242 257 273 288 294 289 287 281 277 295 328 360 386 408 425 454 515 575 577 598 609 594 633 688 741 806 849 854 821 776 763 797 833 839 844 848 848 850 857 865 878 -999 -999 -999 -999 -999 -999 -999 -999 -999 -999
1222 1226 1226 1239 1251 1249 1244 1247 1172 1083 1001 947 922 901 838 733 636 625 627 608 594 559 526 509 502 478 441 410 379 339 293 250 235 232 247 262 286 307 309 302 294 284 281 293 316 347 376 390 406 440 490 522 528 544 579 604 675 736 781 837 848 853 833 785 772 803 831 842 842 841 844 853 858 850 849 873 -999 -999 -999 -999 -999 -999 -999 -999 -999
1231 1234 1235 1242 1262 1258 1245 1225 1175 1099 993 918 919 902 837 758 695 663 645 626 600 561 528 516 506 466 427 399 374 342 305 264 237 233 252 272 306 334 318 308 297 285 291 304 318 338 359 365 380 418 458 470 479 531 579 646 729 782 818 850 849 848 836 806 805 816 837 857 859 853 851 860 864 852 843 861 886 -999 -999 -999 -999 -999 -999 -999 -999
1232 1241 1245 1244 1253 1254 1242 1219 1185 1094 981 927 934 915 845 779 733 680 654 633 599 560 533 519 503 473 431 390 361 323 287 259 227 238 260 279 310 337 320 305 292 283 301 319 334 351 361 353 359 397 436 459 473 535 602 691 779 816 846 858 860 856 850 847 841 843 853 873 876 870 863 863 861 851 848 861 877 -999 -999 -999 -999 -999 -999 -999 -999
1228 1237 1243 1240 1243 1257 1252 1225 1195 1088 974 970 976 930 856 808 770 717 665 633 599 563 539 519 511 497 454 408 357 305 271 247 228 244 267 270 285 317 326 309 286 283 294 315 341 365 393 403 390 392 438 486 547 614 669 738 811 842 869 870 874 865 858 855 857 859 860 866 869 870 864 858 855 848 854 859 868 883 -999 -999 -999 -999 -999 -999 -999
-999 1235 1244 1247 1257 1270 1258 1231 1189 1110 1030 1015 1013 961 897 849 813 736 664 620 588 564 540 521 515 503 463 422 353 293 263 240 235 245 263 274 282 322 354 344 324 295 282 309 338 372 416 442 417 416 467 524 628 716 748 796 834 867 882 881 881 875 865 859 858 861 863 862 862 859 853 853 854 855 866 873 875 -999 -999 -999 -999 -999 -999 -999 -999
-999 -999 1246 1258 1270 1277 1248 1223 1202 1161 1091 1047 1016 985 945 885 824 732 648 603 567 550 532 519 518 490 447 397 334 280 257 236 259 265 273 296 308 333 356 378 363 317 292 304 335 372 410 427 423 449 494 559 650 738 789 829 851 878 886 889 890 888 877 867 863 865 867 865 863 854 842 854 861 864 874 883 881 882 -999 -999 -999 -999 -999 -999 -999
1239 1240 1244 1261 1279 1270 1234 1213 1199 1173 1115 1049 1002 963 922 883 817 718 644 594 556 540 523 502 491 468 430 367 303 272 255 260 301 307 288 296 311 326 320 328 335 316 289 283 301 339 387 426 442 498 545 592 659 726 781 818 848 879 891 895 892 893 886 873 873 875 873 868 864 857 853 859 869 866 870 877 881 883 -999 -999 -999 -999 -999 -999 -999
1240 1243 1247 1268 1290 1277 1251 1225 1205 1175 1126 1071 1010 939 885 844 798 721 644 581 553 534 512 480 461 454 422 351 281 271 261 267 299 303 276 270 284 292 281 272 303 309 280 257 259 288 350 410 474 554 598 624 669 720 776 796 820 859 890 895 888 886 883 879 882 885 883 879 873 865 860 862 864 863 865 874 880 882 884 -999 -999 -999 -999 -999 -999
1244 1250 1252 1263 1279 1289 1280 1254 1230 1186 1144 1103 1050 971 888 834 809 756 684 613 563 526 510 486 472 460 411 343 293 273 261 248 255 255 242 247 254 265 265 269 289 298 268 248 254 264 330 407 492 575 601 626 668 715 759 785 805 851 890 886 881 882 885 887 891 892 892 891 885 879 871 865 860 860 863 870 877 879 877 -999 -999 -999 -999 -999 -999
1249 1255 1250 1246 1258 1270 1270 1264 1244 1200 1160 1127 1084 993 903 849 813 775 727 661 604 554 518 501 490 473 403 335 297 267 246 229 224 223 224 228 236 249 258 256 264 271 259 248 247 262 303 383 495 579 566 573 656 714 754 793 821 856 879 878 875 876 879 888 899 899 898 897 896 891 883 878 873 867 861 863 874 880 872 -999 -999 -999 -999 -999 -999
1253 1256 1251 1249 1255 1252 1247 1241 1221 1195 1179 1151 1092 1006 920 851 802 768 728 684 635 570 517 502 499 462 393 335 301 267 234 207 211 213 212 211 222 239 241 232 238 264 270 262 256 252 251 345 457 519 526 557 663 734 768 805 829 856 868 873 872 869 871 878 887 896 902 903 902 896 891 890 888 879 870 870 876 879 -999 -999 -999 -999 -999 -999 -999
1256 1256 1253 1265 1279 1272 1250 1222 1198 1178 1169 1158 1096 1023 931 849 799 767 736 697 646 575 513 505 503 439 372 336 307 275 243 219 209 204 203 203 220 236 218 204 221 248 265 272 267 262 271 340 423 482 518 597 692 747 779 808 833 852 863 873 873 871 868 868 877 888 896 902 904 902 896 894 893 886 -999 -999 -999 -999 -999 -999 -999 -999 -999 -999 -999
1258 1259 1259 1275 1301 1295 1273 1229 1188 1169 1163 1131 1066 1001 923 837 795 758 729 702 651 579 530 510 480 415 355 333 308 282 253 231 216 206 198 204 222 227 205 188 205 231 240 247 257 265 296 352 413 469 537 631 714 747 782 809 837 850 860 868 872 871 865 866 878 887 891 898 901 902 901 897 -999 -999 -999 -999 -999 -999 -999 -999 -999 -999 -999 -999 -999
1259 1262 1264 1272 1282 1281 1273 1225 1171 1158 1149 1106 1035 973 907 847 800 749 717 684 625 565 534 505 447 381 348 333 313 290 264 238 219 205 195 202 217 212 192 186 196 212 220 225 240 253 301 352 402 457 534 627 702 748 778 803 828 841 854 863 870 856 849 866 883 889 891 895 899 904 907 -999 -999 -999 -999 -999 -999 -999 -999 -999 -999 -999 -999 -999 -999
1260 1263 1265 1267 1261 1259 1242 1205 1167 1145 1131 1103 1052 985 909 864 824 762 708 657 597 550 521 484 415 347 340 329 311 295 270 240 225 215 200 195 201 194 180 183 180 201 218 224 231 255 301 351 405 457 526 610 679 736 761 790 813 828 840 853 857 832 818 847 874 886 889 889 890 900 912 -999 -999 -999 -999 -999 -999 -999 -999 -999 -999 -999 -999 -999 -999
1264 1264 1266 1267 1263 1255 1225 1197 1163 1135 1126 1116 1084 1025 956 893 841 759 689 631 572 537 509 455 386 345 337 325 305 288 275 249 237 233 208 190 185 182 183 189 191 198 218 221 225 250 289 351 412 467 528 598 669 722 725 742 786 814 826 837 830 808 808 831 859 877 887 883 878 893 907 917 -999 -999 -999 -999 -999 -999 -999 -999 -999 -999 -999 -999 -999
1268 1267 1267 1270 1269 1251 1215 1186 1156 1123 1131 1130 1100 1061 989 910 844 770 686 607 554 525 495 443 364 345 338 316 293 289 293 274 250 234 202 173 174 173 182 195 191 185 198 211 220 233 268 343 413 467 523 592 663 680 673 708 768 802 810 817 808 792 815 839 859 878 884 881 883 892 902 912 -999 -999 -999 -999 -999 -999 -999 -999 -999 -999 -999 -999 -999
1279 1269 1269 1282 1287 1245 1201 1180 1159 1138 1135 1141 1121 1083 1007 925 859 795 699 609 553 514 491 463 406 352 330 302 274 272 281 273 249 218 185 168 168 168 175 184 177 166 185 206 218 228 267 340 406 457 507 565 646 624 607 666 738 781 792 786 772 783 823 850 871 891 887 883 887 895 899 905 -999 -999 -999 -999 -999 -999 -999 -999 -999 -999 -999 -999 -999
1301 1289 1286 1299 1293 1237 1189 1173 1164 1140 1122 1124 1123 1092 1029 953 880 804 700 602 555 513 492 485 420 334 301 283 261 247 246 242 228 200 168 166 166 167 169 169 164 163 178 198 214 225 266 324 389 444 465 495 533 543 559 619 685 736 769 750 730 777 829 857 880 896 893 891 893 897 892 893 -999 -999 -999 -999 -999 -999 -999 -999 -999 -999 -999 -999 -999
1315 1306 1301 1305 1275 1223 1180 1156 1146 1136 1115 1115 1120 1090 1044 966 893 799 695 614 559 510 480 454 386 303 282 272 255 238 227 221 208 182 162 165 166 163 164 162 158 159 166 187 208 232 259 299 374 436 450 441 439 467 545 622 661 710 736 717 713 776 846 860 878 879 883 897 899 900 897 896 909 -999 -999 -999 -999 -999 -999 -999 -999 -999 -999 -999 -999
1315 1312 1306 1297 1259 1213 1176 1142 1142 1147 1135 1125 1115 1100 1053 956 872 785 689 623 564 513 470 422 364 312 285 267 249 229 216 207 190 167 162 166 163 158 158 159 159 163 167 186 208 244 277 325 383 434 470 482 477 477 561 663 656 677 687 682 708 762 813 846 862 854 855 880 897 903 905 906 913 -999 -999 -999 -999 -999 -999 -999 -999 -999 -999 -999 -999
1318 1314 1308 1286 1248 1210 1171 1144 1153 1161 1144 1129 1110 1093 1025 932 850 771 689 622 563 512 463 422 370 319 279 267 258 237 211 189 175 160 164 168 159 152 154 158 161 167 177 195 217 252 298 357 415 436 473 519 534 544 593 635 622 619 632 640 687 738 789 831 837 829 840 873 894 902 907 908 911 922 -999 -999 -999 -999 -999 -999 -999 -999 -999 -999 -999
1319 1315 1310 1276 1241 1209 1173 1158 1163 1155 1131 1114 1098 1076 987 897 818 749 686 611 559 513 467 433 387 328 281 273 273 247 219 194 172 163 167 166 156 148 153 158 157 161 182 202 221 248 287 346 402 418 442 494 538 563 589 589 579 577 586 615 658 707 759 808 814 808 826 852 884 904 905 903 909 922 934 935 -999 -999 -999 -999 -999 -999 -999 -999 -999
1319 1317 1301 1267 1235 1213 1184 1173 1171 1144 1112 1091 1074 1019 936 860 776 705 655 595 559 522 470 426 384 328 287 273 261 241 221 198 174 165 165 161 152 148 149 152 151 159 186 209 221 240 258 297 327 350 408 476 518 543 556 540 538 533 535 576 622 675 726 769 792 799 805 829 875 906 902 897 905 918 930 937 944 -999 -999 -999 -999 -999 -999 -999 -999
1329 1321 1291 1256 1221 1194 1178 1177 1165 1137 1107 1079 1051 952 862 798 728 672 635 585 540 502 458 411 381 338 299 270 246 227 210 194 176 161 153 149 144 143 143 145 146 161 188 209 217 240 271 282 263 277 372 454 489 520 505 477 483 497 501 534 581 639 695 744 786 789 790 827 879 904 902 900 904 914 930 942 949 957 -999 -999 -999 -999 -999 -999 -999
1333 1312 1273 1237 1198 1166 1146 1136 1135 1126 1104 1075 1021 920 815 749 692 633 588 556 510 472 433 402 381 355 308 272 249 223 204 191 174 158 148 140 138 138 139 141 143 156 176 202 217 258 304 327 326 327 370 426 450 473 453 416 452 488 501 518 560 608 663 713 754 766 774 834 889 896 898 900 900 911 928 944 954 959 -999 -999 -999 -999 -999 -999 -999
1331 1295 1252 1205 1157 1124 1105 1091 1103 1103 1083 1063 1001 912 816 733 661 580 534 520 490 455 415 392 372 336 297 274 256 230 204 186 171 156 148 141 136 133 136 139 143 151 170 205 235 281 330 372 409 401 417 433 434 423 420 427 470 500 494 503 576 634 655 684 716 736 768 827 881 888 890 894 895 908 926 944 959 962 -999 -999 -999 -999 -999 -999 -999
1328 1273 1225 1165 1108 1081 1062 1061 1075 1079 1061 1035 980 909 805 706 645 575 530 504 482 453 420 391 360 315 275 254 240 223 197 177 161 152 148 141 134 130 134 137 140 145 166 197 243 302 344 384 416 427 439 457 467 452 431 452 501 522 522 542 607 659 660 674 689 711 750 798 840 866 882 891 892 896 914 945 968 966 964 -999 -999 -999 -999 -999 -999
1311 1249 1187 1123 1068 1039 1018 1031 1044 1042 1033 1008 975 901 801 707 641 584 541 507 471 446 423 392 358 315 267 229 212 203 186 168 149 149 148 139 130 128 131 136 140 144 157 180 223 274 338 391 413 425 442 468 489 488 473 479 510 542 557 588 637 655 652 651 660 683 722 764 812 851 877 893 882 876 905 943 963 967 966 950 -999 -999 -999 -999 -999
1302 1243 1157 1078 1027 991 972 977 995 1010 1002 962 931 883 801 713 637 584 542 496 450 417 398 378 359 327 264 212 196 191 178 159 146 146 146 136 125 125 127 135 142 146 155 175 204 252 329 387 406 422 442 465 481 492 490 481 505 547 577 610 648 647 645 627 623 654 691 738 789 836 877 891 863 850 894 942 960 967 965 960 -999 -999 -999 -999 -999
1291 1229 1116 1023 983 942 913 905 920 940 939 908 883 865 812 726 630 581 539 502 452 399 371 347 321 294 243 190 185 180 167 150 143 139 135 127 122 121 122 129 137 143 148 173 201 252 323 378 399 418 437 457 475 488 483 475 512 561 587 610 627 633 623 589 583 632 672 718 769 813 856 856 832 835 873 915 947 965 965 961 924 -999 -999 -999 -999
1280 1189 1070 983 942 909 888 862 853 867 865 848 846 862 835 758 674 599 547 523 486 425 375 318 276 246 207 182 176 167 156 144 138 132 125 119 118 117 119 122 130 137 148 171 199 243 302 332 368 407 428 445 463 477 478 483 520 559 582 602 607 613 589 554 566 619 664 704 747 787 829 813 793 823 855 897 941 951 948 940 912 -999 -999 -999 -999
1272 1148 1027 968 918 888 869 839 812 803 802 802 796 801 810 784 703 614 576 555 507 440 372 301 248 221 182 176 171 160 148 139 133 129 125 119 114 114 116 119 125 132 147 168 201 240 264 281 322 383 422 433 450 473 485 501 525 550 575 598 611 603 559 529 553 593 634 684 714 746 770 771 778 815 850 894 939 931 924 918 902 -999 -999 -999 -999
1232 1105 1004 952 905 880 858 808 753 737 731 732 732 759 803 796 724 642 611 592 515 440 354 270 235 221 198 181 167 154 143 135 128 128 129 120 111 110 113 115 120 127 143 161 204 245 245 248 303 378 412 419 438 472 502 515 533 553 573 606 633 614 572 537 529 546 573 614 662 698 722 735 766 804 844 888 910 902 902 911 902 866 -999 -999 -999
1188 1060 992 943 903 870 836 788 729 666 649 661 664 701 761 792 761 702 660 606 515 427 324 232 223 221 209 187 170 154 141 131 126 126 126 116 103 107 110 113 116 122 135 150 179 213 216 219 299 376 394 400 430 468 497 519 537 554 577 613 645 620 589 545 518 515 517 550 610 659 697 721 754 792 825 865 875 872 900 927 908 -999 -999 -999 -999
1144 1035 982 937 905 873 829 778 665 559 556 606 617 626 667 703 718 713 698 609 513 416 305 217 203 195 189 180 172 156 142 131 125 123 120 111 105 106 108 111 114 121 129 128 135 164 183 224 299 358 378 393 421 460 497 523 546 565 587 621 624 596 568 531 494 496 497 545 590 638 691 727 758 779 797 824 836 848 909 960 915 -999 -999 -999 -999
1114 1028 963 922 901 875 833 779 608 448 502 589 604 601 609 634 656 652 636 573 502 419 320 237 184 171 168 163 156 148 141 129 121 117 114 108 106 106 107 110 114 119 125 128 129 150 165 234 307 343 367 384 400 436 482 520 560 582 594 617 591 568 541 509 491 486 501 553 599 637 685 728 764 760 764 791 809 852 923 948 906 860 -999 -999 -999
1103 1017 933 905 886 858 828 728 549 434 473 546 581 582 588 604 600 593 561 506 458 412 333 231 158 158 156 149 141 138 134 125 115 111 111 108 106 105 107 109 114 119 124 134 156 185 204 242 302 329 354 370 381 419 470 490 512 549 582 581 541 518 523 499 490 487 514 558 594 625 660 699 735 737 726 778 812 852 923 933 893 843 -999 -999 -999
1097 1009 935 902 873 839 808 649 474 410 403 464 528 561 569 559 543 532 507 458 438 413 314 200 149 148 147 141 135 134 132 118 106 107 110 108 105 105 107 109 114 119 121 127 166 219 220 227 269 311 340 361 380 412 449 445 447 491 530 526 491 499 533 524 498 492 516 548 575 604 641 666 722 756 760 781 810 820 856 871 866 826 -999 -999 -999
1079 999 942 903 864 824 743 570 421 397 373 423 505 558 586 552 503 480 477 455 437 407 282 158 147 144 140 135 133 132 124 110 100 105 109 108 105 105 107 109 113 117 117 122 148 182 193 195 249 301 337 364 377 395 406 401 413 452 480 485 470 499 543 534 497 490 504 527 553 591 644 685 740 801 775 769 780 785 802 826 836 819 -999 -999 -999
1064 994 943 898 850 806 667 495 409 383 367 387 451 549 613 541 478 467 463 449 434 356 230 150 144 140 136 131 129 129 116 101 99 104 107 108 107 105 106 107 109 117 121 123 130 146 170 193 236 290 342 372 373 382 375 359 394 438 469 479 476 486 509 507 490 481 480 503 527 587 655 711 760 790 774 752 755 768 815 844 839 834 -999 -999 -999
1050 994 938 886 836 771 603 422 400 376 353 333 419 543 575 520 467 453 440 402 383 293 177 146 139 134 130 127 122 118 106 94 99 103 106 108 106 103 103 105 109 118 125 123 125 135 153 181 214 277 339 361 360 362 361 361 392 431 476 504 519 520 503 498 494 484 480 488 510 584 655 698 755 788 784 766 754 783 847 877 865 859 870 885 -999
1042 984 926 874 820 750 627 485 403 369 346 334 438 557 552 512 471 444 403 336 290 222 150 140 133 127 122 118 114 107 97 94 98 103 106 107 104 101 101 102 109 117 122 122 118 118 132 158 194 270 346 343 340 344 350 366 389 427 477 527 575 584 548 525 514 487 488 495 525 583 635 665 710 752 778 766 746 807 873 896 890 885 891 883 -999
1035 971 916 873 822 758 699 531 399 354 333 364 453 524 523 504 464 426 385 330 257 181 145 134 125 119 114 111 107 97 88 93 98 103 107 105 101 99 100 102 109 116 122 126 123 119 122 132 183 255 300 305 319 324 331 361 385 425 473 525 577 591 574 563 569 556 527 507 528 572 619 652 682 727 748 742 758 830 896 920 928 903 900 891 -999
1026 957 910 877 822 752 670 527 369 337 316 350 423 486 506 485 445 406 374 333 261 189 150 125 118 112 107 103 97 88 85 92 97 103 108 103 98 99 99 103 110 117 124 128 129 127 128 134 172 234 240 239 270 301 327 361 397 443 482 522 578 559 540 574 620 620 584 570 574 580 620 666 694 728 735 723 774 845 898 939 948 899 883 893 882
1009 938 896 859 803 738 651 534 418 343 306 302 350 436 491 464 427 379 338 296 248 199 148 118 111 105 100 96 89 80 85 92 97 102 102 98 96 100 101 104 109 118 126 128 129 130 131 132 149 183 194 187 240 290 335 374 412 464 478 490 517 519 519 570 616 618 611 634 640 618 618 661 700 732 757 767 802 858 895 935 910 871 884 913 904
984 929 880 833 782 721 636 548 437 332 304 291 324 416 464 448 412 352 295 254 209 174 132 113 105 100 96 89 81 78 87 95 96 100 96 91 93 97 101 103 109 119 127 128 129 130 131 129 124 142 175 206 252 300 349 390 411 450 446 432 458 477 513 566 602 611 617 635 654 611 575 649 709 747 791 811 826 861 900 913 875 846 900 942 920
972 919 867 817 767 703 622 551 476 370 307 290 311 368 410 433 393 329 271 220 181 155 125 114 103 97 92 86 79 82 91 95 94 94 91 86 88 93 96 99 108 121 127 130 130 130 131 132 136 181 207 228 270 321 372 390 395 408 412 415 436 456 508 561 585 603 612 624 608 564 562 644 727 754 790 816 833 870 912 887 839 855 926 950 915
966 907 852 802 752 679 604 582 553 440 334 289 276 292 344 375 345 298 241 186 161 140 124 114 104 96 89 84 78 85 94 92 90 90 88 87 87 88 91 96 106 117 122 130 131 130 131 134 175 242 273 284 305 345 397 380 375 388 393 407 430 459 501 543 573 589 581 586 558 517 538 597 678 742 786 822 845 868 899 849 793 855 926 -999 -999
954 891 841 794 732 656 596 583 568 457 317 285 268 287 317 317 301 263 206 159 146 130 120 110 102 93 87 83 82 88 91 87 85 88 89 85 84 84 85 93 103 107 109 115 123 128 130 131 203 279 311 329 338 362 376 360 355 382 396 396 414 452 486 509 533 546 538 528 511 494 516 538 644 732 776 818 841 849 836 790 784 854 912 -999 -999
931 875 836 794 718 638 599 580 547 469 367 295 264 298 330 307 282 231 172 148 140 128 116 106 99 91 86 81 84 88 87 84 85 89 88 81 79 79 78 92 104 103 99 104 116 128 137 160 229 292 308 328 349 363 353 338 345 370 382 369 380 417 452 466 482 499 503 488 474 488 513 554 632 717 762 800 827 842 788 737 786 858 899 -999 -999
915 877 843 793 704 623 602 583 544 503 401 298 268 290 314 298 272 231 177 154 138 126 114 104 96 89 83 80 83 85 84 82 86 90 84 75 74 76 80 91 103 103 102 107 114 134 153 184 236 280 303 327 356 364 339 321 323 338 343 337 348 381 402 414 431 455 472 453 440 481 513 548 605 683 747 790 827 822 761 723 777 860 898 922 -999
921 886 857 797 716 648 610 578 538 485 372 265 252 257 279 285 270 248 215 190 161 129 111 101 92 86 79 79 81 83 84 84 87 89 83 75 75 76 78 84 94 100 104 108 111 121 144 182 224 269 302 328 362 356 326 311 307 305 312 313 312 329 343 361 376 396 415 416 432 479 523 567 606 671 750 790 829 784 728 707 731 804 886 921 -999
937 891 854 799 736 672 622 580 537 444 325 254 242 239 265 286 269 250 238 222 175 128 107 97 89 83 79 81 83 83 85 83 84 84 81 78 76 76 76 78 88 98 101 105 101 97 118 151 196 253 304 321 341 324 303 297 290 271 264 265 259 260 271 299 342 347 374 394 439 487 540 599 643 696 742 780 804 730 668 671 670 775 885 894 -999
930 886 841 794 738 679 624 586 545 453 330 256 236 256 288 292 272 259 252 233 168 113 104 96 88 82 82 84 85 84 83 81 79 78 77 76 75 75 75 80 88 94 97 98 91 87 99 116 164 219 258 289 303 293 287 289 279 235 199 206 207 217 212 276 356 383 390 407 449 494 530 585 644 709 706 717 718 673 631 637 676 793 890 -999 -999
907 864 833 795 738 678 625 581 543 491 392 289 233 269 316 301 281 273 269 223 150 107 100 94 88 82 84 87 86 83 80 78 76 75 74 74 74 74 75 80 88 89 90 88 82 80 87 107 146 185 212 245 243 241 273 289 284 257 215 180 172 202 223 306 395 417 420 438 469 492 503 540 589 636 639 632 658 649 645 636 702 817 866 853 828
890 853 830 795 737 677 616 564 525 485 402 283 232 251 281 294 291 287 283 198 119 102 95 92 88 85 86 88 88 86 80 76 73 72 72 72 73 74 74 75 80 82 81 81 78 78 78 96 132 158 180 191 181 198 267 306 296 295 242 194 206 228 262 336 391 404 424 456 481 495 508 509 529 558 574 590 618 649 667 675 742 834 848 853 840
895 861 832 792 736 678 619 559 509 466 386 286 238 220 252 282 291 294 256 164 98 95 91 92 91 88 87 88 90 88 82 77 72 70 70 71 72 73 71 66 72 77 78 77 78 80 81 94 116 129 146 150 145 194 282 313 294 275 237 207 256 290 326 376 381 384 412 448 476 497 500 477 479 513 531 547 573 622 665 705 758 801 814 829 844
897 863 826 779 730 678 626 562 503 446 383 309 239 206 237 276 292 296 218 126 93 91 90 90 90 89 87 86 87 85 82 77 71 70 70 71 72 73 72 70 71 75 76 75 76 79 80 82 94 106 117 118 121 188 265 278 275 255 223 215 253 318 377 399 379 371 401 443 471 494 465 426 441 490 510 510 536 611 668 707 753 762 779 811 838
843 825 803 769 716 654 602 549 489 428 366 290 214 193 215 246 273 266 179 95 92 89 89 89 88 87 85 84 83 84 81 75 70 70 70 71 72 73 75 75 73 74 75 74 73 74 76 75 78 84 95 101 122 173 221 236 238 216 197 194 203 266 336 365 365 360 377 406 442 477 415 362 416 473 476 461 523 614 667 698 722 707 713 782 836
791 775 763 741 685 621 570 525 473 415 346 260 183 187 197 226 259 215 133 91 89 87 87 87 86 85 83 81 81 82 79 73 70 71 71 71 72 73 74 73 72 73 75 74 73 72 72 74 76 79 83 89 111 149 172 192 194 171 161 165 172 221 284 299 307 325 341 358 385 403 377 348 394 447 456 449 535 635 650 666 671 652 673 755 785
717 723 729 711 640 573 545 508 462 411 341 254 188 177 190 224 244 170 92 87 87 86 85 84 84 83 80 78 78 78 75 70 71 72 72 71 71 71 72 71 71 73 75 74 74 73 73 73 73 75 78 86 101 114 119 135 140 130 134 143 162 198 230 245 260 284 302 311 325 369 382 374 389 425 455 488 558 619 618 621 637 636 682 745 746
651 673 688 664 599 546 529 501 462 414 347 270 209 173 186 224 203 133 86 85 85 84 83 81 81 80 77 76 75 74 72 70 71 72 71 70 69 69 69 69 70 72 72 72 72 73 74 73 73 73 73 81 94 99 97 96 100 106 114 124 141 163 185 202 212 233 257 263 285 329 369 372 366 411 448 493 561 582 580 589 608 639 682 726 731
634 646 657 633 588 551 525 502 469 415 346 280 210 158 171 198 159 101 85 82 81 80 79 77 75 74 73 72 71 71 71 70 70 69 68 67 67 66 67 67 68 69 69 69 70 71 72 72 71 70 71 78 87 87 86 90 94 95 95 102 114 131 147 159 150 156 200 223 246 282 328 355 373 408 439 462 503 518 531 554 572 616 665 706 741
633 647 646 623 592 552 519 495 471 412 341 283 222 171 151 145 119 87 83 79 76 75 73 71 70 69 69 69 68 70 71 70 69 67 65 64 64 64 65 65 65 65 66 66 68 69 71 72 71 69 68 72 76 77 79 86 91 92 92 92 91 98 114 121 112 115 162 201 221 249 309 365 387 414 420 422 427 445 474 513 544 595 646 680 717
632 647 640 621 585 544 513 489 460 411 352 300 244 180 139 120 97 85 80 76 73 70 66 64 65 65 66 66 66 68 68 67 67 64 62 61 61 62 62 62 62 62 63 64 65 67 69 71 71 70 69 70 68 67 75 83 88 89 90 90 90 92 94 96 99 114 145 176 192 231 290 343 379 406 397 393 407 410 436 484 524 568 611 650 678
622 625 617 609 574 530 506 483 458 425 380 332 262 176 116 105 89 83 78 73 68 66 63 61 61 63 64 64 64 65 64 63 62 60 58 56 57 58 59 59 58 59 60 61 63 64 66 68 69 70 69 68 67 66 73 82 85 87 88 88 90 92 94 96 98 100 117 161 190 233 277 319 359 377 373 377 401 416 436 468 499 533 569 606 651
627 598 587 575 551 521 499 479 460 434 393 362 265 164 120 102 88 81 76 72 67 63 59 59 58 60 62 62 62 61 60 59 57 56 55 54 54 56 57 57 56 56 57 58 59 61 62 65 68 68 68 67 65 67 73 78 81 84 86 87 90 93 94 95 96 98 121 163 206 251 289 307 340 355 359 371 391 415 424 448 479 510 538 568 648
661 631 597 559 538 504 474 461 460 434 381 333 255 156 124 105 91 81 76 72 67 61 58 56 56 58 60 59 58 58 57 55 53 52 53 53 53 53 54 55 54 54 54 55 56 57 59 62 65 66 67 65 63 66 70 74 77 80 84 87 91 93 93 93 94 95 135 177 219 265 283 286 314 346 359 360 376 421 447 447 461 497 531 589 668
673 668 626 573 532 485 440 431 426 396 355 319 265 193 138 107 92 80 76 72 65 58 56 55 55 56 57 55 55 55 54 51 48 48 48 49 50 51 52 52 51 51 52 52 54 55 56 58 60 62 63 63 62 63 66 69 72 77 82 84 87 90 91 91 92 101 136 186 228 270 291 291 311 354 373 378 395 441 469 452 454 484 524 612 693
-999 641 618 572 525 481 443 416 387 357 325 304 276 207 135 104 87 79 76 71 65 59 56 54 54 55 55 54 52 52 51 48 46 45 44 45 46 48 49 48 47 48 50 51 52 53 54 56 57 57 61 62 62 62 62 64 68 74 78 79 81 86 88 89 90 94 114 160 214 270 320 334 337 360 382 402 408 435 452 445 441 462 516 607 680
-999 603 593 564 521 479 448 419 377 334 310 297 258 187 125 102 79 76 73 69 64 59 56 54 53 53 54 53 51 50 48 45 44 44 43 42 43 44 45 44 44 46 49 49 49 51 52 53 54 55 58 62 62 62 62 62 65 70 74 77 80 84 88 89 90 90 92 135 190 248 308 337 341 349 369 389 402 412 442 453 -999 -999 -999 -999 -999
-999 -999 587 562 518 476 442 412 360 311 296 284 240 166 128 109 89 77 70 68 64 59 55 53 51 52 53 52 49 48 46 44 43 42 41 40 40 41 42 41 42 44 46 46 46 49 52 52 52 52 54 57 59 61 61 62 63 66 71 76 79 84 86 88 89 88 98 129 175 226 279 304 319 340 355 376 395 421 451 458 -999 -999 -999 -999 -999
-999 -999 592 559 517 467 426 387 341 304 282 267 240 189 149 120 97 79 72 68 63 58 54 52 50 51 53 51 48 46 44 42 40 39 38 37 37 37 38 38 39 41 42 43 44 48 51 50 50 50 50 53 55 58 60 60 60 63 67 72 77 82 85 87 86 85 96 114 178 244 274 287 310 337 359 378 397 433 467 452 -999 -999 -999 -999 -999
-999 -999 -999 562 526 482 431 372 327 316 303 278 261 227 176 134 99 77 72 67 61 55 53 52 51 51 51 49 47 45 43 40 38 37 36 35 35 35 36 37 37 38 39 41 42 44 46 48 48 47 48 50 53 56 59 60 61 62 64 68 73 78 83 84 82 85 97 118 196 276 280 287 312 340 365 385 411 445 465 -999 -999 -999 -999 -999 -999
-999 -999 -999 561 539 506 449 378 330 330 331 290 260 222 182 137 91 73 70 64 58 53 52 51 50 51 49 48 46 43 41 39 36 35 33 33 33 32 33 34 35 36 36 38 38 39 42 44 44 44 45 47 50 53 56 60 62 62 63 66 69 76 81 80 78 86 98 141 214 268 280 288 316 345 368 391 422 455 451 -999 -999 -999 -999 -999 -999
-999 -999 -999 568 545 519 456 373 335 324 317 292 247 205 165 125 80 71 69 62 55 52 50 49 48 48 48 46 44 42 40 38 35 32 31 30 30 29 29 30 31 32 33 35 36 37 39 41 41 41 42 44 46 50 53 56 58 60 61 63 67 72 76 75 75 86 98 157 225 264 287 298 316 346 373 398 429 455 438 -999 -999 -999 -999 -999 -999
-999 -999 -999 -999 552 526 474 405 346 309 314 306 262 208 156 116 86 73 66 59 52 51 50 48 46 46 46 45 43 41 40 37 34 31 29 27 26 26 26 26 27 28 29 31 33 35 36 38 38 39 39 40 42 45 49 53 56 58 60 62 63 66 70 71 77 87 113 165 222 268 300 297 304 342 376 404 435 440 423 -999 -999 -999 -999 -999 -999
-999 -999 -999 -999 547 523 495 434 354 314 320 321 279 226 157 103 85 70 62 56 52 50 49 47 45 45 45 44 42 40 39 37 35 31 28 26 25 23 24 24 24 25 26 28 30 32 33 35 36 36 36 38 39 41 45 48 51 55 59 61 63 64 67 69 80 90 116 158 224 281 301 294 303 344 381 403 430 423 -999 -999 -999 -999 -999 -999 -999
-999 -999 -999 -999 546 508 475 418 344 320 324 303 264 213 142 86 76 64 59 54 51 48 47 45 44 43 42 41 40 40 38 36 34 31 27 25 24 23 23 22 22 23 24 26 27 29 31 32 33 33 34 36 38 40 42 42 44 50 56 59 62 63 65 70 80 91 103 136 224 298 300 291 312 348 376 397 411 410 -999 -999 -999 -999 -999 -999 -999
-999 -999 -999 -999 -999 490 452 406 351 324 316 283 242 178 108 78 69 62 57 53 49 45 44 43 41 40 40 39 39 38 37 35 33 30 27 26 25 24 23 22 22 21 21 23 25 26 28 29 31 32 33 35 37 39 40 40 42 46 52 55 58 61 64 67 74 84 93 139 236 301 310 309 321 347 366 387 396 -999 -999 -999 -999 -999 -999 -999 -999
-999 -999 -999 -999 -999 479 433 388 351 311 288 268 228 154 80 72 63 59 55 52 48 45 43 41 39 38 38 38 37 37 35 32 30 29 28 26 25 24 23 22 22 21 20 20 22 24 26 28 29 30 30 31 34 36 38 39 41 45 48 52 56 59 61 64 68 80 91 138 216 289 332 332 333 345 359 373 383 -999 -999 -999 -999 -999 -999 -999 -999
-999 -999 -999 -999 -999 468 407 356 326 291 276 265 231 173 111 73 59 56 52 49 46 44 41 39 37 36 37 37 36 35 33 30 28 26 26 25 25 24 23 22 21 19 18 18 19 21 24 26 26 27 28 28 31 33 35 37 39 42 46 49 53 56 59 60 66 76 91 111 169 263 332 338 335 342 355 364 -999 -999 -999 -999 -999 -999 -999 -999 -999
-999 -999 -999 -999 488 460 405 348 307 283 273 260 233 205 130 71 57 53 50 47 45 42 40 37 35 35 35 34 35 34 32 29 26 24 24 24 23 23 22 21 20 18 17 16 15 17 20 22 24 25 26 27 28 30 31 34 37 40 43 46 49 52 55 57 62 70 86 106 164 260 329 345 351 355 -999 -999 -999 -999 -999 -999 -999 -999 -999 -999 -999
-999 -999 -999 475 490 459 416 357 307 283 270 249 222 190 136 70 54 50 48 46 43 40 37 35 33 33 32 31 31 30 30 28 24 23 23 23 21 21 20 20 19 17 17 15 15 15 16 19 22 25 25 24 25 26 28 31 35 37 40 42 45 48 52 55 60 67 82 101 164 243 309 353 372 378 -999 -999 -999 -999 -999 -999 -999 -999 -999 -999 -999
-999 442 454 477 476 448 410 356 302 284 269 248 218 193 160 105 63 49 47 45 42 38 35 32 32 31 30 28 27 25 25 25 23 22 22 22 21 20 19 18 18 17 16 15 15 15 16 18 21 25 23 22 23 23 25 28 32 34 36 38 41 44 47 53 58 65 76 101 149 217 300 358 371 386 -999 -999 -999 -999 -999 -999 -999 -999 -999 -999 -999
-999 467 453 459 459 440 401 352 320 298 270 257 234 205 181 117 56 48 46 43 40 37 34 31 30 29 27 25 23 22 22 23 22 21 21 21 20 19 18 17 17 16 15 15 15 15 16 17 19 21 21 19 22 23 25 27 28 30 32 35 37 39 43 50 56 61 67 88 123 194 283 348 364 371 -999 -999 -999 -999 -999 -999 -999 -999 -999 -999 -999
420 459 432 428 442 436 398 354 349 336 316 292 249 211 164 100 52 47 44 41 37 35 32 31 30 28 26 23 21 20 20 21 20 20 20 21 19 18 17 16 16 15 14 15 15 15 15 15 16 18 18 19 22 24 26 28 27 27 29 31 34 36 41 48 53 57 64 79 100 164 246 320 365 371 -999 -999 -999 -999 -999 -999 -999 -999 -999 -999 -999
452 443 422 422 440 434 402 383 387 381 364 340 271 216 155 81 56 49 43 39 35 32 30 29 28 28 27 23 20 19 18 18 18 18 19 20 19 17 16 16 15 14 14 14 14 14 14 14 14 16 17 20 22 24 26 26 24 25 27 29 32 35 41 47 51 53 61 74 98 143 216 320 384 394 -999 -999 -999 -999 -999 -999 -999 -999 -999 -999 -999
393 412 419 418 426 422 406 421 431 426 413 366 279 219 173 113 72 49 43 38 34 30 28 28 27 27 26 23 19 17 16 17 17 17 17 18 17 16 16 15 15 14 14 14 13 13 12 12 13 15 16 17 20 24 26 27 25 26 25 28 31 35 40 45 49 53 62 71 82 108 179 270 355 415 410 -999 -999 -999 -999 -999 -999 -999 -999 -999 -999
313 337 379 409 409 415 421 449 471 473 464 402 324 256 208 150 92 59 46 37 32 28 28 27 26 26 23 20 17 15 15 15 16 15 15 16 16 16 15 15 14 14 13 13 12 11 10 10 12 14 13 13 16 20 24 28 31 35 35 31 30 35 40 45 49 55 63 70 79 96 140 207 308 388 385 -999 -999 -999 -999 -999 -999 -999 -999 -999 -999
282 278 366 428 429 426 448 479 493 492 482 439 377 298 234 172 103 65 49 39 32 28 27 26 25 24 20 17 15 13 14 15 15 14 14 15 15 15 14 14 14 14 13 12 11 10 9 9 10 11 11 10 12 15 21 26 34 43 43 36 34 37 41 45 49 55 62 68 73 91 123 186 278 356 360 352 355 370 384 382 -999 -999 -999 -999 -999
288 320 400 453 446 444 482 516 517 510 491 458 405 331 254 198 137 87 52 40 32 29 27 25 23 21 18 15 13 12 14 16 15 14 14 14 14 14 14 14 14 14 13 12 10 10 9 9 10 9 8 9 10 13 18 25 36 45 40 35 36 38 42 46 50 54 60 67 73 84 97 160 241 302 336 343 339 353 375 382 359 -999 -999 -999 -999
283 365 447 459 447 466 519 548 554 547 514 486 442 381 297 225 162 97 61 45 34 29 26 24 22 19 16 15 13 13 14 15 15 14 13 13 14 14 14 14 14 14 13 11 10 9 9 10 11 9 8 8 8 10 14 22 34 41 35 31 35 39 43 47 51 54 59 66 74 83 101 141 198 266 319 315 312 344 377 374 355 -999 -999 -999 -999
274 336 424 454 442 462 500 548 588 577 540 498 455 414 323 238 185 121 74 49 39 32 27 24 20 17 14 13 12 13 14 14 13 13 13 13 13 14 13 13 14 14 12 11 10 9 10 10 10 9 8 8 8 8 9 17 27 33 32 32 36 41 45 49 51 54 60 66 73 81 91 116 176 248 287 285 294 340 376 363 -999 -999 -999 -999 -999
251 270 354 428 452 454 473 528 575 581 562 495 438 375 301 251 218 157 92 51 43 34 28 24 20 15 12 12 11 12 12 12 12 12 12 12 12 13 13 13 14 14 13 11 10 10 10 10 9 8 8 8 7 6 8 14 21 31 35 38 41 43 48 49 50 55 61 65 71 78 87 97 162 237 250 251 287 341 358 344 -999 -999 -999 -999 -999
258 262 353 448 467 468 489 526 568 596 579 502 426 344 272 257 236 174 92 56 48 39 30 24 19 14 12 10 10 11 11 11 11 11 11 11 11 12 13 13 13 13 12 12 11 10 10 10 9 8 8 8 6 5 5 10 17 27 36 43 44 44 47 48 48 57 64 69 72 76 85 123 192 237 226 225 278 332 -999 -999 -999 -999 -999 -999 -999
270 314 406 479 481 483 505 535 566 604 584 510 449 388 321 283 255 195 124 78 53 42 32 25 19 14 11 9 8 9 9 10 10 10 10 10 10 11 12 12 12 12 12 11 10 10 10 9 7 7 7 7 7 6 5 7 14 23 34 43 44 43 45 47 51 59 68 72 76 77 82 144 226 247 242 248 278 305 -999 -999 -999 -999 -999 -999 -999
262 353 456 492 495 498 510 532 556 583 573 530 488 453 396 348 291 228 158 91 53 42 32 25 18 14 10 8 6 6 7 8 9 10 10 9 8 9 11 11 10 10 10 10 10 10 9 8 6 6 6 7 7 5 4 6 13 21 33 44 41 39 45 48 53 60 69 76 79 73 86 138 205 245 262 266 283 -999 -999 -999 -999 -999 -999 -999 -999
272 390 493 501 507 501 503 523 547 572 596 567 510 466 428 400 330 263 186 105 55 42 32 23 17 13 9 8 6 5 5 6 8 8 9 8 5 5 8 9 8 7 7 7 8 9 9 7 6 5 6 7 7 5 3 6 12 18 26 36 39 40 47 51 55 60 72 81 93 96 97 119 180 241 269 272 274 -999 -999 -999 -999 -999 -999 -999 -999
309 432 501 511 514 506 501 517 541 569 596 576 519 456 407 385 361 298 217 139 81 43 30 20 15 11 9 8 7 6 5 6 8 7 7 6 4 4 6 7 7 6 5 5 6 7 6 5 5 4 5 6 6 4 3 6 10 14 18 34 44 45 48 53 55 62 72 86 108 122 103 104 165 242 273 275 -999 -999 -999 -999 -999 -999 -999 -999 -999
348 472 502 519 519 511 514 528 550 574 593 590 557 473 391 405 414 358 277 179 86 42 29 18 14 10 8 7 6 6 6 7 7 7 6 6 5 6 7 6 6 5 5 5 5 5 4 3 4 4 5 6 5 3 3 5 8 13 21 35 47 46 46 53 58 63 73 82 98 103 90 88 135 196 246 272 -999 -999 -999 -999 -999 -999 -999 -999 -999
351 461 508 529 533 529 528 537 572 604 617 624 590 503 439 438 455 426 354 234 125 60 26 18 14 10 8 6 6 6 6 7 7 7 6 6 6 7 7 6 5 5 4 5 6 5 3 3 2 3 4 5 4 2 2 2 6 11 21 33 40 42 47 56 61 62 67 74 82 86 81 89 110 165 235 267 -999 -999 -999 -999 -999 -999 -999 -999 -999
302 412 501 537 554 550 539 545 584 637 646 652 586 513 470 447 438 420 368 270 162 81 26 20 14 11 8 7 6 6 6 7 6 6 6 6 6 7 6 5 5 4 4 5 5 4 2 2 2 3 3 4 3 2 1 1 4 9 18 29 36 41 48 56 59 58 60 66 72 76 79 80 93 145 211 261 285 -999 -999 -999 -999 -999 -999 -999 -999
280 402 521 543 562 556 540 542 566 608 646 649 580 511 469 437 423 423 349 257 163 76 30 23 17 12 9 7 6 6 6 6 5 4 4 5 6 6 6 5 4 4 4 4 3 3 2 2 2 3 3 3 3 2 1 1 2 7 15 25 34 41 48 54 60 62 58 59 63 67 77 82 87 111 170 237 273 -999 -999 -999 -999 -999 -999 -999 -999
312 427 513 548 566 562 552 549 548 589 637 635 593 523 460 410 370 352 313 248 146 52 34 26 19 13 9 7 5 5 5 5 4 3 2 4 6 6 5 5 4 3 3 3 2 2 2 2 2 2 2 2 2 2 1 0 2 9 15 24 33 41 48 54 61 63 55 56 66 70 83 97 91 98 147 227 243 -999 -999 -999 -999 -999 -999 -999 -999
338 444 509 555 571 571 567 561 570 605 640 652 638 552 475 400 300 276 260 217 140 54 37 28 21 14 9 6 5 5 5 4 4 3 3 4 6 5 4 4 3 3 3 2 2 2 1 1 2 2 2 1 2 2 1 0 3 10 17 24 33 40 49 53 58 54 48 60 78 84 89 95 83 76 110 168 180 175 -999 -999 -999 -999 -999 -999 -999
362 455 515 569 579 584 580 574 593 622 651 672 643 564 496 445 369 292 242 218 172 99 47 29 22 16 10 7 5 4 5 4 4 4 4 4 4 4 4 3 3 3 3 2 2 2 1 1 1 2 1 1 1 1 1 -0 3 9 17 24 30 36 43 50 52 46 42 59 79 85 87 89 84 76 75 85 115 131 -999 -999 -999 -999 -999 -999 -999
390 462 524 570 595 600 594 598 635 662 677 700 626 542 497 481 430 328 262 232 201 115 37 28 21 16 10 7 6 5 5 5 4 3 4 4 3 3 3 3 3 3 3 2 2 1 1 1 1 1 1 1 1 1 1 1 3 8 17 25 29 32 39 47 45 40 43 54 68 74 79 85 91 79 72 77 86 106 -999 -999 -999 -999 -999 -999 -999
428 467 525 586 623 626 619 637 686 709 718 706 616 518 474 445 385 314 274 237 198 135 64 29 19 14 9 7 5 5 5 4 4 3 4 4 4 3 3 3 2 2 2 1 1 1 1 1 1 1 1 1 0 1 1 1 2 9 18 25 28 32 39 44 40 36 43 53 60 66 71 77 77 70 66 70 78 98 -999 -999 -999 -999 -999 -999 -999
435 455 502 565 622 650 650 654 682 718 748 707 629 543 467 399 338 285 265 237 213 179 97 34 17 12 9 7 5 5 5 4 3 3 3 4 4 3 3 2 2 2 2 1 1 0 1 1 1 1 0 0 0 0 1 1 2 9 17 24 28 32 38 38 34 35 42 49 54 60 68 71 62 55 59 66 72 84 105 -999 -999 -999 -999 -999 -999
429 445 480 538 579 608 631 643 661 702 730 693 643 556 469 407 341 292 264 242 217 177 93 19 15 11 8 6 6 5 5 4 3 3 3 3 3 3 2 2 2 2 1 1 1 0 1 1 1 0 0 -0 -0 -0 0 1 4 10 17 24 29 31 35 33 29 35 44 48 51 58 70 71 56 46 56 65 68 74 94 -999 -999 -999 -999 -999 -999
429 449 472 510 541 566 594 614 647 690 703 677 630 555 478 426 371 337 304 256 218 149 63 20 16 10 7 5 5 5 4 3 3 3 3 3 3 3 2 2 2 1 1 1 1 0 1 1 0 0 -0 -0 -0 -0 0 1 6 12 17 23 27 28 29 29 30 37 46 48 50 57 69 65 49 45 52 60 60 62 78 100 -999 -999 -999 -999 -999
426 441 448 480 520 550 573 596 632 671 668 659 625 562 511 467 414 378 338 274 222 147 45 22 18 12 7 5 5 4 4 3 3 2 2 2 2 2 2 2 1 1 1 1 1 1 0 0 0 -0 -0 -1 -1 -0 0 2 6 11 17 22 25 26 29 29 32 39 44 47 50 51 56 49 38 42 46 55 60 63 65 68 68 -999 -999 -999 -999
416 434 446 472 508 539 564 586 613 635 637 635 621 583 552 515 434 373 326 274 233 183 108 48 22 12 6 5 5 4 3 3 3 2 2 2 2 2 2 2 1 1 1 1 1 1 0 0 -0 -0 -0 -1 -1 -1 -0 1 4 7 11 18 23 27 34 37 36 39 44 47 51 53 46 37 36 41 46 54 64 70 73 68 65 65 64 59 -999
422 436 451 469 497 528 556 568 587 594 600 619 641 624 597 544 441 347 304 256 235 215 144 55 48 59 34 7 5 4 3 3 2 2 2 2 2 2 2 1 1 0 0 1 1 1 0 0 -0 -1 -1 -1 -2 -1 -1 1 3 3 5 14 22 28 37 41 35 35 39 45 55 60 43 29 34 42 47 53 60 69 76 70 64 64 65 61 55
434 444 462 473 485 519 545 559 565 554 560 586 612 630 642 564 461 376 309 257 234 211 156 78 100 135 70 18 6 4 3 3 2 2 1 1 1 2 2 1 1 0 0 1 1 0 0 -0 -1 -1 -1 -2 -2 -2 -1 0 1 2 5 13 23 25 30 32 30 30 33 41 53 52 35 24 31 40 47 51 54 60 65 64 62 62 63 62 56
402 451 487 507 511 524 540 558 563 557 553 558 576 598 606 552 475 402 329 281 245 220 194 156 150 149 84 10 6 4 3 3 2 2 2 2 2 2 2 1 0 0 0 1 1 0 -0 -1 -1 -1 -2 -2 -2 -2 -1 -0 0 1 4 11 16 19 22 25 27 32 34 41 52 43 29 26 30 39 50 54 52 53 56 59 57 56 61 65 -999
330 417 500 532 530 534 543 556 560 566 563 564 572 580 572 541 482 411 346 298 255 229 207 189 172 153 112 53 15 4 3 2 2 2 2 2 2 2 1 1 0 0 1 1 1 0 -0 -0 -1 -1 -2 -2 -2 -2 -2 -1 0 1 3 7 10 13 18 22 28 36 39 41 44 35 26 28 32 41 53 54 50 55 63 60 51 51 61 67 -999
280 415 529 539 537 535 541 538 534 542 557 569 579 589 585 562 488 414 359 312 268 235 210 188 171 164 156 77 13 3 3 2 2 2 2 1 2 2 1 0 0 0 1 1 1 0 -0 -0 -0 -1 -2 -2 -2 -2 -2 -1 -0 1 1 5 9 12 15 21 29 37 38 38 34 27 25 28 33 42 50 49 46 60 74 62 48 52 64 63 -999
270 376 487 541 540 526 522 516 501 516 536 555 575 601 620 599 523 443 380 327 278 237 210 187 173 166 148 93 22 2 2 2 2 1 1 1 2 1 1 0 0 0 1 1 0 -0 -0 -0 -1 -1 -2 -2 -2 -2 -2 -1 -1 -0 -0 5 12 16 20 23 29 35 36 35 27 20 23 27 32 39 44 45 47 56 64 55 43 53 63 55 -999
230 295 358 410 455 487 500 503 502 514 525 541 562 585 616 615 565 494 430 359 285 234 212 188 176 168 165 137 71 19 2 2 2 1 1 1 2 1 1 0 0 1 1 1 0 -0 -1 -1 -1 -2 -2 -2 -2 -2 -2 -2 -1 0 2 8 14 19 24 24 26 31 34 29 20 18 23 26 28 33 37 40 43 46 48 44 43 51 56 47 -999
209 240 253 279 327 367 411 461 510 522 530 537 550 561 585 604 590 532 477 379 288 240 215 193 177 157 129 126 87 12 4 2 2 1 1 1 1 1 1 1 0 1 1 1 -0 -1 -1 -1 -2 -2 -2 -2 -2 -2 -2 -2 -1 -0 3 10 14 19 22 21 21 28 33 25 15 17 24 26 26 29 32 37 41 44 41 38 42 48 47 -999 -999
179 198 212 229 246 255 297 344 397 461 523 530 542 554 577 619 616 553 489 396 285 246 219 196 176 122 63 71 81 44 11 2 1 1 1 1 1 1 1 0 0 1 1 0 -0 -1 -1 -1 -2 -2 -2 -2 -2 -2 -3 -3 -2 -1 1 6 11 17 18 16 17 23 27 21 15 20 25 24 24 26 29 32 37 40 38 37 40 43 42 -999 -999
161 165 173 199 223 239 246 240 265 348 466 526 537 551 567 597 592 559 508 434 354 291 236 196 168 94 22 61 127 77 20 3 1 1 1 1 1 1 1 -0 0 1 1 0 -0 -1 -1 -2 -2 -2 -2 -2 -2 -4 -5 -4 -2 -2 -2 0 5 10 11 10 11 14 15 13 16 23 23 20 20 23 24 26 30 32 33 35 37 38 38 -999 -999
136 138 148 175 203 232 248 233 220 307 464 527 536 545 553 560 564 550 523 479 414 342 274 216 156 67 18 42 79 57 6 3 1 1 1 1 1 1 0 -0 0 1 0 -0 -1 -1 -1 -1 -2 -2 -3 -3 -3 -3 -5 -4 -2 -2 -2 -1 1 2 4 5 6 6 6 7 14 21 18 14 18 23 24 22 22 26 28 29 31 33 33 -999 -999
159 129 123 149 176 206 227 222 213 282 401 466 526 541 549 554 555 558 550 512 445 379 300 225 175 106 44 11 21 26 12 5 1 1 1 1 1 1 0 0 0 0 -0 -1 -1 -1 -2 -1 -2 -3 -3 -3 -3 -2 -3 -3 -2 -2 -2 -1 0 -1 -1 1 2 3 3 6 12 15 12 10 17 24 22 20 21 23 23 20 23 27 28 -999 -999
187 152 140 139 147 172 183 183 199 222 272 338 409 489 538 549 552 555 559 522 476 415 350 274 213 158 71 13 13 19 14 4 1 1 1 1 1 1 0 0 0 0 -0 -1 -1 -2 -2 -2 -2 -3 -3 -3 -3 -2 -2 -2 -2 -2 -2 -1 -2 -3 -3 -1 0 1 0 3 7 8 6 9 18 22 19 18 19 20 20 19 20 24 25 -999 -999
208 172 150 137 132 140 146 150 190 221 232 245 323 433 496 525 542 550 537 440 381 400 413 321 240 156 68 16 8 8 6 1 1 1 1 1 1 1 0 0 0 -0 -1 -1 -1 -2 -3 -2 -2 -2 -3 -3 -3 -3 -3 -2 -2 -2 -2 -2 -2 -4 -4 -2 -0 1 1 1 1 3 2 10 18 18 15 16 17 18 20 20 20 21 -999 -999 -999
228 189 157 131 105 109 119 136 177 220 220 233 326 420 464 504 518 527 460 325 268 292 310 295 241 143 49 20 4 -0 1 1 1 1 1 1 1 1 1 1 0 -0 -1 -1 -1 -2 -3 -3 -2 -2 -3 -3 -3 -3 -3 -3 -3 -2 -2 -2 -2 -3 -3 -2 -0 2 1 -0 0 0 2 8 14 12 10 14 16 16 17 18 18 17 -999 -999 -999
239 197 161 143 118 101 97 111 138 167 187 242 337 399 415 449 478 501 388 263 226 209 229 251 217 138 54 19 1 1 1 1 1 1 1 1 1 1 1 0 -0 -0 -1 -1 -2 -2 -3 -3 -3 -3 -3 -3 -3 -3 -3 -3 -3 -3 -2 -2 -2 -2 -2 -2 -1 0 -0 -1 -1 -0 3 7 8 7 7 10 13 14 14 15 16 15 -999 -999 -999
245 209 180 160 134 104 91 93 97 119 145 200 287 340 344 341 346 354 307 237 222 208 214 234 215 156 80 21 2 1 1 1 1 1 1 1 1 1 1 0 -0 -1 -1 -2 -2 -2 -3 -3 -3 -3 -3 -3 -3 -3 -3 -3 -3 -3 -3 -3 -2 -2 -1 -1 -1 -1 -1 -2 -1 -0 2 5 5 4 5 7 10 12 12 13 14 15 -999 -999 -999
280 228 201 178 144 104 84 85 92 105 116 127 192 279 320 268 190 221 218 215 218 204 196 202 199 170 86 5 2 1 1 1 1 1 1 1 1 1 1 0 -0 -1 -1 -2 -2 -3 -3 -3 -3 -3 -3 -3 -3 -3 -3 -3 -3 -3 -3 -3 -2 -1 -1 -2 -2 -2 -2 -2 -2 -1 1 2 3 3 3 4 7 10 11 11 11 -999 -999 -999 -999
380 299 228 192 161 126 98 82 86 98 108 117 175 266 315 288 235 193 179 204 220 192 170 186 202 175 111 42 8 1 1 1 1 1 1 1 1 1 0 -0 -1 -1 -2 -2 -3 -3 -3 -3 -3 -3 -3 -3 -3 -3 -3 -3 -3 -3 -3 -3 -2 -1 -1 -2 -2 -2 -2 -2 -2 -2 -1 0 1 1 1 1 3 6 8 9 7 -999 -999 -999 -999
468 347 241 201 176 142 104 83 81 88 102 117 208 299 314 318 265 197 182 202 208 170 150 186 213 187 156 76 15 1 1 1 1 1 1 1 1 1 0 -0 -1 -1 -2 -2 -3 -3 -3 -3 -3 -3 -3 -3 -3 -3 -3 -3 -3 -3 -3 -3 -2 -1 -2 -3 -3 -2 -2 -2 -2 -2 -2 -1 -0 0 0 0 1 2 4 5 -999 -999 -999 -999 -999
455 367 253 212 189 148 107 83 69 79 95 147 240 306 307 306 267 199 180 197 192 167 169 195 205 179 148 84 4 0 0 1 1 1 1 1 1 0 -0 -0 -1 -1 -2 -3 -3 -3 -3 -3 -3 -3 -3 -3 -3 -3 -3 -3 -3 -3 -3 -2 -1 -1 -2 -3 -3 -3 -3 -3 -3 -3 -2 -2 -1 -1 -0 -0 0 1 2 3 -999 -999 -999 -999 -999
469 415 316 233 187 152 113 88 69 76 90 178 273 298 297 302 292 258 232 216 197 183 216 246 212 174 147 105 49 12 0 1 1 1 1 1 1 0 -0 -1 -1 -2 -2 -3 -3 -3 -3 -3 -3 -3 -3 -3 -3 -3 -3 -3 -3 -3 -3 -2 -1 -2 -3 -3 -3 -3 -3 -3 -3 -3 -3 -2 -2 -1 -1 -1 -0 1 1 1 -999 -999 -999 -999 -999
477 457 340 219 174 139 112 88 73 74 97 178 280 287 282 287 296 295 276 258 244 236 260 276 221 177 151 130 71 12 1 1 1 1 1 1 0 0 -0 -1 -1 -2 -3 -3 -3 -3 -3 -3 -3 -3 -3 -3 -3 -2 -2 -3 -3 -3 -3 -3 -3 -3 -3 -3 -3 -3 -2 -3 -3 -3 -3 -3 -3 -2 -2 -2 -1 -0 -1 -999 -999 -999 -999 -999 -999
485 447 359 248 169 127 104 81 73 68 82 132 210 261 272 269 274 274 271 281 294 268 266 247 210 177 146 108 49 1 1 1 1 1 1 1 0 -0 -0 -1 -2 -2 -3 -3 -3 -3 -3 -3 -3 -3 -3 -3 -3 -3 -3 -3 -3 -3 -3 -3 -3 -3 -3 -3 -3 -3 -2 -3 -3 -3 -3 -3 -3 -3 -2 -2 -2 -2 -2 -2 -999 -999 -999 -999 -999
406 420 407 287 175 127 106 79 70 64 71 85 177 264 270 264 260 258 259 264 268 258 243 216 183 136 107 78 24 1 1 1 1 1 1 0 0 -0 -1 -1 -2 -2 -3 -3 -3 -3 -3 -3 -3 -3 -3 -3 -3 -3 -2 -3 -3 -3 -3 -4 -4 -4 -3 -3 -4 -3 -3 -3 -3 -4 -4 -4 -3 -3 -2 -2 -3 -2 -2 -999 -999 -999 -999 -999 -999
298 315 321 255 147 139 130 105 80 61 58 79 144 220 251 258 253 250 246 243 238 229 195 157 131 77 39 30 0 1 1 1 1 1 1 0 -0 -0 -1 -2 -2 -3 -3 -3 -3 -3 -3 -3 -3 -3 -3 -3 -3 -3 -2 -3 -3 -3 -3 -4 -4 -4 -4 -3 -4 -4 -4 -3 -3 -4 -4 -4 -3 -3 -2 -2 -3 -3 -2 -2 -999 -999 -999 -999 -999
243 231 231 207 166 163 158 129 101 75 57 58 81 119 149 181 215 238 232 227 219 208 126 67 54 25 6 4 1 1 1 1 1 1 1 0 -0 -1 -1 -2 -2 -3 -3 -3 -3 -3 -3 -3 -3 -3 -3 -3 -3 -3 -3 -3 -3 -3 -3 -3 -3 -4 -4 -4 -4 -4 -4 -3 -4 -4 -4 -4 -3 -3 -3 -3 -3 -2 -2 -2 -2 -999 -999 -999 -999
-999 225 215 200 193 188 169 141 113 83 61 57 59 53 45 77 111 176 215 211 206 167 79 10 6 1 2 2 1 1 1 1 1 1 0 -0 -1 -1 -2 -2 -2 -3 -3 -3 -3 -3 -3 -3 -3 -3 -3 -3 -3 -3 -3 -3 -3 -3 -3 -3 -3 -4 -4 -4 -4 -4 -4 -4 -4 -4 -3 -3 -3 -3 -3 -3 -2 -2 -2 -2 -3 -3 -2 -999 -999
-999 225 220 209 200 198 179 149 123 94 69 50 46 45 38 30 36 148 229 171 150 114 35 3 2 0 1 1 1 1 1 1 1 1 0 -0 -1 -1 -2 -2 -3 -3 -3 -3 -3 -3 -3 -3 -3 -3 -3 -3 -3 -3 -2 -2 -3 -3 -3 -3 -4 -4 -4 -4 -4 -4 -4 -4 -4 -4 -4 -3 -3 -3 -3 -3 -2 -2 -2 -2 -2 -3 -3 -3 -999
-999 -999 213 212 198 212 230 204 148 109 83 60 48 41 35 26 49 126 169 94 49 40 0 1 1 1 1 1 1 1 1 1 1 0 0 -1 -1 -2 -2 -3 -3 -3 -3 -3 -3 -3 -3 -3 -3 -3 -3 -3 -3 -2 -2 -2 -3 -3 -4 -4 -4 -4 -4 -4 -4 -4 -4 -4 -4 -4 -3 -3 -3 -3 -3 -3 -3 -3 -2 -2 -2 -2 -3 -3 -3
-999 -999 203 205 197 249 320 285 226 155 96 68 50 38 31 24 22 60 67 28 4 2 1 1 1 1 1 1 1 1 1 1 1 0 -0 -1 -1 -2 -2 -3 -3 -3 -3 -3 -3 -3 -3 -3 -3 -3 -3 -3 -2 -2 -2 -2 -3 -4 -4 -4 -4 -4 -4 -4 -4 -4 -4 -4 -4 -4 -3 -3 -2 -3 -3 -3 -3 -3 -2 -2 -2 -2 -2 -3 -3
-999 -999 193 206 211 240 296 315 300 183 93 65 47 35 29 23 20 15 10 6 3 1 1 1 1 1 1 1 1 1 1 1 0 0 -0 -1 -2 -2 -3 -3 -3 -3 -3 -3 -3 -3 -3 -3 -3 -2 -2 -3 -3 -2 -2 -3 -4 -4 -4 -4 -4 -4 -4 -4 -4 -4 -4 -4 -4 -4 -4 -3 -3 -3 -3 -3 -3 -3 -3 -3 -3 -3 -3 -3 -3
-999 -999 -999 201 207 206 253 305 293 201 91 62 46 35 26 22 19 14 8 5 2 0 1 1 1 1 1 1 1 1 1 1 0 -0 -1 -1 -2 -3 -3 -3 -3 -3 -3 -3 -3 -3 -3 -3 -3 -2 -3 -3 -3 -3 -3 -3 -3 -3 -3 -3 -3 -4 -4 -4 -4 -4 -4 -4 -4 -4 -4 -3 -3 -3 -3 -3 -3 -3 -3 -3 -3 -3 -3 -3 -3
-999 -999 -999 -999 204 206 275 334 314 252 154 77 45 33 24 21 17 12 6 4 2 1 1 1 1 1 1 1 1 1 1 1 0 -0 -1 -2 -2 -3 -3 -3 -3 -3 -3 -3 -3 -3 -3 -3 -3 -3 -3 -3 -3 -3 -3 -3 -3 -3 -3 -3 -3 -3 -4 -4 -4 -4 -4 -4 -4 -4 -3 -3 -3 -3 -3 -3 -3 -3 -3 -3 -3 -3 -3 -3 -3
-999 -999 -999 -999 -999 244 328 374 335 297 178 65 44 32 23 19 15 9 6 4 3 1 1 1 1 1 1 1 1 1 1 0 -0 -1 -1 -2 -2 -3 -3 -3 -3 -3 -3 -3 -3 -3 -3 -3 -3 -3 -3 -3 -3 -3 -3 -3 -3 -3 -3 -3 -3 -3 -3 -3 -3 -3 -3 -3 -3 -3 -3 -3 -3 -3 -3 -3 -2 -2 -3 -3 -3 -3 -3 -3 -3
-999 -999 -999 -999 -999 283 395 394 348 266 143 56 43 32 24 17 12 7 5 3 2 1 0 1 1 1 1 1 1 1 0 -0 -1 -1 -2 -2 -3 -3 -3 -3 -3 -3 -3 -3 -3 -3 -3 -3 -3 -3 -3 -3 -3 -3 -3 -3 -3 -3 -3 -3 -3 -3 -3 -3 -3 -3 -3 -3 -3 -3 -3 -3 -3 -3 -3 -3 -2 -2 -2 -3 -3 -3 -3 -3 -3
-999 -999 -999 -999 -999 -999 477 444 395 250 102 56 42 31 23 15 10 6 4 2 2 1 1 1 1 1 1 1 1 0 -0 -1 -1 -2 -2 -3 -3 -3 -3 -3 -3 -3 -3 -3 -2 -2 -3 -3 -3 -3 -3 -3 -3 -3 -3 -3 -3 -3 -3 -3 -3 -3 -3 -3 -3 -3 -3 -3 -3 -3 -3 -3 -3 -3 -3 -3 -3 -2 -2 -3 -3 -3 -3 -3 -3
-999 -999 -999 -999 -999 -999 510 508 445 306 160 76 38 30 21 14 8 5 3 2 1 1 1 1 1 1 1 1 1 0 -0 -1 -1 -2 -2 -3 -4 -3 -3 -3 -3 -3 -3 -3 -2 -2 -3 -3 -3 -3 -3 -3 -3 -3 -3 -3 -3 -3 -3 -3 -3 -3 -3 -3 -3 -3 -3 -3 -3 -3 -3 -3 -3 -3 -3 -3 -3 -2 -2 -3 -3 -3 -3 -3 -3
-999 -999 -999 -999 -999 -999 523 536 477 374 226 99 39 29 20 13 7 4 2 1 1 1 1 1 1 1 1 1 1 0 -1 -1 -2 -2 -3 -3 -3 -3 -3 -3 -3 -3 -2 -3 -3 -3 -3 -3 -3 -3 -3 -3 -3 -3 -2 -2 -2 -3 -3 -3 -3 -3 -3 -3 -3 -3 -3 -3 -3 -3 -3 -3 -3 -3 -3 -3 -3 -3 -3 -3 -3 -3 -3 -3 -3
-999 -999 -999 -999 -999 -999 534 562 508 429 268 98 39 26 18 11 6 3 1 1 1 1 1 1 1 1 1 1 1 -0 -1 -2 -2 -2 -3 -4 -3 -3 -3 -3 -3 -2 -2 -3 -3 -3 -3 -3 -3 -3 -3 -3 -3 -3 -2 -2 -3 -3 -3 -3 -3 -3 -3 -3 -3 -3 -3 -3 -3 -3 -3 -3 -3 -3 -3 -3 -3 -3 -3 -3 -3 -3 -3 -3 -3
-999 -999 -999 -999 -999 -999 -999 551 539 474 323 175 81 28 15 8 5 2 1 1 1 1 1 1 1 1 1 1 0 -1 -1 -2 -2 -3 -3 -4 -3 -3 -3 -3 -3 -2 -2 -3 -2 -2 -2 -2 -3 -3 -3 -3 -3 -3 -3 -3 -3 -3 -3 -3 -3 -3 -3 -3 -3 -3 -3 -3 -3 -3 -3 -3 -3 -3 -3 -3 -3 -3 -3 -3 -3 -3 -2 -3 -3
-999 -999 -999 -999 -999 -999 -999 536 533 413 303 224 100 37 18 7 4 1 1 1 1 1 1 1 1 1 1 0 -0 -1 -2 -2 -3 -3 -3 -3 -3 -3 -3 -3 -2 -2 -2 -2 -2 -2 -2 -2 -2 -2 -2 -2 -2 -2 -2 -3 -3 -3 -3 -3 -3 -3 -3 -3 -3 -3 -3 -3 -3 -3 -3 -3 -3 -3 -3 -3 -3 -3 -3 -3 -3 -3 -2 -2 -3
-999 -999 -999 -999 -999 -999 -999 481 477 307 176 139 68 39 15 7 3 1 1 1 1 1 1 1 1 1 1 0 -0 -1 -2 -3 -3 -3 -3 -3 -3 -3 -2 -2 -2 -2 -2 -2 -2 -2 -2 -2 -2 -2 -2 -2 -2 -2 -2 -2 -3 -3 -3 -3 -3 -3 -3 -3 -3 -3 -3 -3 -3 -3 -3 -3 -3 -3 -3 -3 -3 -3 -3 -3 -3 -3 -3 -3 -3
-999 -999 -999 -999 -999 -999 -999 -999 -999 204 109 88 58 32 11 6 2 1 1 1 1 1 1 1 1 1 0 -0 -1 -2 -3 -3 -3 -3 -3 -3 -3 -2 -2 -2 -2 -2 -2 -2 -2 -2 -2 -2 -2 -2 -2 -2 -2 -2 -2 -2 -3 -3 -3 -3 -3 -3 -3 -3 -3 -3 -3 -3 -3 -3 -3 -3 -3 -3 -3 -3 -3 -3 -3 -3 -3 -3 -3 -3 -3
-999 -999 -999 -999 -999 -999 -999 -999 -999 -999 91 66 47 24 10 5 1 1 1 1 1 1 1 1 1 1 0 -1 -1 -2 -3 -4 -3 -3 -3 -3 -2 -2 -2 -2 -2 -2 -2 -2 -2 -2 -2 -2 -2 -2 -2 -2 -2 -2 -2 -2 -2 -3 -3 -3 -3 -3 -3 -3 -3 -3 -3 -3 -3 -3 -3 -3 -3 -3 -3 -3 -3 -3 -3 -3 -3 -3 -3 -3 -3
-999 -999 -999 -999 -999 -999 -999 -999 -999 -999 -999 47 33 16 9 3 -0 -1 -0 1 1 1 1 1 1 0 -0 -1 -2 -2 -3 -4 -4 -3 -3 -3 -2 -2 -2 -2 -2 -2 -2 -2 -2 -2 -2 -2 -2 -2 -2 -2 -2 -2 -2 -2 -2 -2 -2 -2 -2 -2 -3 -3 -3 -3 -3 -3 -3 -3 -3 -3 -3 -3 -3 -3 -3 -3 -3 -3 -3 -3 -3 -3 -3
-999 -999 -999 -999 -999 -999 -999 -999 -999 -999 -999 -999 29 -999 7 2 -0 -3 -1 0 1 1 1 1 1 0 -1 -1 -2 -2 -3 -3 -3 -4 -3 -3 -3 -2 -2 -2 -2 -2 -2 -2 -2 -2 -2 -2 -2 -2 -2 -2 -2 -2 -2 -2 -2 -2 -2 -2 -2 -2 -2 -2 -3 -3 -3 -3 -3 -3 -3 -3 -3 -3 -3 -3 -3 -3 -3 -3 -3 -3 -3 -3 -3
-999 -999 -999 -999 -999 -999 -999 -999 -999 -999 -999 -999 -999 -999 5 2 0 -0 -0 1 1 1 1 1 0 -0 -1 -1 -2 -3 -3 -3 -3 -3 -3 -3 -3 -2 -2 -2 -2 -2 -2 -2 -2 -2 -2 -2 -2 -2 -2 -2 -2 -2 -2 -2 -2 -2 -2 -2 -2 -2 -2 -2 -2 -2 -2 -3 -3 -2 -2 -3 -3 -3 -3 -3 -3 -3 -3 -3 -3 -3 -3 -3 -3
-999 -999 -999 -999 -999 -999 -999 -999 -999 -999 -999 -999 -999 19 2 1 1 1 1 1 1 1 1 1 0 -0 -1 -2 -2 -3 -3 -2 -2 -2 -3 -3 -3 -2 -2 -2 -2 -2 -2 -2 -2 -2 -2 -2 -2 -2 -2 -2 -2 -2 -2 -2 -2 -2 -2 -2 -2 -2 -2 -2 -2 -2 -2 -2 -2 -2 -3 -3 -3 -3 -3 -3 -3 -3 -3 -3 -3 -3 -3 -3 -3
-999 -999 -999 -999 -999 -999 -999 -999 -999 -999 -999 -999 23 9 1 1 1 1 1 1 1 1 1 1 -0 -1 -1 -2 -2 -3 -2 -2 -2 -2 -3 -3 -3 -3 -2 -2 -2 -2 -2 -2 -2 -2 -2 -2 -2 -2 -2 -2 -2 -2 -2 -2 -2 -2 -2 -2 -2 -2 -2 -2 -2 -2 -2 -2 -2 -2 -2 -3 -3 -3 -3 -3 -3 -3 -3 -3 -3 -3 -3 -3 -3
-999 -999 -999 -999 -999 -999 -999 -999 -999 -999 -999 -999 10 2 1 1 1 1 1 1 1 1 1 0 -0 -1 -2 -2 -2 -2 -2 -2 -2 -2 -3 -3 -3 -3 -2 -2 -2 -2 -2 -2 -2 -2 -2 -2 -2 -2 -2 -2 -2 -2 -2 -2 -2 -2 -2 -2 -2 -2 -2 -2 -2 -2 -2 -2 -2 -2 -2 -2 -2 -2 -3 -3 -3 -3 -3 -3 -3 -3 -3 -3 -3
-999 -999 -999 -999 -999 -999 -999 -999 -999 -999 -999 -999 9 2 2 1 1 1 1 1 1 1 1 -0 -1 -1 -2 -2 -2 -2 -2 -2 -2 -2 -2 -3 -3 -2 -2 -2 -2 -2 -2 -2 -2 -2 -2 -2 -2 -2 -2 -2 -2 -2 -2 -2 -2 -2 -2 -2 -2 -2 -2 -2 -2 -2 -2 -2 -2 -2 -2 -2 -2 -2 -2 -3 -3 -3 -3 -3 -2 -3 -3 -3 -3
-999 -999 -999 -999 -999 -999 -999 -999 -999 -999 -999 -999 4 1 1 1 1 1 1 1 1 1 0 -0 -1 -2 -2 -2 -2 -2 -2 -2 -2 -2 -2 -2 -2 -2 -2 -2 -2 -2 -2 -2 -2 -2 -2 -2 -2 -2 -2 -2 -2 -2 -2 -2 -2 -2 -2 -2 -2 -2 -2 -2 -2 -2 -2 -2 -2 -2 -2 -2 -2 -2 -2 -2 -3 -3 -3 -3 -2 -3 -3 -3 -3
-999 -999 -999 -999 -999 -999 -999 -999 -999 -999 -999 -999 1 1 1 1 1 1 1 1 1 1 0 -1 -1 -2 -2 -2 -2 -2 -2 -2 -2 -2 -2 -2 -2 -2 -2 -2 -2 -2 -2 -2 -2 -2 -2 -2 -2 -2 -2 -2 -2 -2 -2 -2 -2 -2 -2 -2 -2 -2 -2 -2 -2 -2 -2 -2 -2 -2 -2 -2 -2 -2 -2 -2 -2 -3 -3 -3 -3 -3 -3 -3 -3
-999 -999 -999 -999 -999 -999 -999 -999 -999 -999 -999 -999 1 1 1 1 1 1 1 1 1 0 -0 -1 -1 -2 -2 -2 -2 -2 -2 -2 -2 -2 -2 -2 -2 -2 -2 -2 -2 -2 -2 -2 -2 -2 -2 -2 -2 -2 -2 -2 -2 -2 -2 -2 -2 -2 -2 -2 -2 -2 -2 -2 -2 -2 -2 -2 -2 -2 -2 -2 -2 -2 -2 -2 -2 -2 -2 -3 -3 -3 -3 -3 -3
-999 -999 -999 -999 -999 -999 -999 -999 -999 -999 -999 -999 1 0 1 1 1 1 1 1 1 0 -0 -1 -2 -2 -2 -2 -2 -2 -2 -2 -2 -2 -2 -2 -2 -2 -2 -2 -2 -2 -2 -2 -2 -2 -2 -2 -2 -2 -2 -2 -2 -2 -2 -2 -2 -2 -2 -2 -2 -2 -2 -2 -2 -2 -2 -2 -2 -2 -2 -2 -2 -2 -2 -2 -2 -2 -2 -2 -3 -3 -3 -3 -3
-999 -999 -999 -999 -999 -999 -999 -999 -999 -999 -999 -999 1 1 1 1 1 1 1 1 0 -0 -1 -1 -2 -2 -2 -2 -2 -2 -2 -2 -2 -2 -2 -2 -2 -2 -2 -2 -2 -2 -2 -2 -2 -2 -2 -2 -2 -2 -2 -2 -2 -2 -2 -2 -2 -2 -2 -2 -2 -2 -2 -2 -2 -2 -2 -2 -2 -2 -2 -2 -2 -2 -2 -2 -2 -2 -2 -2 -2 -2 -2 -3 -3
-999 -999 -999 -999 -999 -999 -999 -999 -999 -999 -999 -999 1 1 1 1 1 1 1 1 0 -0 -1 -2 -2 -2 -2 -2 -2 -2 -2 -2 -2 -2 -2 -2 -2 -2 -2 -2 -2 -2 -2 -2 -2 -2 -2 -2 -2 -2 -2 -2 -2 -2 -2 -2 -2 -2 -2 -2 -2 -2 -2 -2 -2 -2 -2 -2 -2 -2 -2 -2 -2 -2 -2 -2 -2 -2 -2 -2 -2 -2 -2 -2 -2
-999 -999 -999 -999 -999 -999 -999 -999 -999 -999 -999 -999 1 1 1 1 1 1 1 0 0 -1 -1 -2 -2 -2 -2 -2 -2 -2 -2 -2 -2 -2 -2 -2 -2 -2 -2 -2 -2 -2 -2 -2 -2 -2 -2 -2 -2 -2 -2 -2 -2 -2 -2 -2 -2 -2 -2 -2 -2 -2 -2 -2 -2 -2 -2 -2 -2 -2 -2 -2 -2 -2 -2 -2 -2 -2 -2 -2 -2 -2 -2 -2 -2
-999 -999 -999 -999 -999 -999 -999 -999 -999 -999 -999 -999 1 1 1 1 1 1 1 0 -0 -1 -2 -2 -2 -2 -2 -2 -2 -2 -2 -2 -2 -2 -2 -2 -2 -2 -2 -2 -2 -2 -2 -2 -2 -2 -2 -2 -2 -2 -2 -2 -2 -2 -2 -2 -2 -2 -2 -2 -2 -2 -2 -2 -2 -2 -2 -2 -2 -2 -2 -2 -2 -2 -2 -2 -2 -2 -2 -2 -2 -2 -2 -2 -2
-999 -999 -999 -999 -999 -999 -999 -999 -999 -999 -999 -999 1 1 1 1 1 1 0 -0 -1 -1 -2 -2 -2 -2 -2 -2 -2 -2 -2 -2 -2 -2 -2 -2 -2 -2 -2 -2 -2 -2 -2 -2 -2 -2 -2 -2 -2 -2 -2 -2 -2 -2 -2 -2 -2 -2 -2 -2 -2 -2 -2 -2 -2 -2 -2 -2 -2 -2 -2 -2 -2 -2 -2 -2 -2 -2 -2 -2 -2 -2 -3 -3 -2
-999 -999 -999 -999 -999 -999 -999 -999 -999 -999 -999 -999 1 1 1 1 1 0 0 -0 -1 -2 -2 -2 -2 -2 -2 -2 -2 -2 -2 -2 -2 -2 -2 -2 -2 -2 -2 -2 -2 -2 -2 -2 -2 -2 -2 -2 -2 -2 -2 -2 -2 -2 -2 -2 -2 -2 -2 -2 -2 -2 -2 -2 -2 -2 -2 -2 -2 -2 -2 -2 -2 -2 -2 -2 -2 -2 -2 -2 -2 -2 -3 -3 -3
-999 -999 -999 -999 -999 -999 -999 -999 -999 -999 -999 -999 1 1 1 1 1 0 -0 -1 -1 -2 -2 -2 -2 -2 -2 -2 -2 -2 -2 -2 -2 -2 -2 -2 -2 -2 -2 -2 -2 -2 -2 -2 -2 -2 -2 -2 -2 -2 -2 -2 -2 -2 -2 -2 -2 -2 -2 -2 -2 -2 -2 -2 -2 -2 -2 -2 -2 -2 -2 -2 -2 -2 -2 -2 -2 -2 -2 -2 -2 -2 -2 -2 -3
-999 -999 -999 -999 -999 -999 -999 -999 -999 -999 -999 -999 1 1 1 1 1 0 -0 -1 -2 -2 -2 -2 -2 -2 -2 -2 -2 -2 -2 -2 -2 -2 -2 -2 -2 -2 -2 -2 -2 -2 -2 -2 -2 -2 -2 -2 -2 -2 -2 -2 -2 -2 -2 -2 -2 -2 -2 -2 -2 -2 -2 -2 -2 -2 -2 -2 -2 -2 -2 -2 -2 -2 -2 -2 -2 -2 -2 -2 -2 -2 -2 -2 -3
-999 -999 -999 -999 -999 -999 -999 -999 -999 -999 -999 -999 1 1 1 1 0 -0 -1 -1 -2 -2 -2 -2 -2 -2 -2 -2 -2 -2 -2 -2 -2 -2 -2 -2 -2 -2 -2 -2 -2 -2 -2 -2 -2 -2 -2 -2 -2 -2 -2 -2 -2 -2 -2 -2 -2 -2 -2 -2 -2 -2 -2 -2 -2 -2 -2 -2 -2 -2 -2 -2 -2 -2 -2 -2 -2 -2 -2 -2 -2 -2 -2 -2 -3
-999 -999 -999 -999 -999 -999 -999 -999 -999 -999 -999 -999 0 1 0 -0 -0 -0 -1 -2 -2 -2 -2 -2 -2 -2 -3 -3 -2 -2 -2 -2 -2 -2 -2 -2 -2 -2 -2 -2 -2 -2 -2 -2 -2 -2 -2 -2 -2 -2 -2 -2 -2 -2 -2 -2 -2 -2 -2 -2 -2 -2 -2 -2 -2 -2 -2 -2 -2 -2 -2 -2 -2 -2 -2 -2 -2 -2 -2 -2 -2 -2 -2 -2 -2
-999 -999 -999 -999 -999 -999 -999 -999 -999 -999 -999 -999 1 0 -1 -1 -1 -1 -1 -2 -2 -2 -2 -3 -3 -2 -2 -2 -2 -2 -2 -2 -2 -2 -2 -2 -2 -2 -2 -2 -2 -2 -2 -2 -2 -2 -2 -2 -2 -2 -2 -2 -2 -2 -2 -2 -2 -2 -2 -2 -2 -2 -2 -2 -2 -2 -2 -2 -2 -2 -2 -2 -2 -2 -2 -2 -2 -2 -2 -2 -2 -2 -2 -2 -2
-999 -999 -999 -999 -999 -999 -999 -999 -999 -999 -999 -999 1 -0 -1 -1 -1 -1 -2 -3 -3 -3 -3 -3 -3 -2 -2 -2 -2 -2 -2 -2 -2 -2 -2 -2 -2 -2 -2 -2 -2 -2 -2 -2 -2 -2 -2 -2 -2 -2 -2 -2 -2 -2 -2 -2 -2 -2 -2 -2 -2 -2 -2 -2 -2 -2 -2 -2 -2 -2 -2 -2 -2 -2 -2 -2 -2 -2 -2 -2 -2 -2 -2 -2 -2
-999 -999 -999 -999 -999 -999 -999 -999 -999 -999 -999 -999 1 -0 -1 -1 -1 -2 -2 -3 -3 -3 -3 -2 -3 -3 -2 -2 -2 -2 -2 -2 -2 -2 -2 -2 -2 -2 -2 -2 -2 -2 -2 -2 -2 -2 -2 -2 -2 -2 -2 -2 -2 -2 -2 -2 -2 -2 -2 -2 -2 -2 -2 -2 -2 -2 -2 -2 -2 -2 -2 -2 -2 -2 -2 -2 -2 -2 -2 -2 -2 -2 -2 -2 -2
-999 -999 -999 -999 -999 -999 -999 -999 -999 -999 -999 -999 0 -1 -1 -1 -1 -2 -3 -3 -2 -2 -3 -3 -3 -3 -2 -2 -2 -2 -2 -2 -2 -2 -2 -2 -2 -2 -2 -2 -2 -2 -2 -2 -2 -2 -2 -2 -2 -2 -2 -2 -2 -2 -2 -2 -2 -2 -2 -2 -2 -2 -2 -2 -2 -2 -2 -2 -2 -2 -2 -2 -2 -2 -2 -2 -2 -2 -2 -2 -2 -2 -2 -2 -2
-999 -999 -999 -999 -999 -999 -999 -999 -999 -999 -999 -999 -0 -1 -1 -1 -1 -2 -2 -3 -2 -3 -3 -3 -3 -3 -2 -2 -2 -2 -2 -2 -2 -2 -2 -2 -2 -2 -2 -2 -2 -2 -2 -2 -2 -2 -2 -2 -2 -2 -2 -2 -2 -2 -2 -2 -2 -2 -2 -2 -2 -2 -2 -2 -2 -2 -2 -2 -2 -2 -2 -2 -2 -2 -2 -2 -2 -2 -2 -2 -2 -2 -2 -2 -2
-999 -999 -999 -999 -999 -999 -999 -999 -999 -999 -999 -999 -0 -1 -1 -1 -2 -2 -2 -3 -3 -3 -3 -3 -3 -3 -2 -2 -2 -2 -2 -2 -2 -2 -2 -2 -2 -2 -2 -2 -2 -2 -2 -2 -2 -2 -2 -2 -2 -2 -2 -2 -2 -2 -2 -2 -2 -2 -2 -2 -2 -2 -2 -2 -2 -2 -2 -2 -2 -2 -2 -2 -2 -2 -2 -2 -2 -2 -2 -2 -2 -2 -2 -2 -2
-999 -999 -999 -999 -999 -999 -999 -999 -999 -999 -999 -999 -1 -1 -1 -1 -2 -2 -3 -3 -3 -3 -3 -3 -3 -3 -2 -2 -2 -2 -2 -2 -2 -2 -2 -2 -2 -2 -2 -2 -2 -2 -2 -2 -2 -2 -2 -2 -2 -2 -2 -2 -2 -2 -2 -2 -2 -2 -2 -2 -2 -2 -2 -2 -2 -2 -2 -2 -2 -2 -2 -2 -2 -2 -2 -2 -2 -2 -2 -2 -2 -2 -2 -2 -2
-999 -999 -999 -999 -999 -999 -999 -999 -999 -999 -999 -999 -1 -1 -1 -2 -2 -2 -3 -3 -3 -3 -3 -3 -3 -2 -2 -2 -2 -2 -2 -2 -2 -2 -2 -2 -2 -2 -2 -2 -2 -3 -2 -2 -2 -2 -2 -2 -2 -2 -2 -2 -2 -2 -2 -2 -2 -2 -2 -2 -2 -2 -2 -2 -2 -2 -2 -2 -2 -2 -2 -2 -2 -2 -2 -2 -2 -2 -2 -2 -2 -2 -2 -2 -2
-999 -999 -999 -999 -999 -999 -999 -999 -999 -999 -999 -999 -1 -1 -1 -2 -2 -2 -3 -3 -3 -3 -3 -3 -3 -2 -2 -2 -2 -2 -2 -2 -2 -2 -2 -2 -2 -2 -2 -2 -3 -2 -2 -2 -2 -2 -2 -2 -2 -2 -2 -2 -2 -2 -2 -2 -2 -2 -2 -2 -2 -2 -2 -2 -2 -2 -2 -2 -2 -2 -2 -2 -2 -2 -2 -2 -2 -2 -2 -2 -2 -2 -2 -2 -2
-999 -999 -999 -999 -999 -999 -999 -999 -999 -999 -999 -999 -1 -1 -2 -2 -2 -3 -3 -3 -3 -3 -3 -3 -3 -2 -2 -2 -2 -2 -2 -2 -2 -2 -2 -2 -2 -2 -2 -2 -2 -2 -2 -2 -2 -2 -2 -2 -2 -2 -2 -2 -2 -2 -2 -2 -2 -2 -2 -2 -2 -2 -2 -2 -2 -2 -2 -2 -2 -2 -2 -2 -2 -2 -2 -2 -2 -2 -2 -2 -2 -2 -2 -2 -2
-999 -999 -999 -999 -999 -999 -999 -999 -999 -999 -999 -999 -1 -1 -2 -2 -2 -3 -3 -3 -3 -3 -3 -3 -3 -2 -2 -2 -2 -2 -2 -2 -2 -2 -2 -2 -2 -3 -2 -3 -2 -2 -2 -2 -2 -2 -2 -2 -2 -2 -2 -2 -2 -2 -2 -2 -2 -2 -2 -2 -2 -2 -2 -2 -2 -2 -2 -2 -2 -2 -2 -2 -2 -2 -2 -2 -2 -2 -2 -2 -2 -2 -2 -2 -2
-999 -999 -999 -999 -999 -999 -999 -999 -999 -999 -999 -999 -1 -2 -2 -2 -3 -3 -3 -3 -3 -3 -3 -3 -3 -3 -2 -2 -2 -2 -2 -2 -2 -2 -2 -3 -3 -3 -3 -3 -2 -2 -2 -2 -2 -2 -2 -2 -2 -2 -2 -2 -2 -2 -2 -2 -2 -2 -2 -2 -2 -2 -2 -2 -2 -2 -2 -2 -2 -2 -2 -2 -2 -2 -2 -2 -2 -2 -2 -2 -2 -2 -2 -2 -2
-999 -999 -999 -999 -999 -999 -999 -999 -999 -999 -999 -999 -1 -2 -2 -2 -3 -3 -3 -3 -3 -3 -3 -3 -3 -3 -2 -2 -2 -2 -2 -2 -2 -3 -3 -3 -3 -3 -3 -3 -3 -3 -2 -2 -2 -2 -2 -2 -2 -2 -2 -2 -2 -2 -2 -2 -2 -2 -2 -2 -2 -2 -2 -2 -2 -2 -2 -2 -2 -2 -2 -2 -2 -2 -2 -2 -2 -2 -2 -2 -2 -2 -2 -2 -2
-999 -999 -999 -999 -999 -999 -999 -999 -999 -999 -999 -999 -2 -2 -2 -3 -3 -3 -3 -3 -3 -3 -3 -3 -3 -3 -2 -2 -2 -2 -2 -2 -3 -3 -3 -3 -3 -3 -3 -3 -3 -3 -3 -3 -3 -2 -2 -2 -2 -2 -2 -2 -2 -2 -2 -2 -2 -2 -2 -2 -2 -2 -2 -2 -2 -2 -2 -2 -2 -2 -2 -2 -2 -2 -2 -2 -2 -2 -2 -2 -2 -2 -2 -2 -2
-999 -999 -999 -999 -999 -999 -999 -999 -999 -999 -999 -999 -2 -2 -3 -3 -3 -3 -3 -3 -3 -3 -3 -3 -3 -3 -3 -2 -2 -2 -2 -3 -3 -3 -3 -3 -3 -3 -3 -3 -3 -3 -3 -3 -2 -2 -2 -2 -2 -2 -2 -2 -2 -2 -2 -2 -2 -2 -2 -2 -2 -2 -2 -2 -2 -2 -2 -2 -2 -2 -2 -2 -2 -2 -2 -2 -2 -2 -2 -2 -2 -2 -2 -2 -2
-999 -999 -999 -999 -999 -999 -999 -999 -999 -999 -999 -999 -2 -3 -3 -3 -3 -3 -3 -3 -3 -3 -3 -3 -3 -3 -3 -3 -3 -3 -3 -3 -3 -3 -3 -3 -3 -3 -3 -3 -3 -3 -3 -3 -2 -2 -2 -2 -2 -2 -2 -2 -2 -2 -2 -2 -2 -2 -2 -2 -2 -2 -2 -2 -2 -2 -2 -2 -2 -2 -2 -2 -2 -2 -2 -2 -2 -2 -2 -2 -2 -2 -2 -2 -2
-999 -999 -999 -999 -999 -999 -999 -999 -999 -999 -999 -999 -2 -3 -3 -3 -3 -3 -3 -3 -3 -3 -3 -3 -3 -3 -3 -3 -3 -3 -3 -3 -3 -3 -3 -3 -3 -3 -3 -3 -3 -3 -3 -3 -3 -3 -2 -2 -2 -2 -2 -2 -2 -2 -2 -2 -2 -2 -2 -2 -2 -2 -2 -2 -2 -2 -2 -2 -2 -2 -2 -2 -2 -2 -2 -2 -2 -2 -2 -2 -2 -2 -2 -2 -2
-999 -999 -999 -999 -999 -999 -999 -999 -999 -999 -999 -999 -3 -3 -3 -3 -3 -3 -3 -3 -3 -3 -3 -3 -3 -3 -3 -3 -3 -3 -3 -3 -3 -3 -3 -3 -3 -3 -3 -3 -3 -3 -3 -3 -3 -3 -3 -2 -2 -2 -2 -2 -2 -2 -2 -2 -2 -2 -2 -2 -2 -2 -2 -2 -2 -2 -2 -2 -2 -2 -2 -2 -2 -2 -2 -2 -2 -2 -2 -2 -2 -2 -2 -2 -2
-999 -999 -999 -999 -999 -999 -999 -999 -999 -999 -999 -999 -3 -3 -3 -3 -3 -3 -3 -3 -3 -3 -3 -3 -3 -3 -3 -3 -3 -3 -3 -3 -3 -3 -3 -3 -3 -3 -3 -3 -3 -3 -3 -3 -3 -3 -3 -3 -3 -3 -3 -3 -2 -2 -2 -2 -2 -2 -2 -2 -2 -2 -2 -2 -2 -2 -2 -2 -2 -2 -2 -2 -2 -2 -2 -2 -2 -2 -2 -2 -2 -2 -2 -2 -2
-999 -999 -999 -999 -999 -999 -999 -999 -999 -999 -999 -999 -3 -3 -3 -3 -3 -3 -3 -3 -3 -3 -3 -3 -3 -3 -3 -3 -3 -3 -3 -3 -3 -3 -3 -3 -3 -3 -3 -3 -3 -3 -3 -3 -3 -3 -3 -3 -3 -3 -3 -3 -3 -3 -2 -2 -2 -2 -2 -2 -2 -2 -2 -2 -2 -2 -2 -2 -2 -2 -2 -2 -2 -2 -2 -2 -2 -2 -2 -2 -2 -2 -2 -2 -2
-999 -999 -999 -999 -999 -999 -999 -999 -999 -999 -999 -999 -3 -3 -3 -3 -4 -4 -3 -3 -3 -3 -3 -3 -3 -3 -3 -3 -3 -3 -3 -3 -3 -3 -3 -3 -3 -3 -3 -3 -3 -3 -3 -3 -3 -3 -3 -3 -3 -3 -3 -3 -3 -3 -3 -3 -2 -2 -2 -2 -2 -2 -2 -2 -2 -2 -2 -2 -2 -2 -2 -2 -2 -2 -2 -2 -2 -2 -2 -2 -2 -2 -2 -2 -2
-999 -999 -999 -999 -999 -999 -999 -999 -999 -999 -999 -999 -3 -3 -3 -4 -4 -4 -4 -3 -3 -3 -3 -3 -3 -3 -3 -3 -3 -3 -3 -3 -3 -3 -3 -3 -3 -3 -3 -3 -3 -3 -3 -3 -3 -3 -3 -3 -3 -3 -3 -3 -3 -3 -3 -3 -3 -2 -3 -2 -2 -2 -2 -2 -2 -2 -2 -2 -2 -2 -2 -2 -2 -2 -2 -2 -2 -2 -2 -2 -2 -2 -2 -2 -2
-999 -999 -999 -999 -999 -999 -999 -999 -999 -999 -999 -999 -3 -3 -3 -4 -4 -4 -4 -3 -3 -3 -3 -3 -3 -3 -3 -3 -3 -3 -3 -3 -3 -3 -3 -3 -3 -3 -3 -3 -3 -3 -3 -3 -3 -3 -3 -3 -3 -3 -3 -3 -3 -3 -3 -3 -3 -2 -2 -2 -2 -2 -2 -2 -2 -2 -2 -2 -2 -2 -2 -2 -2 -2 -2 -2 -2 -2 -2 -2 -2 -2 -2 -2 -2
-999 -999 -999 -999 -999 -999 -999 -999 -999 -999 -999 -999 -4 -4 -4 -4 -4 -4 -4 -3 -3 -3 -3 -3 -3 -3 -3 -3 -3 -3 -3 -3 -3 -3 -3 -3 -3 -3 -3 -3 -3 -3 -3 -3 -3 -3 -3 -3 -3 -3 -3 -3 -3 -3 -3 -3 -3 -3 -2 -2 -2 -2 -2 -2 -2 -2 -2 -2 -2 -2 -2 -2 -2 -2 -2 -2 -2 -2 -2 -2 -2 -2 -2 -2 -2
-999 -999 -999 -999 -999 -999 -999 -999 -999 -999 -999 -999 -4 -4 -4 -4 -4 -4 -4 -4 -3 -3 -3 -3 -3 -3 -3 -3 -3 -3 -3 -3 -3 -3 -3 -3 -3 -3 -3 -3 -3 -3 -3 -3 -3 -3 -3 -3 -3 -3 -3 -3 -3 -3 -3 -3 -3 -3 -3 -3 -3 -2 -2 -2 -2 -2 -2 -2 -2 -2 -2 -2 -2 -2 -2 -2 -2 -2 -2 -2 -2 -2 -2 -2 -2
-999 -999 -999 -999 -999 -999 -999 -999 -999 -999 -999 -999 -4 -4 -4 -4 -4 -4 -4 -4 -3 -3 -3 -3 -3 -3 -3 -3 -3 -3 -3 -3 -3 -3 -3 -3 -3 -3 -3 -3 -3 -3 -3 -3 -3 -3 -3 -3 -3 -3 -3 -3 -3 -3 -3 -3 -3 -3 -3 -3 -3 -3 -2 -2 -2 -2 -2 -2 -2 -2 -2 -2 -2 -2 -2 -2 -2 -2 -2 -2 -2 -2 -2 -2 -2
-999 -999 -999 -999 -999 -999 -999 -999 -999 -999 -999 -999 -4 -4 -4 -4 -4 -4 -4 -4 -3 -3 -3 -3 -3 -3 -3 -3 -3 -3 -3 -3 -3 -3 -3 -3 -3 -3 -3 -3 -3 -3 -3 -3 -3 -3 -3 -3 -3 -3 -3 -3 -3 -3 -3 -3 -3 -3 -3 -3 -3 -3 -3 -2 -2 -2 -2 -2 -2 -2 -2 -2 -2 -2 -2 -2 -2 -2 -2 -2 -2 -2 -2 -2 -2
-999 -999 -999 -999 -999 -999 -999 -999 -999 -999 -999 -999 -4 -4 -4 -4 -4 -4 -4 -4 -4 -3 -3 -3 -3 -3 -3 -3 -3 -3 -4 -4 -3 -3 -3 -3 -3 -3 -3 -3 -3 -3 -3 -3 -3 -3 -3 -3 -3 -3 -3 -3 -3 -3 -3 -3 -3 -3 -3 -3 -3 -3 -3 -2 -2 -2 -2 -2 -2 -2 -2 -2 -2 -2 -2 -2 -2 -2 -2 -2 -2 -2 -2 -2 -2
-999 -999 -999 -999 -999 -999 -999 -999 -999 -999 -999 -999 -4 -4 -4 -4 -4 -4 -4 -4 -4 -3 -3 -3 -3 -3 -3 -3 -3 -3 -4 -4 -3 -3 -3 -3 -3 -3 -3 -3 -3 -3 -3 -3 -3 -3 -3 -3 -3 -3 -3 -3 -3 -3 -3 -3 -3 -3 -3 -3 -3 -3 -3 -3 -2 -2 -2 -2 -2 -2 -2 -2 -2 -2 -2 -2 -2 -2 -2 -2 -2 -2 -2 -2 -2
-999 -999 -999 -999 -999 -999 -999 -999 -999 -999 -999 -999 -4 -4 -4 -4 -4 -4 -4 -4 -3 -3 -3 -3 -3 -3 -3 -3 -3 -4 -4 -3 -3 -3 -3 -3 -3 -3 -3 -3 -3 -3 -3 -3 -3 -3 -3 -3 -3 -3 -3 -3 -3 -3 -3 -3 -3 -3 -3 -3 -3 -3 -3 -3 -3 -2 -2 -2 -2 -2 -2 -2 -2 -2 -2 -2 -2 -2 -2 -2 -2 -2 -2 -2 -2
