-999 -999 -999 -999 -999 -999 -999 -999 -999 -999 -999 -999 -999 -999 -999 -999 -999 -999 -999 -999 -999 -999 -999 -999 -999 -999 -999 453 454 457 459 466 501 571 638 679 707 739 791 837 860 888 932 958 962 966 972 979 980 981 971 955 973 1015 1047 1082 1115 1094 1081 1084 1084 1082 1077 1076 1075 1074 1072 1073 1078 1080 1071 1064 1066 -999 -999 -999 -999 -999 -999 -999 -999 -999 -999 -999 -999
-999 -999 -999 -999 -999 -999 -999 -999 -999 -999 -999 -999 -999 -999 -999 -999 -999 -999 -999 -999 -999 -999 -999 -999 -999 -999 451 453 453 454 455 453 466 520 581 616 655 711 749 788 818 863 917 951 954 949 942 953 963 960 940 921 959 1011 1043 1072 1087 1078 1070 1078 1083 1083 1081 1077 1076 1075 1073 1076 1085 1084 1073 1066 -999 -999 -999 -999 -999 -999 -999 -999 -999 -999 -999 -999 -999
-999 -999 -999 -999 -999 -999 -999 -999 -999 -999 -999 -999 -999 -999 -999 -999 -999 -999 -999 -999 -999 -999 -999 -999 -999 -999 450 452 451 451 453 453 467 499 542 553 618 698 746 768 789 836 887 902 920 912 891 914 942 936 909 904 945 990 1021 1054 1065 1064 1059 1063 1078 1088 1085 1079 1076 1075 1074 1075 1080 1077 1071 -999 -999 -999 -999 -999 -999 -999 -999 -999 -999 -999 -999 -999 -999
-999 -999 -999 -999 -999 -999 -999 -999 -999 -999 -999 -999 -999 -999 -999 -999 -999 -999 -999 -999 -999 -999 -999 -999 -999 451 452 451 450 450 451 453 453 474 564 613 631 701 751 776 792 816 841 845 853 842 830 883 940 914 884 893 925 959 989 1013 1027 1041 1039 1035 1063 1083 1085 1079 1075 1073 1072 1072 1071 1071 1068 -999 -999 -999 -999 -999 -999 -999 -999 -999 -999 -999 -999 -999 -999
-999 -999 -999 -999 -999 -999 -999 -999 -999 -999 -999 -999 -999 -999 -999 -999 -999 -999 -999 -999 -999 -999 -999 450 454 455 455 453 451 449 449 452 454 492 599 661 622 642 700 760 780 789 817 829 804 775 780 816 862 876 860 873 897 936 966 970 982 1009 1028 1034 1055 1078 1084 1083 1076 1070 1070 1070 1080 1083 1070 -999 -999 -999 -999 -999 -999 -999 -999 -999 -999 -999 -999 -999 -999
-999 -999 -999 -999 -999 -999 -999 -999 -999 -999 -999 -999 -999 -999 -999 -999 -999 -999 -999 -999 -999 440 446 451 454 457 457 454 450 445 444 450 456 475 539 566 554 568 623 683 731 764 812 838 791 751 730 732 795 843 840 835 869 923 948 927 927 995 1040 1039 1047 1073 1090 1086 1077 1072 1071 1075 1102 1116 -999 -999 -999 -999 -999 -999 -999 -999 -999 -999 -999 -999 -999 -999 -999
-999 -999 -999 -999 -999 -999 -999 -999 -999 -999 -999 -999 -999 -999 -999 -999 515 465 432 425 432 438 444 450 455 458 457 455 448 439 439 443 447 446 444 469 481 536 579 633 700 748 795 805 768 718 674 663 728 817 797 770 811 873 894 866 893 971 1024 1030 1031 1080 1112 1093 1078 1074 1073 1079 1099 1110 1089 -999 -999 -999 -999 -999 -999 -999 -999 -999 -999 -999 -999 -999 -999
-999 -999 -999 -999 -999 -999 -999 -999 -999 -999 -999 -999 -999 -999 604 583 568 491 436 429 433 436 440 446 451 455 458 456 446 436 435 436 438 439 439 439 459 519 570 614 668 716 776 767 743 673 603 587 629 680 699 703 745 797 825 823 888 959 1004 1023 1044 1087 1121 1096 1078 1076 1074 1072 1079 1082 1072 1081 -999 -999 -999 -999 -999 -999 -999 -999 -999 -999 -999 -999 -999
-999 -999 -999 -999 -999 -999 -999 -999 -999 -999 -999 697 671 649 622 595 551 481 433 432 433 436 439 442 446 449 450 448 441 434 430 429 432 434 437 437 457 498 544 580 605 633 673 703 714 616 533 556 564 575 616 648 686 736 786 834 913 982 1010 1032 1042 1068 1087 1086 1080 1076 1073 1072 1070 1068 1067 1076 1095 -999 -999 -999 -999 -999 -999 -999 -999 -999 -999 -999 -999
-999 -999 -999 -999 -999 -999 -999 -999 794 756 730 709 674 646 626 601 529 455 431 431 432 436 439 441 443 443 443 438 432 428 423 423 427 429 432 434 435 459 513 557 550 536 559 592 595 547 515 546 561 559 574 602 626 699 762 839 930 998 1031 1043 1036 1044 1069 1083 1079 1075 1073 1071 1068 1065 1066 1069 1072 1077 1075 1074 -999 -999 -999 -999 -999 -999 -999 -999 -999
-999 -999 -999 -999 856 -999 -999 831 809 760 720 690 662 645 629 597 527 450 429 429 430 434 436 438 439 439 437 431 424 421 418 419 422 424 426 428 429 447 491 524 518 513 519 513 517 508 557 596 569 529 561 611 646 693 752 827 910 956 1017 1041 1023 1041 1069 1081 1077 1074 1072 1070 1067 1062 1065 1067 1070 1073 1073 1072 1072 1070 -999 -999 -999 -999 -999 -999 -999
-999 -999 933 900 878 890 872 824 787 743 696 661 631 639 638 599 539 481 444 429 428 429 431 433 434 434 433 430 425 419 415 415 417 420 422 423 423 434 462 493 499 505 522 528 525 540 622 675 630 581 619 647 680 718 739 783 853 887 937 986 1005 1041 1076 1077 1073 1072 1071 1070 1067 1065 1066 1067 1071 1074 1073 1071 1072 1073 -999 -999 -999 -999 -999 -999 -999
1000 968 946 923 885 872 849 804 758 715 691 668 633 647 658 627 578 498 441 430 429 428 427 428 429 430 429 428 424 418 417 415 415 416 418 420 420 419 430 484 514 520 533 546 551 590 658 705 692 691 752 784 761 748 680 677 772 840 896 962 1005 1037 1065 1071 1070 1071 1071 1069 1067 1068 1069 1070 1072 1073 1072 1072 1075 1075 1065 1053 -999 -999 -999 -999 -999
1010 968 930 907 872 835 824 796 762 709 714 720 700 691 685 672 608 502 434 431 429 426 424 424 425 424 423 420 417 416 418 417 417 418 418 418 416 415 441 489 523 532 537 544 564 625 678 740 765 809 884 901 867 823 738 661 735 843 912 978 1003 1030 1054 1068 1071 1071 1070 1068 1067 1067 1069 1071 1072 1074 1074 1074 1078 1077 1070 1063 -999 -999 -999 -999 -999
994 951 898 893 877 848 824 811 794 764 753 761 751 728 715 703 614 486 436 433 430 426 421 421 421 419 417 413 410 409 410 414 418 420 421 420 417 415 444 484 490 501 525 537 588 665 731 803 871 906 958 946 936 925 865 779 762 840 932 984 1001 1023 1046 1072 1072 1071 1069 1067 1066 1065 1063 1060 1065 1075 1077 1074 1074 1075 1074 1078 1077 1062 -999 -999 -999
968 936 904 902 897 864 835 822 817 798 770 766 764 752 741 718 631 526 464 435 433 430 426 422 418 413 411 408 405 404 402 410 416 419 422 423 420 422 438 456 449 458 503 531 620 717 787 855 905 953 986 980 968 958 936 818 712 830 940 986 1001 1013 1034 1050 1057 1065 1068 1067 1066 1065 1054 1046 1062 1078 1079 1072 1069 1072 1072 1077 1085 1067 -999 -999 -999
-999 929 920 918 900 869 843 827 813 791 767 778 786 767 750 718 661 572 480 434 433 433 430 424 420 414 409 404 403 402 404 409 414 416 418 418 419 416 419 428 429 454 499 558 644 727 798 884 924 959 961 965 983 992 956 871 810 868 955 1003 1033 1020 1023 1029 1035 1042 1048 1061 1068 1061 1045 1037 1058 1088 1079 1070 1069 1070 1069 1069 1069 1060 1045 -999 -999
-999 934 923 924 900 866 843 825 808 786 779 790 793 773 753 731 692 614 510 439 432 430 428 425 421 417 411 406 403 401 405 410 412 413 414 414 414 412 410 412 416 467 515 590 669 717 771 822 866 912 926 925 951 973 974 958 932 952 984 1022 1045 1019 1015 1029 1032 1022 1024 1056 1076 1057 1034 1028 1041 1057 1064 1066 1069 1069 1066 1064 1064 1060 1047 -999 -999
-999 934 912 900 884 861 840 820 812 797 791 800 794 776 753 735 725 679 597 516 461 439 427 424 420 417 414 409 405 404 407 410 410 411 411 410 410 409 410 412 436 486 543 629 705 722 749 749 778 811 836 879 921 946 961 966 983 997 996 1015 1029 1021 1023 1042 1046 1038 1036 1062 1086 1052 1023 1021 1021 1032 1046 1057 1066 1067 1064 1065 1072 1070 -999 -999 -999
-999 -999 911 888 875 859 841 827 823 811 791 787 788 779 743 715 711 701 651 566 507 485 461 435 419 418 416 412 408 406 408 409 408 409 408 408 407 406 408 412 459 512 566 643 706 723 725 709 710 729 749 837 902 938 962 984 1005 1014 1010 1011 1035 1048 1054 1066 1056 1056 1046 1053 1061 1043 1018 1015 1020 1037 1046 1054 1068 1066 1063 1070 1085 -999 -999 -999 -999
-999 -999 930 897 874 860 844 839 835 813 784 775 785 762 707 680 711 714 658 588 546 530 495 460 438 426 420 417 414 411 410 407 406 406 406 405 405 403 403 418 474 532 565 617 647 677 673 655 675 710 758 836 900 941 974 997 1023 1033 1032 1028 1038 1057 1080 1071 1043 1033 1034 1028 1051 1053 1032 1016 1028 1052 1061 1064 1068 1064 1062 1068 -999 -999 -999 -999 -999
-999 -999 924 898 876 865 853 847 844 812 782 750 752 719 649 631 652 669 664 619 564 529 508 477 452 435 425 419 417 415 411 405 402 403 404 403 403 401 398 428 480 518 545 570 585 604 589 574 655 707 793 881 926 957 984 1004 1023 1033 1040 1030 1024 1029 1043 1044 1019 1010 1017 1028 1051 1064 1040 1020 1036 1059 1066 1068 1066 1063 1062 -999 -999 -999 -999 -999 -999
-999 -999 -999 885 878 872 858 846 834 811 762 690 659 632 585 584 580 593 596 585 554 530 518 500 480 453 426 417 416 414 409 401 399 399 400 401 401 400 400 427 470 497 519 530 541 537 510 550 659 741 829 922 950 976 991 1008 1023 1034 1037 1031 1021 1006 1003 1025 1024 1031 1025 1026 1049 1055 1043 1035 1038 1052 1061 1068 1071 1062 -999 -999 -999 -999 -999 -999 -999
-999 -999 -999 882 877 869 850 836 831 816 768 692 619 567 569 585 577 553 538 544 531 528 526 531 521 495 464 436 416 412 407 401 397 395 396 398 398 398 400 409 440 474 497 497 495 497 484 556 673 774 850 914 953 981 995 1010 1029 1043 1038 1035 1033 1025 1022 1032 1058 1077 1075 1058 1056 1057 1057 1056 1056 1058 1061 1079 1095 -999 -999 -999 -999 -999 -999 -999 -999
-999 -999 -999 886 876 857 831 819 819 813 793 740 675 612 586 603 585 552 535 529 526 526 525 528 534 528 504 473 448 430 414 401 394 392 394 396 397 397 400 403 423 459 492 509 514 502 485 542 629 730 832 911 956 979 996 1015 1039 1046 1037 1033 1040 1047 1040 1041 1069 1103 1104 1081 1069 1068 1069 1072 1073 1072 1073 1077 -999 -999 -999 -999 -999 -999 -999 -999 -999
-999 -999 905 884 867 838 810 805 805 794 776 748 714 656 596 575 567 544 531 523 522 523 522 520 523 523 515 498 475 459 443 412 391 390 392 394 395 397 401 403 414 439 486 536 570 580 562 554 584 672 778 877 946 975 998 1015 1036 1037 1031 1031 1036 1043 1046 1051 1075 1100 1092 1080 1077 1075 1075 1077 1077 1079 -999 -999 -999 -999 -999 -999 -999 -999 -999 -999 -999
-999 -999 874 870 849 817 797 805 804 778 761 719 679 631 571 545 551 545 536 523 519 520 518 515 519 526 522 511 496 483 460 414 387 389 391 392 393 395 398 398 396 417 461 513 581 645 623 596 656 708 769 865 917 940 969 1001 1024 1025 1023 1026 1030 1046 1054 1062 1078 1091 1086 1081 1078 1077 1077 1079 -999 -999 -999 -999 -999 -999 -999 -999 -999 -999 -999 -999 -999
-999 -999 -999 863 843 813 804 811 794 756 726 686 639 599 548 546 550 551 546 530 517 515 514 512 516 521 526 527 513 499 462 416 390 388 390 392 393 393 394 394 392 416 444 488 551 614 644 663 737 791 826 887 893 898 929 960 987 1005 1016 1017 1027 1047 1062 1066 1074 1099 1108 1091 1079 1077 -999 -999 -999 -999 -999 -999 -999 -999 -999 -999 -999 -999 -999 -999 -999
-999 -999 -999 857 843 822 820 822 773 724 693 659 619 576 550 548 547 546 545 527 507 511 514 513 513 519 529 527 515 501 468 426 402 389 389 392 392 393 392 391 398 425 452 482 525 622 691 713 758 806 852 877 884 893 909 925 953 978 997 1008 1028 1052 1063 1068 1081 1114 1132 1099 1078 1077 -999 -999 -999 -999 -999 -999 -999 -999 -999 -999 -999 -999 -999 -999 -999
-999 -999 -999 839 820 820 828 806 745 694 663 635 599 557 549 548 543 539 531 516 499 500 517 514 513 520 531 524 508 479 444 421 403 385 386 388 391 392 391 389 403 427 449 468 511 591 675 715 742 764 798 845 874 890 906 924 943 963 986 1006 1029 1053 1062 1070 1080 1103 1108 1091 -999 -999 -999 -999 -999 -999 -999 -999 -999 -999 -999 -999 -999 -999 -999 -999 -999
-999 -999 847 823 791 811 827 778 713 664 629 604 580 552 549 548 539 533 512 506 475 455 465 486 509 517 515 486 472 447 409 398 386 382 383 385 388 389 388 389 401 420 444 462 490 541 599 645 697 730 749 818 868 906 922 922 941 962 983 1006 1028 1046 1057 1065 1073 1080 1086 -999 -999 -999 -999 -999 -999 -999 -999 -999 -999 -999 -999 -999 -999 -999 -999 -999 -999
-999 -999 -999 829 808 807 816 746 679 647 607 585 571 557 550 544 534 512 473 452 434 398 407 427 455 482 472 431 413 401 386 383 376 381 384 384 386 386 385 392 404 418 445 465 480 510 549 579 688 763 794 830 887 947 967 957 954 961 980 1004 1028 1041 1052 1061 1069 1074 1076 -999 -999 -999 -999 -999 -999 -999 -999 -999 -999 -999 -999 -999 -999 -999 -999 -999 -999
-999 -999 -999 842 809 782 758 711 665 638 608 589 571 558 546 541 534 501 441 407 407 396 391 389 403 431 423 395 380 369 375 380 383 387 384 382 381 382 382 396 410 414 429 449 456 486 532 579 670 797 836 861 897 957 987 986 971 965 979 1004 1025 1039 1049 1050 1060 1067 1069 -999 -999 -999 -999 -999 -999 -999 -999 -999 -999 -999 -999 -999 -999 -999 -999 -999 -999
-999 -999 786 806 775 739 718 687 658 631 610 590 575 563 550 539 537 519 480 429 402 394 388 390 398 400 393 385 373 364 372 384 395 402 398 389 379 378 381 390 402 401 403 433 452 492 531 540 587 679 769 845 883 916 942 962 965 956 979 1006 1017 1030 1037 1030 1039 1056 1064 1065 -999 -999 -999 -999 -999 -999 -999 -999 -999 -999 -999 -999 -999 -999 -999 -999 -999
-999 -999 769 765 740 719 703 681 652 626 611 593 580 570 547 528 528 533 507 438 396 389 384 390 397 398 395 381 367 363 368 382 402 415 414 406 386 375 376 379 393 402 412 434 467 512 544 530 516 573 676 789 868 894 906 931 947 954 974 1002 1000 1005 1007 1004 1027 1053 1062 1064 -999 -999 -999 -999 -999 -999 -999 -999 -999 -999 -999 -999 -999 -999 -999 -999 -999
-999 -999 766 751 725 710 697 689 673 640 614 599 585 568 539 511 524 534 483 421 393 384 383 389 395 399 397 376 359 363 365 384 407 420 425 413 385 372 375 378 391 411 427 445 480 525 544 531 551 612 675 780 887 899 912 932 945 945 954 968 975 977 980 988 1020 1049 1059 1065 1051 -999 -999 -999 -999 -999 -999 -999 -999 -999 -999 -999 -999 -999 -999 -999 -999
-999 -999 757 749 743 744 731 717 708 651 608 593 583 561 530 503 497 502 462 406 391 379 384 388 395 400 394 375 359 365 371 386 407 427 439 417 390 378 376 378 384 402 429 453 484 521 529 529 584 660 722 804 864 891 925 954 968 943 931 940 952 958 962 984 1013 1037 1051 1057 1049 -999 -999 -999 -999 -999 -999 -999 -999 -999 -999 -999 -999 -999 -999 -999 -999
-999 -999 769 763 776 792 780 760 722 652 593 581 570 556 529 473 443 440 423 400 385 379 388 393 397 403 398 386 371 366 373 381 392 406 421 418 398 385 378 376 374 398 429 462 495 514 523 534 568 634 728 806 824 844 899 959 971 935 912 907 916 938 949 988 1021 1030 1045 1054 1053 -999 -999 -999 -999 -999 -999 -999 -999 -999 -999 -999 -999 -999 -999 -999 -999
-999 -999 787 790 815 836 806 793 731 657 609 579 566 562 534 470 416 406 403 392 379 383 393 397 398 398 396 391 372 360 377 388 381 378 400 412 400 384 378 377 381 406 434 475 512 521 528 524 525 600 708 787 812 811 870 933 918 899 879 858 852 859 917 991 1020 1018 1027 1045 1058 1056 -999 -999 -999 -999 -999 -999 -999 -999 -999 -999 -999 -999 -999 -999 -999
-999 827 835 839 857 849 802 765 711 655 617 580 568 564 528 464 424 409 399 389 379 387 395 392 393 392 387 377 362 366 388 396 385 380 396 420 396 375 375 377 391 413 437 467 501 520 527 504 493 586 698 798 855 846 848 871 869 858 850 831 802 766 890 994 1010 1003 1012 1035 1050 1056 1052 -999 -999 -999 -999 -999 -999 -999 -999 -999 -999 -999 -999 -999 -999
-999 833 895 885 889 854 797 731 680 638 607 579 565 555 526 478 434 406 400 394 386 386 389 382 382 388 385 368 354 376 400 401 388 384 393 397 382 369 373 377 400 421 431 449 468 485 492 477 483 565 654 739 852 831 787 778 777 806 833 835 827 829 909 1006 1000 993 1003 1023 1044 1055 1051 -999 -999 -999 -999 -999 -999 -999 -999 -999 -999 -999 -999 -999 -999
-999 -999 822 896 902 873 827 749 674 627 596 580 566 553 541 500 440 404 400 399 383 374 373 370 379 393 390 374 370 390 409 411 405 393 388 379 369 367 372 385 409 423 425 433 440 448 466 467 494 544 575 627 687 704 692 679 679 738 781 827 864 881 924 965 978 983 987 1003 1033 1053 1058 -999 -999 -999 -999 -999 -999 -999 -999 -999 -999 -999 -999 -999 -999
-999 -999 -999 924 929 898 847 768 696 643 601 583 569 556 543 507 443 401 394 389 378 364 362 364 381 398 392 383 392 410 421 426 419 399 386 372 361 366 371 388 409 412 411 416 424 437 456 473 493 526 538 551 569 600 597 582 608 677 749 806 844 855 890 934 956 964 968 992 1031 1049 1054 -999 -999 -999 -999 -999 -999 -999 -999 -999 -999 -999 -999 -999 -999
-999 -999 -999 944 951 915 845 772 711 651 614 593 576 562 548 532 489 425 388 383 378 365 356 362 384 395 392 391 407 426 434 441 418 396 380 363 358 363 371 388 402 395 391 401 409 429 451 464 479 493 499 510 524 539 523 485 528 584 706 802 798 785 814 869 917 946 954 978 1010 1028 1049 1043 -999 -999 -999 -999 -999 -999 -999 -999 -999 -999 -999 -999 -999
-999 632 700 828 916 916 845 777 726 670 635 600 589 577 565 558 515 428 381 378 375 361 345 347 359 377 390 402 415 426 435 439 413 389 379 365 358 358 367 380 383 377 376 388 402 424 445 450 459 474 483 482 476 501 514 515 518 528 703 838 811 766 760 803 858 901 928 954 974 986 1005 1026 1031 -999 -999 -999 -999 -999 -999 -999 -999 -999 -999 -999 -999
-999 634 641 786 933 929 876 811 749 703 668 635 611 595 576 564 489 406 379 372 373 369 351 330 328 351 370 393 415 421 424 420 403 389 385 374 362 357 361 368 366 362 369 379 396 418 433 440 448 462 475 476 474 503 532 583 612 670 781 853 846 830 831 834 845 870 890 913 940 952 974 1010 1013 -999 -999 -999 -999 -999 -999 -999 -999 -999 -999 -999 -999
-999 631 695 856 973 954 926 856 791 744 703 664 633 607 584 546 463 395 385 376 380 388 355 325 327 341 356 382 403 415 417 409 400 389 381 376 361 355 357 359 357 354 361 371 396 418 425 432 446 461 471 475 489 520 559 629 701 780 860 879 882 891 901 910 922 916 887 876 923 952 972 1002 998 -999 -999 -999 -999 -999 -999 -999 -999 -999 -999 -999 -999
-999 764 805 937 984 965 936 889 833 784 739 693 652 614 586 545 481 421 393 383 380 374 342 314 331 347 361 378 398 417 418 410 399 385 377 383 377 361 353 354 354 354 356 371 399 419 427 434 447 461 473 480 496 526 591 659 719 786 862 909 922 937 950 968 997 966 927 918 934 953 963 979 980 -999 -999 -999 -999 -999 -999 -999 -999 -999 -999 -999 -999
1000 953 949 1007 993 974 949 913 860 810 767 719 676 636 598 564 522 449 399 383 375 351 320 315 337 352 362 377 396 417 416 411 396 381 383 394 390 366 354 353 353 352 352 363 385 411 430 440 451 463 476 486 491 513 594 674 713 760 829 890 934 973 994 1002 1010 982 954 944 945 963 973 972 973 977 -999 -999 -999 -999 -999 -999 -999 -999 -999 -999 -999
1064 1045 1023 1014 1006 988 962 937 878 821 781 738 696 657 614 574 520 447 394 379 366 341 307 320 344 357 367 379 394 406 407 403 390 377 388 399 379 358 353 353 351 349 347 349 364 400 426 439 453 465 477 490 497 531 599 657 677 717 799 885 926 966 996 1018 1013 987 968 958 959 982 999 995 992 997 992 -999 -999 -999 -999 -999 -999 -999 -999 -999 -999
1122 1081 1049 1031 1021 997 967 936 892 841 798 755 705 663 620 579 496 415 382 368 358 342 321 319 336 360 373 382 394 397 400 393 381 378 387 389 365 345 348 349 346 345 342 341 363 398 423 435 448 461 476 505 521 611 684 672 628 668 735 818 896 957 991 1017 1010 994 981 971 987 1012 1023 1018 1022 1036 1034 -999 -999 -999 -999 -999 -999 -999 -999 -999 -999
1155 1113 1068 1042 1024 1001 972 949 917 874 830 773 710 660 615 567 491 396 367 352 345 338 318 298 309 332 357 379 389 388 388 380 371 374 379 369 349 340 343 340 333 330 331 333 365 398 413 427 442 456 472 497 558 701 789 773 741 702 680 757 849 917 973 1009 1017 1012 1005 998 1018 1044 1053 1055 1052 1071 -999 -999 -999 -999 -999 -999 -999 -999 -999 -999 -999
1192 1153 1126 1090 1038 1010 993 977 949 905 861 794 729 663 608 575 525 448 383 347 335 326 308 286 291 302 336 365 375 376 373 364 360 364 366 353 337 333 333 327 317 313 314 326 357 388 402 415 431 447 462 478 538 644 759 846 854 800 774 800 840 885 948 987 1013 1026 1033 1033 1044 1057 1072 1087 1060 1055 -999 -999 -999 -999 -999 -999 -999 -999 -999 -999 -999
1220 1201 1202 1182 1113 1057 1032 1012 974 928 880 818 739 661 602 585 563 478 392 355 334 321 302 289 288 296 322 354 360 364 350 340 348 353 358 357 342 326 320 315 308 305 300 311 335 363 385 403 419 437 456 475 505 549 677 784 833 847 861 871 890 913 944 977 1012 1023 1035 1045 1061 1053 1053 1057 -999 -999 -999 -999 -999 -999 -999 -999 -999 -999 -999 -999 -999
1249 1240 1242 1229 1175 1120 1105 1081 1013 948 911 863 788 692 614 597 570 508 425 361 330 327 316 299 284 285 303 320 333 338 320 313 339 352 363 371 348 326 312 305 304 304 303 307 318 342 370 391 409 432 453 481 514 569 655 738 810 852 876 903 927 942 960 985 1005 1020 1029 1034 1042 1037 1028 1037 -999 -999 -999 -999 -999 -999 -999 -999 -999 -999 -999 -999 -999
-999 1267 1262 1246 1210 1187 1180 1139 1068 1011 970 921 857 778 690 631 597 563 470 379 343 342 334 314 297 287 284 285 297 300 292 308 342 362 373 375 348 320 303 291 295 300 303 304 316 336 361 382 404 431 457 498 527 598 681 739 800 855 883 910 940 959 965 985 995 1007 1018 1022 1025 1027 1031 1039 1041 -999 -999 -999 -999 -999 -999 -999 -999 -999 -999 -999 -999
-999 -999 1270 1272 1263 1244 1231 1179 1117 1082 1047 983 912 839 738 657 615 579 488 369 360 360 361 345 305 287 279 276 276 275 277 316 352 367 382 373 350 321 294 281 287 293 299 301 311 327 360 389 410 434 478 531 579 643 704 727 773 833 879 917 961 959 950 963 982 995 1010 1018 1016 1018 1036 1047 1040 -999 -999 -999 -999 -999 -999 -999 -999 -999 -999 -999 -999
-999 -999 1273 1275 1274 1274 1266 1216 1165 1138 1114 1030 946 866 776 691 624 582 522 448 411 389 409 412 363 316 282 269 280 290 299 327 356 364 372 356 345 315 282 279 284 290 298 301 305 323 366 402 415 433 486 552 632 693 722 733 767 826 878 904 939 933 919 946 972 989 1004 1009 1003 1006 1023 1038 1033 -999 -999 -999 -999 -999 -999 -999 -999 -999 -999 -999 -999
-999 -999 1274 1279 1269 1264 1253 1232 1214 1189 1151 1085 1000 909 824 730 650 610 576 530 482 452 450 454 419 371 335 304 301 316 319 333 342 351 347 328 311 289 270 279 284 287 293 294 293 327 372 401 414 434 479 545 654 741 734 733 784 844 864 878 896 898 903 932 965 982 996 996 992 996 1007 1019 1022 -999 -999 -999 -999 -999 -999 -999 -999 -999 -999 -999 -999
-999 1259 1275 1279 1270 1255 1245 1231 1214 1201 1189 1160 1074 979 867 754 678 637 597 551 518 488 461 446 426 404 384 347 326 317 313 323 320 322 310 295 282 264 265 276 282 283 284 285 289 332 380 399 413 434 467 564 699 761 751 748 789 855 831 827 856 873 889 914 941 965 981 987 987 992 999 1008 1018 -999 -999 -999 -999 -999 -999 -999 -999 -999 -999 -999 -999
1245 1257 1276 1285 1280 1264 1247 1231 1208 1192 1181 1166 1115 1045 889 753 692 654 603 544 506 481 457 444 428 402 380 360 332 297 277 283 294 288 275 266 268 258 265 277 281 282 281 279 296 334 372 397 414 424 448 579 717 763 767 739 738 773 783 780 829 858 867 885 921 949 959 966 977 985 989 996 1004 -999 -999 -999 -999 -999 -999 -999 -999 -999 -999 -999 -999
1242 1249 1263 1279 1287 1268 1248 1232 1213 1179 1170 1159 1127 1045 896 753 700 657 601 540 504 475 460 447 432 404 376 364 340 294 244 256 276 268 252 255 266 269 274 279 281 282 281 279 308 339 370 403 423 436 483 590 703 754 775 708 652 716 762 806 846 845 834 853 890 923 939 944 968 983 988 988 991 1000 -999 -999 -999 -999 -999 -999 -999 -999 -999 -999 -999
1240 1244 1256 1277 1281 1266 1251 1238 1210 1135 1093 1107 1129 1051 912 786 698 650 603 559 540 510 476 452 452 438 408 382 348 305 268 257 260 249 238 254 268 277 279 280 282 282 280 291 322 351 375 405 432 454 527 622 679 749 754 678 660 729 785 844 897 879 853 843 860 902 932 948 966 987 995 998 993 993 995 -999 -999 -999 -999 -999 -999 -999 -999 -999 -999
1242 1249 1260 1276 1277 1266 1262 1255 1194 1086 1009 1020 1027 985 909 785 665 644 617 595 586 554 512 486 481 478 438 404 357 314 275 245 240 236 240 257 274 288 294 289 285 281 279 295 323 352 373 393 413 454 542 626 619 650 670 638 693 777 837 890 922 919 895 869 864 901 941 950 961 976 992 1001 994 992 995 -999 -999 -999 -999 -999 -999 -999 -999 -999 -999
1244 1252 1258 1270 1278 1276 1274 1279 1191 1092 1018 970 944 929 870 768 675 660 649 628 613 574 538 514 500 474 440 408 364 319 283 246 232 228 246 264 286 305 307 300 293 285 283 291 311 341 366 376 387 435 509 549 539 549 615 650 742 833 881 931 934 928 909 876 874 906 935 946 952 961 974 980 981 989 995 997 -999 -999 -999 -999 -999 -999 -999 -999 -999
1244 1253 1260 1268 1285 1284 1276 1252 1188 1105 1017 953 945 927 856 772 716 688 666 647 623 579 542 524 507 463 424 390 353 320 292 257 232 230 253 276 304 327 314 306 298 289 292 301 314 335 356 361 373 412 465 479 481 546 616 699 794 861 901 938 939 935 915 889 897 914 930 944 951 954 959 962 969 978 987 993 991 -999 -999 -999 -999 -999 -999 -999 -999
1247 1255 1261 1261 1270 1275 1271 1242 1194 1109 1013 963 958 936 870 799 751 704 666 638 611 577 548 527 502 466 420 375 340 307 277 252 223 236 260 280 306 330 317 305 295 289 301 313 327 345 360 357 356 383 428 461 479 557 643 745 844 882 912 931 937 934 923 916 921 930 935 946 947 950 958 964 965 969 983 997 999 -999 -999 -999 -999 -999 -999 -999 -999
1251 1258 1261 1256 1254 1269 1267 1238 1202 1109 1009 998 993 952 894 841 794 735 670 623 601 573 549 526 506 479 433 384 337 293 264 243 226 243 267 270 285 311 320 308 292 289 297 312 333 355 388 403 377 365 423 489 569 655 717 795 875 901 926 933 939 935 928 927 932 936 938 942 943 947 960 971 963 961 977 1002 1003 993 -999 -999 -999 -999 -999 -999 -999
-999 1261 1270 1271 1273 1279 1263 1236 1197 1128 1055 1034 1024 976 923 877 835 753 673 625 594 571 548 526 508 484 436 391 333 282 257 238 234 245 262 273 280 313 340 332 317 297 289 309 332 362 406 432 397 391 461 536 669 783 804 848 888 917 935 942 944 939 935 933 935 935 937 938 940 944 953 959 954 950 960 976 982 -999 -999 -999 -999 -999 -999 -999 -999
-999 -999 1274 1287 1291 1291 1265 1239 1211 1174 1101 1050 1018 989 956 907 846 747 662 618 580 558 537 520 513 472 419 368 315 270 252 235 258 265 270 290 302 323 340 355 343 309 291 303 329 358 392 405 396 432 498 582 696 802 842 868 896 924 937 949 948 941 937 935 934 933 934 935 936 939 942 948 948 951 951 951 962 971 -999 -999 -999 -999 -999 -999 -999
1263 1264 1270 1284 1297 1292 1269 1242 1212 1180 1116 1037 997 963 932 906 836 725 652 609 570 544 521 494 477 445 396 341 287 263 250 258 298 304 283 288 305 321 313 315 319 304 285 283 298 324 361 395 410 483 550 616 703 783 838 869 895 924 936 945 942 939 938 936 936 935 934 932 933 935 938 942 948 957 961 956 956 965 -999 -999 -999 -999 -999 -999 -999
1264 1268 1271 1286 1303 1295 1280 1248 1213 1181 1135 1072 1005 939 896 863 802 713 650 602 561 527 500 464 437 423 386 327 268 262 255 263 296 298 270 264 279 290 281 271 294 298 277 260 257 275 327 379 445 537 598 642 708 779 849 859 876 907 932 938 936 936 936 937 938 939 937 936 934 933 933 936 942 953 960 955 953 961 971 -999 -999 -999 -999 -999 -999
1270 1276 1277 1282 1294 1302 1294 1261 1227 1194 1165 1109 1042 965 893 840 797 740 682 624 561 502 491 467 443 422 379 323 281 265 255 245 253 253 239 244 251 264 267 268 281 289 265 250 249 252 309 375 462 553 595 639 707 780 830 845 861 900 932 930 928 932 935 936 936 937 938 939 937 936 935 934 934 941 944 943 948 955 964 -999 -999 -999 -999 -999 -999
1280 1286 1277 1269 1279 1288 1281 1264 1240 1204 1168 1122 1066 980 897 851 808 763 715 659 601 541 500 480 455 430 376 321 285 259 239 225 222 223 224 227 235 249 261 255 258 263 255 245 241 253 292 361 464 550 555 580 696 788 817 837 863 898 920 921 921 925 929 932 934 935 936 937 939 940 939 938 937 936 932 933 944 952 960 -999 -999 -999 -999 -999 -999
1290 1292 1286 1280 1280 1274 1259 1242 1223 1200 1174 1135 1071 987 910 860 818 777 733 687 641 565 502 477 460 425 375 327 293 259 226 198 206 211 212 212 222 238 240 230 233 253 258 254 248 250 256 330 424 491 512 565 704 798 817 837 863 893 904 910 914 918 922 927 930 931 933 937 939 939 940 941 940 938 936 937 943 949 -999 -999 -999 -999 -999 -999 -999
1299 1300 1298 1303 1308 1294 1263 1229 1206 1185 1161 1135 1071 997 917 853 814 786 753 708 654 576 499 476 462 412 362 330 299 268 238 213 204 201 204 205 218 232 214 198 216 241 255 263 261 259 269 320 383 457 507 610 734 797 820 846 875 893 896 903 910 916 915 920 925 928 930 934 937 939 940 941 942 941 -999 -999 -999 -999 -999 -999 -999 -999 -999 -999 -999
1307 1309 1309 1316 1331 1318 1290 1246 1205 1176 1149 1110 1047 980 907 832 799 769 744 716 665 590 527 488 450 396 349 327 301 277 252 228 212 203 199 203 216 218 197 181 203 232 237 243 252 260 285 325 381 448 530 644 751 792 823 853 891 896 895 901 909 910 904 906 917 923 926 929 935 939 941 943 -999 -999 -999 -999 -999 -999 -999 -999 -999 -999 -999 -999 -999
1312 1316 1317 1317 1320 1313 1299 1252 1201 1174 1147 1097 1025 960 891 837 798 754 730 700 633 574 537 489 430 370 342 327 307 286 261 235 213 201 193 198 208 201 182 177 190 210 221 223 232 242 284 322 374 437 528 638 733 795 826 845 871 880 890 902 912 895 883 896 910 917 920 925 934 941 943 -999 -999 -999 -999 -999 -999 -999 -999 -999 -999 -999 -999 -999 -999
1314 1316 1315 1313 1309 1304 1283 1244 1203 1173 1147 1111 1055 971 887 852 821 765 718 666 593 546 525 482 408 342 337 328 309 291 266 236 220 210 196 190 194 184 170 170 166 195 218 222 221 239 283 328 381 438 518 615 712 791 806 822 839 849 863 885 897 871 854 882 903 910 913 920 928 936 943 -999 -999 -999 -999 -999 -999 -999 -999 -999 -999 -999 -999 -999 -999
1315 1313 1312 1311 1308 1302 1273 1244 1204 1168 1149 1134 1086 1001 926 880 839 756 690 633 566 535 528 469 389 344 338 329 306 287 271 243 232 228 204 185 179 172 169 172 173 190 220 222 220 241 276 333 389 448 519 603 704 781 762 763 804 824 836 856 854 837 844 874 896 905 911 915 921 929 936 943 -999 -999 -999 -999 -999 -999 -999 -999 -999 -999 -999 -999 -999
1314 1312 1311 1312 1310 1293 1260 1230 1196 1161 1153 1142 1092 1026 958 898 840 766 682 611 555 517 495 448 369 346 337 316 293 288 288 267 245 230 198 168 167 164 166 173 171 172 192 210 219 231 261 327 390 450 511 590 680 706 693 724 787 819 824 830 818 807 844 878 893 904 909 911 916 923 931 940 -999 -999 -999 -999 -999 -999 -999 -999 -999 -999 -999 -999 -999
1320 1312 1312 1326 1330 1287 1243 1213 1182 1161 1154 1143 1105 1050 981 915 852 789 692 605 544 489 463 448 397 348 326 298 271 268 273 266 245 215 182 164 162 159 160 164 159 151 174 202 215 225 261 325 390 451 505 558 637 622 606 677 760 804 810 806 796 806 850 884 893 902 906 907 911 917 925 934 -999 -999 -999 -999 -999 -999 -999 -999 -999 -999 -999 -999 -999
1339 1328 1327 1344 1340 1281 1231 1199 1171 1158 1148 1128 1104 1065 1002 930 860 790 691 586 538 487 462 457 404 327 295 276 254 240 238 234 223 196 167 164 164 160 156 152 150 150 165 190 209 220 258 309 379 448 471 495 531 539 555 629 709 761 791 782 774 814 863 883 890 900 906 910 912 915 919 927 -999 -999 -999 -999 -999 -999 -999 -999 -999 -999 -999 -999 -999
1349 1343 1333 1337 1313 1265 1217 1181 1160 1156 1141 1115 1093 1065 1020 940 861 790 706 616 544 488 448 421 368 297 274 261 244 227 216 210 199 176 159 164 166 159 153 149 145 143 147 173 201 225 251 289 363 432 451 442 447 477 561 647 688 738 765 751 755 816 879 880 884 890 900 912 915 916 918 924 936 -999 -999 -999 -999 -999 -999 -999 -999 -999 -999 -999 -999
1344 1342 1330 1314 1286 1248 1207 1166 1159 1161 1143 1114 1093 1080 1036 944 860 797 733 635 547 487 434 390 348 304 274 253 235 214 200 191 178 159 157 163 160 152 148 147 142 137 136 170 202 235 264 309 365 420 466 484 487 496 593 705 683 697 711 712 743 800 849 872 875 876 883 898 910 915 916 925 936 -999 -999 -999 -999 -999 -999 -999 -999 -999 -999 -999 -999
1343 1341 1332 1308 1274 1238 1198 1166 1167 1169 1142 1114 1098 1084 1020 936 864 800 723 624 538 483 429 398 359 309 267 252 241 218 190 170 162 151 155 161 151 140 141 142 137 129 143 178 210 240 280 334 387 420 468 522 547 564 621 667 641 625 643 656 717 777 838 879 871 858 867 888 901 908 914 924 935 944 -999 -999 -999 -999 -999 -999 -999 -999 -999 -999 -999
1345 1342 1337 1303 1268 1232 1193 1175 1175 1163 1136 1112 1098 1079 992 906 841 787 705 600 537 491 443 413 375 316 268 257 253 223 193 169 153 149 150 150 141 133 136 139 132 124 152 188 211 234 268 320 374 403 438 493 545 578 608 611 596 586 589 624 685 747 810 867 854 830 843 862 889 905 912 921 931 941 950 950 -999 -999 -999 -999 -999 -999 -999 -999 -999
1346 1346 1328 1289 1256 1228 1193 1182 1176 1155 1130 1105 1087 1030 945 875 803 739 666 577 544 511 455 410 369 316 274 256 240 215 190 162 139 139 141 139 134 130 130 130 126 130 159 189 205 222 240 276 310 343 402 468 517 554 572 556 559 548 544 589 647 713 774 814 820 814 817 838 880 908 914 919 927 937 944 948 950 -999 -999 -999 -999 -999 -999 -999 -999
1353 1349 1312 1268 1235 1206 1188 1180 1167 1147 1124 1099 1073 967 871 813 755 698 644 576 525 489 444 393 362 320 283 252 225 201 178 153 133 128 128 125 123 123 122 123 121 132 157 182 195 222 257 269 255 276 367 444 487 532 513 479 488 506 512 547 600 672 739 779 804 799 796 833 884 912 920 925 928 933 942 949 950 952 -999 -999 -999 -999 -999 -999 -999
1355 1336 1295 1250 1211 1182 1172 1164 1153 1139 1119 1094 1040 931 822 760 710 648 594 549 488 450 413 383 362 331 288 253 227 197 169 148 131 120 117 113 112 115 117 119 119 125 141 173 194 243 297 319 319 323 363 418 449 481 454 404 443 486 504 524 577 637 705 758 788 781 773 839 898 910 921 928 927 932 940 947 948 950 -999 -999 -999 -999 -999 -999 -999
1352 1319 1281 1227 1173 1145 1146 1147 1136 1124 1103 1083 1016 919 828 752 677 591 539 511 468 430 392 377 359 323 283 255 233 202 167 141 122 110 114 114 111 110 114 118 121 123 137 177 215 269 325 364 398 393 410 426 431 424 419 421 465 495 490 505 606 684 709 751 772 770 789 844 896 903 911 920 925 929 937 944 949 952 -999 -999 -999 -999 -999 -999 -999
1348 1297 1254 1188 1120 1103 1102 1108 1112 1105 1083 1057 1001 922 826 740 663 581 532 496 460 423 393 376 355 313 272 239 217 192 158 127 104 104 115 116 113 112 118 122 124 127 145 176 227 291 336 372 403 418 433 448 457 447 429 452 501 521 521 557 658 730 723 738 743 756 790 831 860 878 900 916 920 919 927 943 952 954 956 -999 -999 -999 -999 -999 -999
1327 1271 1212 1146 1085 1062 1054 1074 1084 1079 1065 1037 1007 927 824 733 655 583 549 514 457 413 394 376 348 309 261 214 187 169 144 114 81 105 125 122 115 117 124 128 130 134 144 165 215 271 331 377 399 414 434 457 476 479 470 480 514 545 558 613 695 722 714 700 697 715 759 800 827 849 891 920 909 902 920 943 953 954 955 945 -999 -999 -999 -999 -999
1311 1259 1179 1103 1047 1010 1000 1017 1042 1061 1049 998 964 909 814 731 654 595 558 514 444 396 382 368 343 311 249 192 166 153 135 109 96 115 134 124 116 118 125 132 137 139 145 166 201 254 326 379 394 410 435 458 474 487 490 485 514 558 593 644 705 709 707 671 648 678 723 766 803 840 894 919 890 876 913 948 952 951 953 954 -999 -999 -999 -999 -999
1300 1240 1139 1051 1006 957 936 944 962 985 981 940 910 894 835 748 658 598 551 512 451 391 367 339 304 273 222 166 147 132 119 103 109 122 126 119 115 116 120 126 133 138 142 168 200 252 321 374 389 407 431 454 474 488 489 488 527 584 616 652 676 685 678 630 609 658 701 744 787 828 875 879 856 864 903 934 946 950 953 955 921 -999 -999 -999 -999
1300 1207 1089 1011 967 932 918 902 889 901 889 861 869 898 868 784 699 621 559 534 493 421 368 307 254 224 185 154 133 111 102 96 112 125 118 112 112 113 115 121 127 133 143 167 196 237 293 326 359 399 425 445 463 480 491 502 536 579 612 644 642 645 621 582 592 643 690 734 773 807 845 832 813 852 894 927 947 947 942 936 905 -999 -999 -999 -999
1304 1162 1030 984 943 917 903 876 849 832 813 801 817 839 844 810 735 652 606 578 517 430 355 284 226 200 161 150 135 116 98 98 116 125 122 115 109 109 111 115 121 128 143 162 196 234 256 277 319 378 419 434 451 475 493 512 536 566 601 634 649 629 573 544 575 618 661 722 748 772 791 790 797 840 882 916 946 934 922 922 908 -999 -999 -999 -999
1259 1117 1003 964 930 910 893 844 795 769 748 747 760 795 838 829 763 690 653 623 521 423 333 252 219 205 180 158 141 122 105 110 121 127 129 119 110 107 107 109 115 123 138 155 202 245 245 249 303 373 408 419 439 471 500 517 538 570 600 649 689 652 588 549 551 572 595 637 687 723 749 761 792 832 870 907 920 906 904 924 924 878 -999 -999 -999
1216 1077 1002 957 925 902 869 819 760 693 672 692 704 741 799 831 800 747 706 638 517 404 306 216 209 209 194 167 143 122 113 116 120 125 128 117 105 105 106 108 112 118 131 147 180 218 220 222 301 375 396 403 430 464 493 516 543 577 614 669 715 659 599 552 530 531 527 556 619 672 716 748 786 825 851 885 888 877 903 937 924 -999 -999 -999 -999
1167 1053 996 945 922 898 857 802 684 575 573 632 655 667 707 745 762 760 754 644 517 405 291 203 190 183 173 160 140 115 113 115 118 124 121 111 105 105 105 109 112 119 127 128 139 168 186 227 302 366 393 409 424 454 488 515 556 594 633 689 687 627 575 532 492 505 510 553 593 638 698 746 790 811 824 847 857 861 912 962 926 -999 -999 -999 -999
1131 1044 979 936 915 894 861 809 626 457 508 599 620 623 644 681 703 696 679 598 508 419 315 225 170 157 151 137 117 107 111 112 114 117 114 106 104 105 106 108 113 118 124 126 130 150 166 232 304 350 390 405 404 432 477 516 575 616 634 672 636 589 549 510 493 496 518 567 607 639 686 745 802 787 782 812 836 869 921 944 914 877 -999 -999 -999
1109 1035 955 923 901 875 853 758 565 440 473 543 576 582 612 646 641 628 584 512 454 408 328 214 133 131 128 114 95 101 110 111 109 109 108 105 104 104 105 106 111 117 121 127 147 176 197 235 294 331 368 379 381 420 471 497 532 575 606 609 569 536 537 503 493 495 525 569 603 627 659 704 754 754 730 791 834 860 912 925 899 857 -999 -999 -999
1104 1035 967 923 887 847 817 665 489 414 397 451 510 556 591 596 576 559 521 453 423 398 294 172 113 107 104 95 86 100 113 109 106 107 107 105 103 104 105 107 110 114 117 121 155 203 205 216 261 309 342 361 378 414 454 456 464 502 537 539 511 526 561 544 508 498 522 555 576 600 632 649 723 769 773 796 823 824 850 873 876 841 -999 -999 -999
1098 1039 977 922 875 829 743 582 438 401 365 402 469 559 624 586 524 502 493 457 423 385 251 118 99 90 87 82 87 101 107 104 103 106 107 106 104 104 107 108 110 113 114 119 142 172 183 184 237 293 330 357 374 397 414 416 429 455 471 490 486 526 581 563 508 498 512 532 548 583 638 677 746 825 798 791 795 791 806 839 849 829 -999 -999 -999
1096 1043 972 910 862 814 669 500 416 385 358 365 427 564 669 562 475 471 474 453 418 333 204 110 86 73 76 75 88 102 101 98 100 104 107 108 107 105 106 107 108 116 120 121 128 144 166 189 230 280 327 359 366 381 381 378 415 452 472 482 490 511 540 533 504 492 493 513 532 585 655 717 775 812 798 776 775 781 821 852 845 833 -999 -999 -999
1094 1036 957 893 845 779 600 411 388 361 337 311 410 564 607 528 450 443 440 397 365 275 163 108 78 70 72 77 89 98 95 93 97 101 106 109 107 103 103 105 109 118 126 121 122 134 152 182 215 272 328 349 351 354 355 363 406 453 481 497 529 546 533 526 511 491 488 502 525 582 646 701 770 808 805 787 773 795 845 870 859 852 876 908 -999
1092 1021 944 882 826 755 627 475 382 343 322 310 431 575 573 520 464 431 394 330 279 205 128 96 65 71 75 83 92 93 91 93 97 102 106 109 103 99 101 103 107 114 120 121 117 117 132 158 194 267 337 336 335 335 334 354 394 436 475 519 588 616 581 558 533 483 488 502 531 577 620 659 715 769 800 785 764 810 861 882 877 876 892 897 -999
1076 1012 944 889 831 766 708 527 384 333 310 341 439 526 536 515 456 404 374 325 247 161 109 77 67 77 82 89 95 89 86 93 99 104 109 106 100 97 99 102 107 111 120 126 123 118 121 129 179 249 294 302 317 320 322 353 385 426 469 523 589 617 609 599 598 570 534 512 530 568 607 638 684 745 770 760 770 826 877 908 920 897 897 894 -999
1054 989 937 897 834 761 675 522 357 320 295 330 404 480 521 491 430 384 364 331 253 171 111 62 74 89 90 92 90 83 83 91 98 104 111 104 97 98 99 103 108 115 123 129 129 126 127 132 169 228 237 238 268 297 322 352 393 447 487 521 580 571 561 604 658 653 604 586 588 583 602 642 694 748 754 739 785 846 888 929 946 899 886 900 894
1029 963 915 871 814 746 649 521 400 324 286 283 332 424 494 459 403 359 328 290 241 182 109 69 81 95 93 90 84 78 83 91 96 101 102 98 96 99 101 103 107 117 125 128 128 129 131 132 148 181 193 189 237 282 326 362 410 479 492 495 517 520 526 587 642 643 633 667 676 633 606 644 701 746 769 777 815 871 886 914 900 871 891 926 920
1004 949 895 843 794 731 633 529 415 311 282 269 301 388 442 427 388 335 283 243 199 146 87 77 85 89 89 85 79 76 87 95 94 96 94 90 93 97 100 101 106 117 126 127 129 130 131 129 124 142 175 205 246 290 339 379 406 458 456 438 459 476 517 577 616 628 636 666 695 633 569 647 718 758 798 821 843 869 883 884 861 847 908 959 938
989 937 883 829 779 713 620 538 458 349 283 265 284 337 384 408 376 321 264 208 161 113 71 78 85 86 86 83 77 81 91 95 92 91 90 86 89 93 95 96 105 119 124 126 128 129 131 132 136 178 205 225 263 309 357 377 381 400 412 416 433 451 511 572 601 621 631 651 636 581 565 649 740 767 801 829 853 871 888 866 833 857 937 964 926
977 923 870 813 759 682 600 571 537 417 307 260 247 264 325 361 336 300 236 172 124 79 68 78 83 85 84 81 78 86 95 92 88 88 88 88 89 90 90 93 103 115 118 124 126 128 129 132 172 235 266 279 298 329 374 366 365 379 390 404 423 457 510 558 593 611 596 601 577 535 543 596 682 754 800 832 855 868 880 839 798 854 927 -999 -999
961 906 855 801 734 655 591 572 552 432 284 254 238 263 303 311 296 256 189 130 88 44 61 75 81 84 83 80 81 88 92 88 85 87 89 87 87 87 86 92 101 106 108 113 121 126 127 128 196 269 304 326 331 347 359 350 351 373 388 394 409 456 505 524 546 559 542 530 520 505 517 526 640 738 788 830 851 859 842 801 794 847 896 -999 -999
947 899 846 797 718 636 594 570 529 440 333 265 236 274 314 297 276 212 137 95 61 45 59 73 81 85 82 79 83 88 88 84 84 88 86 81 80 83 83 93 103 103 100 106 117 127 134 155 220 282 305 329 342 349 341 332 341 363 376 374 387 426 468 472 478 500 502 485 476 494 515 549 626 720 778 822 847 862 810 763 800 856 889 -999 -999
948 911 858 797 705 621 603 582 532 474 370 273 245 269 296 287 265 215 142 90 44 51 64 74 82 84 80 79 84 87 84 82 84 87 81 71 74 79 83 92 102 102 102 108 115 134 150 180 229 274 304 328 346 349 330 316 325 341 347 349 358 385 406 414 426 453 470 441 427 479 517 543 593 681 762 815 854 847 787 750 793 865 900 921 -999
961 919 871 805 723 655 619 589 544 479 355 247 235 240 265 276 265 240 193 142 92 67 68 75 82 80 77 80 85 86 84 82 83 83 77 71 74 79 80 84 92 98 103 108 112 121 143 180 222 264 300 324 348 342 320 308 309 313 323 324 317 328 342 359 373 395 408 396 410 474 524 559 591 667 761 813 857 808 753 731 747 812 893 932 -999
964 911 863 810 752 689 640 595 552 454 314 236 226 226 255 280 272 256 228 194 128 76 67 75 79 78 78 83 87 86 85 83 81 79 76 74 77 78 77 77 84 93 98 103 101 99 119 150 195 249 296 316 333 314 298 294 289 273 268 269 260 258 270 298 341 346 366 376 430 488 539 590 638 703 756 803 833 744 676 680 681 785 889 906 -999
943 897 849 800 750 700 647 595 548 445 309 237 220 247 285 295 287 277 253 215 131 60 67 76 78 78 80 85 87 84 83 81 79 77 74 74 76 77 75 79 85 90 93 95 90 87 100 117 166 219 257 289 299 283 276 282 274 230 196 206 207 215 211 277 358 383 385 400 451 503 534 581 647 727 720 731 729 671 619 626 669 793 892 -999 -999
915 876 845 799 749 702 644 587 533 468 363 267 216 264 324 311 298 288 276 213 117 67 72 78 79 79 83 87 86 82 80 79 76 74 73 73 73 74 74 79 87 87 88 86 79 77 85 106 147 189 217 248 243 234 262 279 276 250 211 180 173 199 219 301 394 420 421 439 475 501 513 543 591 642 643 632 652 634 633 621 687 812 872 872 856
895 873 857 820 755 702 633 568 507 449 371 259 216 244 286 306 305 300 292 187 88 74 77 81 83 84 85 87 86 83 80 77 74 71 71 71 71 72 72 74 79 81 80 79 75 75 74 93 130 158 180 195 188 200 262 298 288 287 239 197 210 229 253 322 379 397 423 461 488 498 509 508 521 549 566 582 605 635 666 678 748 842 860 875 864
891 879 871 827 753 692 632 559 480 418 360 275 225 210 257 299 310 308 262 153 74 77 80 85 90 87 87 86 86 85 81 77 72 69 69 69 70 71 69 65 71 77 77 76 76 78 79 91 113 123 140 152 153 200 280 308 292 275 241 215 269 304 328 365 363 367 403 448 478 493 492 469 468 498 515 535 562 616 670 722 783 824 835 852 866
889 883 870 808 741 688 641 558 472 410 368 306 228 195 241 298 314 312 219 110 77 80 84 88 90 88 86 85 85 84 81 76 71 69 69 69 70 70 70 68 71 76 77 76 77 79 79 80 91 102 112 120 132 199 273 283 281 264 234 227 268 336 388 398 370 356 391 441 468 488 458 418 427 469 490 497 529 610 675 727 784 786 800 832 859
836 843 837 795 730 666 613 540 456 402 356 280 199 180 212 254 287 277 174 74 78 82 86 90 90 88 86 84 84 83 81 74 69 68 68 69 70 71 72 72 73 75 76 76 76 76 76 74 76 81 92 102 130 188 240 251 250 225 209 205 213 280 349 370 361 352 372 404 438 470 412 360 406 452 456 448 519 617 678 722 752 716 714 797 857
781 784 782 762 702 631 572 509 446 394 332 242 161 174 190 225 266 216 121 75 80 84 87 89 88 87 84 82 81 81 78 72 69 69 69 70 71 71 72 72 72 73 75 75 75 74 74 74 76 78 82 86 116 162 187 207 205 174 163 168 177 234 303 308 306 322 339 354 378 395 372 347 389 435 449 446 535 643 659 681 685 646 663 767 808
714 726 743 734 663 592 549 492 440 391 325 235 167 165 185 223 247 164 75 75 81 84 86 86 84 83 82 80 78 78 74 69 69 70 70 69 69 70 71 70 71 72 74 74 74 74 74 74 75 77 81 88 106 124 130 146 147 130 131 139 159 200 238 253 264 285 301 308 317 357 370 363 379 420 462 495 563 624 620 622 644 635 688 764 772
650 672 693 680 625 573 544 499 443 390 334 261 187 148 174 221 200 123 72 76 80 81 83 81 80 80 79 78 76 74 72 70 70 70 68 67 67 67 68 68 69 71 72 72 72 74 75 74 74 76 79 86 98 104 102 102 107 110 115 121 133 149 183 207 216 235 258 261 279 318 354 354 349 402 449 495 562 581 575 584 609 650 700 750 760
619 637 648 639 607 565 537 504 444 392 342 276 173 109 143 184 147 87 73 75 77 78 78 77 76 76 75 75 74 73 71 70 70 68 66 65 65 65 65 66 67 69 70 70 71 72 73 74 74 74 76 80 87 86 86 92 98 99 98 104 114 127 146 164 154 159 198 219 241 273 318 344 361 395 428 450 491 508 519 542 562 619 681 731 775
607 634 641 627 600 542 501 472 432 396 353 289 204 133 114 121 101 71 72 73 74 74 73 71 71 71 71 71 70 71 71 69 68 66 64 63 63 63 63 64 65 66 66 66 68 70 71 72 72 72 72 73 75 76 78 86 93 94 94 95 96 100 114 123 114 115 157 193 213 240 303 361 384 411 409 401 406 429 457 495 527 593 659 698 742
610 634 638 626 583 523 476 451 424 396 361 313 253 157 100 90 78 70 70 71 71 70 67 65 66 66 67 67 68 68 68 67 66 64 62 60 60 61 61 62 63 63 62 63 65 67 69 71 71 71 70 69 68 67 74 84 89 91 92 93 94 93 92 95 99 111 138 167 181 223 288 343 381 411 386 369 391 397 416 459 505 561 616 657 688
595 596 611 614 569 511 475 444 424 402 371 330 253 142 68 75 72 71 69 68 68 66 63 61 61 62 64 65 65 66 65 64 62 60 58 55 56 58 59 60 61 61 60 61 62 64 66 68 69 70 69 68 67 66 74 83 87 89 90 92 93 93 93 94 96 96 110 152 180 229 279 319 358 371 357 358 395 415 426 450 479 518 566 611 662
588 564 583 575 538 499 470 442 429 412 378 350 233 108 70 71 72 72 70 70 68 63 59 58 58 60 62 63 62 62 61 59 57 55 54 52 53 56 57 57 58 57 58 59 60 61 63 66 68 68 68 68 67 69 74 80 83 87 89 91 92 93 93 94 95 95 115 155 199 251 295 309 336 340 335 352 384 416 426 443 469 501 536 576 666
630 611 599 549 512 474 440 427 430 414 373 326 223 95 70 71 71 71 72 72 67 61 57 56 56 58 60 59 59 58 57 54 51 50 50 50 52 53 54 54 54 53 55 56 57 57 59 62 64 66 67 67 66 69 73 76 79 83 87 90 93 93 93 93 93 94 132 171 217 270 291 291 313 334 338 337 360 414 445 443 457 493 531 599 693
648 651 614 552 501 453 405 400 399 383 356 320 251 162 102 75 71 72 73 74 66 58 55 55 55 57 57 56 55 55 53 49 45 45 45 47 49 49 50 50 49 50 52 53 54 55 56 57 60 62 64 65 66 66 69 71 74 80 84 87 90 92 91 91 92 101 135 185 229 276 298 298 313 349 361 364 380 431 462 440 440 476 522 624 718
-999 612 596 546 495 449 411 387 365 352 333 304 269 195 112 83 72 71 74 73 65 58 55 53 55 56 55 54 53 52 50 46 43 41 41 43 45 46 46 45 44 46 49 51 52 53 55 56 57 58 61 64 64 64 64 66 71 77 81 84 87 89 90 91 91 95 113 160 217 275 326 338 334 352 375 394 397 425 444 431 419 446 508 614 699
-999 562 568 544 492 447 417 390 359 332 313 291 246 171 105 86 68 70 72 70 64 58 54 52 53 54 54 52 51 50 47 44 42 41 40 40 41 43 44 42 41 44 47 48 49 51 54 55 55 57 59 62 63 64 64 65 68 74 77 80 84 88 90 91 91 90 91 136 194 251 312 336 331 336 358 379 391 403 445 458 -999 -999 -999 -999 -999
-999 -999 563 544 486 441 413 385 342 307 294 277 226 148 110 94 79 71 69 67 63 58 53 51 51 52 52 51 49 47 44 41 41 41 39 38 39 40 41 41 41 43 44 44 45 49 52 53 54 54 56 58 60 63 64 65 66 70 73 75 80 85 87 89 90 89 98 128 176 226 277 302 311 329 341 363 383 417 463 473 -999 -999 -999 -999 -999
-999 -999 551 522 476 434 403 367 325 294 279 265 230 173 133 106 87 74 69 66 62 57 53 52 51 51 52 50 48 45 42 39 38 37 37 36 36 37 38 39 40 41 42 43 44 47 51 51 51 51 52 54 56 60 62 63 63 65 68 72 77 82 84 86 86 86 93 108 180 252 277 287 311 337 354 367 385 433 481 454 -999 -999 -999 -999 -999
-999 -999 -999 508 475 444 407 352 308 299 292 271 251 213 161 121 91 72 69 66 60 55 53 52 51 51 50 48 46 43 40 38 36 35 35 35 35 35 36 37 38 39 40 42 43 44 47 48 48 47 48 51 54 57 60 61 62 63 65 69 73 78 81 82 81 84 92 112 205 299 288 287 312 344 364 373 403 453 477 -999 -999 -999 -999 -999 -999
-999 -999 -999 503 484 459 413 350 306 307 310 278 251 208 165 126 85 70 68 64 58 53 52 51 50 50 48 46 44 42 40 37 35 33 33 34 35 33 33 35 36 37 37 38 39 40 43 45 45 44 46 49 51 54 56 59 61 62 64 67 70 75 80 79 78 84 92 143 231 289 288 283 311 341 360 375 423 475 467 -999 -999 -999 -999 -999 -999
-999 -999 -999 510 494 474 417 340 306 297 295 279 238 187 142 108 71 69 69 63 56 52 51 50 48 47 46 45 43 41 39 37 34 31 30 31 32 30 29 31 32 33 34 35 36 38 40 42 43 43 45 46 48 50 52 54 57 60 63 65 69 74 77 75 76 86 96 167 251 283 292 296 311 336 361 389 438 481 457 -999 -999 -999 -999 -999 -999
-999 -999 -999 -999 507 488 437 373 316 280 292 294 248 186 129 93 72 69 67 61 55 52 51 48 46 45 45 43 41 40 38 37 34 31 29 29 29 28 27 27 28 29 30 31 33 35 38 39 40 41 42 43 44 46 48 49 52 56 60 63 67 71 73 73 79 90 118 178 244 283 305 300 304 338 369 405 451 458 434 -999 -999 -999 -999 -999 -999
-999 -999 -999 -999 499 484 460 402 325 289 300 308 263 205 134 80 71 68 64 58 54 52 50 47 45 45 44 42 39 38 38 36 34 31 29 27 27 26 25 25 25 26 26 28 30 32 34 36 37 38 39 41 41 43 45 46 48 52 57 61 64 68 70 73 84 94 122 171 241 295 309 298 307 347 383 414 452 438 -999 -999 -999 -999 -999 -999 -999
-999 -999 -999 -999 493 469 445 389 318 297 305 289 253 198 122 67 66 65 60 56 52 50 48 46 45 43 42 40 38 38 37 36 35 32 28 26 26 26 25 24 23 24 24 25 27 29 31 33 34 35 37 39 40 41 42 42 43 48 54 57 61 64 66 72 84 95 107 143 233 309 307 291 319 360 388 414 434 431 -999 -999 -999 -999 -999 -999 -999
-999 -999 -999 -999 -999 449 424 378 325 301 295 273 240 169 92 65 63 61 58 54 50 47 46 45 43 41 40 39 38 37 37 37 36 33 29 27 26 25 25 24 23 22 22 23 25 27 29 31 32 33 35 37 38 39 40 40 41 45 50 54 58 60 63 68 77 87 94 139 238 305 315 311 334 373 384 402 415 -999 -999 -999 -999 -999 -999 -999 -999
-999 -999 -999 -999 -999 428 396 360 324 286 268 257 224 147 67 64 62 59 55 52 49 46 44 42 40 39 38 37 37 37 36 35 34 32 31 28 27 26 25 24 23 22 21 22 23 25 28 29 30 31 32 33 35 37 39 40 41 44 47 51 55 58 61 65 71 82 92 138 215 292 340 341 347 364 375 382 394 -999 -999 -999 -999 -999 -999 -999 -999
-999 -999 -999 -999 -999 411 367 330 299 264 255 251 220 163 101 69 60 56 53 50 47 44 41 39 37 36 35 35 36 36 35 33 31 30 29 28 27 26 25 24 23 21 20 21 21 23 26 27 27 29 29 30 32 33 35 37 40 42 44 47 51 55 59 62 68 78 91 110 167 266 339 347 344 356 371 376 -999 -999 -999 -999 -999 -999 -999 -999 -999
-999 -999 -999 -999 428 404 361 317 279 255 247 240 219 194 121 66 56 54 51 49 46 43 40 37 35 33 32 33 34 35 34 32 29 28 28 27 25 24 25 25 23 21 19 19 20 21 22 24 25 26 28 27 28 29 31 34 38 40 42 44 47 50 54 57 64 72 87 105 163 262 335 354 362 368 -999 -999 -999 -999 -999 -999 -999 -999 -999 -999 -999
-999 -999 -999 420 433 401 363 315 271 251 239 225 206 179 127 64 53 52 50 48 45 42 39 36 33 31 30 30 30 31 32 30 26 26 27 26 23 22 23 23 22 20 18 17 19 19 19 21 23 25 25 24 24 26 28 32 36 38 39 41 43 46 48 53 61 69 83 101 162 242 315 364 382 389 -999 -999 -999 -999 -999 -999 -999 -999 -999 -999 -999
-999 386 402 427 422 389 354 308 261 247 235 222 202 182 151 100 63 51 50 47 45 42 39 35 33 31 28 26 26 26 27 26 24 25 25 24 22 21 21 21 21 19 17 17 19 20 19 19 22 25 24 22 22 23 26 30 33 35 36 38 40 42 45 50 57 66 77 101 146 215 310 375 382 395 -999 -999 -999 -999 -999 -999 -999 -999 -999 -999 -999
-999 403 398 411 404 377 344 306 279 259 233 227 213 193 174 114 58 50 48 46 44 42 39 35 33 30 26 23 24 24 24 24 23 23 23 23 22 20 20 20 20 18 16 17 19 20 19 19 20 22 21 20 21 23 26 29 30 31 33 35 37 39 42 48 55 61 68 89 123 195 293 363 376 379 -999 -999 -999 -999 -999 -999 -999 -999 -999 -999 -999
367 399 378 379 386 374 342 311 310 299 282 262 227 202 161 97 53 49 47 45 43 41 38 35 32 30 26 23 22 23 22 22 22 21 22 22 21 19 19 19 18 16 15 17 19 18 17 18 18 19 18 19 21 23 26 28 27 27 29 31 35 38 42 46 51 56 65 80 101 162 246 325 372 379 -999 -999 -999 -999 -999 -999 -999 -999 -999 -999 -999
400 390 372 371 383 373 342 331 344 345 333 313 250 206 149 76 54 50 46 43 41 39 37 35 32 31 28 25 23 21 20 20 20 20 20 21 20 18 18 17 16 14 15 17 17 17 16 16 16 16 16 19 21 23 25 26 24 24 27 30 34 37 41 45 48 52 61 75 99 142 212 319 388 402 -999 -999 -999 -999 -999 -999 -999 -999 -999 -999 -999
352 365 369 366 371 360 339 362 385 387 380 338 254 201 163 106 68 51 46 42 39 38 36 34 32 30 28 25 21 20 19 19 18 18 18 19 18 17 16 15 14 12 14 16 16 15 14 14 15 15 15 16 20 23 24 25 24 26 26 29 33 36 39 43 47 51 61 71 85 112 181 272 360 424 418 -999 -999 -999 -999 -999 -999 -999 -999 -999 -999
284 301 335 359 354 352 353 390 422 430 428 371 297 236 196 140 82 53 46 40 37 35 35 33 32 30 27 23 21 19 18 17 17 17 17 17 17 16 15 14 13 13 15 15 14 13 12 11 13 14 12 12 15 19 22 25 28 34 36 33 33 35 38 42 46 52 60 68 79 98 144 210 315 399 394 -999 -999 -999 -999 -999 -999 -999 -999 -999 -999
259 250 325 378 370 358 381 418 444 457 452 411 351 279 223 159 86 54 46 40 37 34 33 32 30 28 25 22 19 17 17 17 16 15 15 16 16 16 15 14 12 13 15 14 12 11 10 10 11 12 10 9 11 16 20 24 33 42 42 36 34 35 38 42 47 53 60 64 69 89 124 189 286 369 375 363 367 385 393 387 -999 -999 -999 -999 -999
263 286 354 398 381 371 411 450 472 488 477 446 390 315 241 185 123 75 47 40 36 33 31 30 28 26 25 22 19 17 17 18 17 16 15 15 15 15 15 14 13 13 14 12 10 9 9 9 10 10 9 8 9 13 18 25 36 46 40 34 35 36 39 44 48 53 59 63 68 81 97 164 249 312 351 361 354 365 384 385 361 -999 -999 -999 -999
255 323 393 397 377 392 442 480 507 522 508 492 433 365 282 212 147 81 50 42 36 32 29 28 26 25 24 22 18 17 18 18 19 18 16 15 14 14 14 13 13 13 13 12 11 10 9 9 9 9 8 7 6 8 13 22 34 42 35 30 34 36 41 46 49 53 58 62 68 78 98 144 205 270 324 324 322 353 386 382 362 -999 -999 -999 -999
242 293 368 386 366 390 429 483 538 552 540 500 441 392 306 222 167 102 60 43 37 33 30 27 24 21 20 19 17 17 17 17 18 18 18 16 14 14 13 13 14 14 13 13 11 10 10 10 9 7 6 5 5 6 8 17 28 32 30 31 34 39 43 47 49 53 58 63 68 74 87 118 181 252 289 288 298 339 374 370 -999 -999 -999 -999 -999
218 228 299 359 378 387 409 466 522 550 564 489 410 348 281 233 198 138 78 43 39 34 31 27 23 19 17 16 16 16 16 15 15 16 17 15 13 13 14 13 14 14 13 12 11 10 10 10 9 8 6 5 4 4 7 13 21 28 31 35 39 41 45 46 48 53 59 63 68 74 86 101 168 244 261 263 289 328 348 346 -999 -999 -999 -999 -999
222 222 297 375 399 409 430 465 507 549 552 475 389 314 253 237 215 157 79 45 41 36 32 28 24 19 16 15 14 14 14 13 13 15 15 13 12 13 14 13 13 13 13 12 11 10 10 10 9 8 6 5 4 3 4 8 16 25 33 41 44 44 45 45 45 54 62 66 69 75 86 126 197 246 243 246 282 320 -999 -999 -999 -999 -999 -999 -999
236 275 353 413 420 431 453 481 513 553 537 474 416 358 297 262 235 180 114 67 43 37 32 28 24 19 15 13 12 12 12 11 12 13 13 12 11 12 12 12 12 12 12 11 10 10 9 9 8 7 6 6 5 4 4 5 13 23 32 41 43 43 44 45 48 56 65 69 72 74 82 147 230 256 257 263 282 300 -999 -999 -999 -999 -999 -999 -999
227 312 405 434 436 443 460 485 513 540 528 490 452 420 369 325 273 215 149 79 41 36 32 28 24 19 14 11 10 10 10 10 10 11 12 12 10 10 11 11 10 9 10 10 9 10 9 8 7 7 6 5 4 3 2 6 13 21 31 41 39 38 44 46 50 57 67 75 77 69 84 142 212 256 276 280 292 -999 -999 -999 -999 -999 -999 -999 -999
234 344 439 445 448 446 454 477 504 529 544 515 464 427 399 379 311 248 176 94 43 35 31 26 22 17 13 10 8 8 9 9 10 10 10 10 7 7 9 9 8 6 6 7 8 9 9 7 6 6 6 5 4 3 1 6 12 18 25 35 37 37 46 50 53 58 73 86 94 93 96 124 191 257 286 287 288 -999 -999 -999 -999 -999 -999 -999 -999
268 379 447 458 461 455 454 469 494 524 547 521 465 415 378 365 344 282 210 137 73 35 29 24 20 15 11 9 8 7 8 9 9 8 8 8 6 6 7 7 6 5 4 4 6 8 7 6 6 5 5 5 3 2 2 5 9 14 18 35 46 45 48 52 54 59 71 88 109 120 100 104 176 262 291 287 -999 -999 -999 -999 -999 -999 -999 -999 -999
301 409 448 472 472 464 466 477 501 531 549 533 496 428 364 391 406 343 263 173 78 33 27 22 18 12 10 7 7 6 7 8 8 8 7 7 6 7 8 6 5 5 4 5 6 6 5 4 4 4 5 5 4 2 1 2 7 12 20 35 49 46 44 51 55 59 66 81 100 103 86 85 145 214 262 283 -999 -999 -999 -999 -999 -999 -999 -999 -999
297 399 460 488 486 480 477 482 526 567 571 561 524 451 402 416 444 400 316 214 113 52 25 21 18 14 10 6 6 6 6 7 7 7 7 7 7 8 8 6 5 4 4 5 7 6 4 3 3 3 4 4 3 2 -0 -0 4 10 18 29 39 42 45 53 58 59 63 74 87 89 82 90 119 180 252 281 -999 -999 -999 -999 -999 -999 -999 -999 -999
247 358 455 494 504 497 488 494 542 607 595 583 527 463 425 412 408 383 327 247 154 76 25 22 19 15 11 8 6 5 6 6 6 6 7 6 7 8 7 6 4 4 4 5 6 5 4 3 3 3 3 3 3 2 -1 -2 1 7 16 24 34 42 46 53 56 57 59 65 73 77 81 80 94 152 223 274 295 -999 -999 -999 -999 -999 -999 -999 -999
226 349 471 492 508 503 493 495 521 565 594 586 531 472 430 399 385 382 313 233 149 69 27 24 20 16 12 8 5 6 6 6 5 5 5 6 7 7 7 6 5 4 3 4 4 4 4 3 3 3 3 3 4 1 -1 -2 -1 6 14 23 32 40 46 50 55 58 56 56 58 63 74 80 84 110 176 246 283 -999 -999 -999 -999 -999 -999 -999 -999
254 368 457 494 511 506 501 506 503 546 596 586 547 486 422 373 336 317 277 217 125 39 27 25 21 16 12 8 6 6 7 5 4 4 4 6 7 7 6 6 5 4 3 3 3 3 3 3 3 3 3 3 3 1 -1 -3 -2 7 15 22 29 38 45 51 56 57 53 54 62 63 79 96 89 97 150 236 253 -999 -999 -999 -999 -999 -999 -999 -999
277 378 448 499 521 521 522 537 549 579 610 603 579 514 448 369 272 243 222 183 115 38 28 25 21 17 12 8 7 7 6 5 4 4 5 6 7 6 5 5 4 4 3 3 3 3 3 2 3 3 2 2 2 2 -1 -3 -0 8 16 22 29 37 46 51 56 52 47 59 75 80 87 94 80 74 113 177 188 183 -999 -999 -999 -999 -999 -999 -999
304 391 456 516 545 560 559 568 588 608 619 616 585 533 481 416 335 257 199 181 145 81 38 25 22 18 12 8 7 6 6 5 4 4 4 5 5 5 4 4 4 3 3 3 3 3 2 2 2 2 2 2 2 2 -1 -4 1 8 16 22 28 34 42 49 52 45 42 57 76 83 87 87 81 74 77 91 118 134 -999 -999 -999 -999 -999 -999 -999
331 405 474 529 571 593 587 593 625 647 638 634 563 496 463 444 392 294 227 197 172 98 29 24 21 16 11 8 6 6 5 5 4 4 4 4 4 4 4 4 3 3 3 3 3 2 2 2 2 1 1 1 1 1 -1 -2 1 7 16 23 27 32 38 46 45 39 41 52 66 75 81 85 87 75 70 76 84 107 -999 -999 -999 -999 -999 -999 -999
366 412 480 549 597 602 597 620 671 683 671 640 547 447 422 400 349 286 242 199 166 114 54 24 18 14 10 7 5 5 5 4 4 4 4 4 4 4 4 4 3 2 2 2 2 2 2 1 1 1 1 0 0 0 1 -1 -0 7 16 22 26 31 38 43 39 34 41 50 59 69 76 80 77 66 60 66 74 97 -999 -999 -999 -999 -999 -999 -999
371 396 449 521 584 607 605 620 654 680 695 646 565 481 414 356 305 258 230 194 179 155 84 31 16 12 9 7 5 5 4 4 4 4 4 4 4 4 4 3 3 2 2 2 2 2 1 1 1 0 0 -0 -0 -0 -1 -2 -3 7 17 23 27 31 37 38 33 34 40 46 52 60 71 77 66 54 56 61 68 82 107 -999 -999 -999 -999 -999 -999
367 382 421 484 533 563 587 602 619 650 668 636 585 503 424 369 310 261 225 200 181 150 82 19 14 9 7 6 6 5 5 4 4 3 3 3 4 4 3 3 3 2 2 2 2 1 1 1 1 0 -0 -0 -1 -1 -2 -2 1 9 18 25 30 31 36 33 27 34 42 46 48 55 71 74 58 46 53 61 64 72 95 -999 -999 -999 -999 -999 -999
366 384 414 457 495 528 567 594 612 634 643 627 583 509 436 389 339 304 265 215 179 124 55 19 13 7 6 5 5 5 5 4 4 3 3 2 3 3 3 3 2 2 2 2 1 1 1 1 1 0 -0 -1 -1 -1 -2 -2 5 12 18 24 28 30 31 31 30 36 44 49 52 57 69 66 49 44 50 56 57 61 78 103 -999 -999 -999 -999 -999
360 379 395 435 481 518 555 596 610 627 625 622 584 519 465 421 374 345 303 233 180 121 40 20 15 10 6 5 5 5 4 4 4 3 3 3 3 3 3 2 2 2 2 2 1 1 1 1 1 1 -0 -1 -1 -1 -1 -0 4 11 16 22 24 26 31 33 35 40 45 49 53 52 56 49 38 41 44 52 57 61 63 65 65 -999 -999 -999 -999
351 377 398 431 475 505 535 561 584 605 609 604 577 534 497 455 386 335 289 230 188 150 90 41 19 11 6 5 5 4 4 4 3 3 3 3 3 3 2 2 1 2 2 2 1 1 1 1 1 0 -0 -1 -1 -1 -1 -0 2 6 10 16 21 26 34 39 37 40 44 47 51 51 45 37 36 41 45 52 61 68 73 67 60 61 63 59 -999
361 382 405 430 464 491 513 522 541 564 580 590 589 564 532 478 388 307 267 218 195 176 118 46 43 54 32 7 5 4 3 3 3 3 2 2 3 2 2 2 2 2 1 1 1 0 1 1 0 -0 -0 -1 -1 -1 -1 -0 1 1 3 12 20 27 37 41 34 34 38 44 52 55 43 32 36 43 47 51 58 68 77 71 64 62 64 62 56
374 391 417 436 450 481 502 511 517 530 553 572 582 577 569 494 402 329 271 224 198 174 130 68 91 124 65 17 6 4 3 3 3 3 2 2 2 2 2 2 2 1 1 1 1 0 0 0 -0 -0 -1 -1 -1 -2 -1 -1 -1 -1 2 11 21 25 32 32 28 29 32 40 50 50 38 29 34 41 47 50 52 59 64 65 63 60 59 58 54
352 399 442 470 473 485 497 509 515 524 541 562 574 570 558 497 416 349 288 243 206 184 166 139 141 141 79 10 7 4 4 3 3 3 3 2 2 2 2 2 1 1 1 1 0 0 0 -0 -1 -1 -1 -1 -2 -2 -1 -1 -2 -3 1 10 16 20 24 25 25 31 34 40 50 43 31 29 33 40 49 52 50 51 54 58 56 54 57 57 -999
307 387 462 493 489 492 498 506 508 513 535 557 567 568 550 508 440 364 302 255 214 192 176 171 168 150 108 51 15 5 4 3 3 3 3 2 2 2 2 1 1 1 1 1 0 0 -0 -0 -1 -1 -1 -2 -2 -2 -2 -1 -1 -2 1 7 10 13 19 22 28 36 40 41 43 35 27 30 34 41 51 52 49 54 62 59 51 51 61 64 -999
274 397 494 501 498 493 496 494 491 499 523 552 566 574 557 531 455 370 317 274 229 196 177 170 165 159 151 75 14 4 4 3 3 3 2 2 2 2 2 1 1 1 1 0 0 -0 -0 0 -0 -1 -1 -2 -2 -2 -2 -1 -1 -1 -0 4 9 12 18 25 31 39 39 38 34 26 25 29 34 40 47 47 45 60 76 62 49 53 66 66 -999
245 351 455 504 502 487 481 478 470 480 500 524 551 575 575 547 475 394 340 296 239 193 177 168 163 160 143 90 23 4 3 3 3 2 2 2 2 2 2 1 1 1 1 0 0 -0 -0 -0 -0 -1 -1 -2 -2 -2 -2 -2 -2 -1 -2 4 11 17 22 27 32 38 37 36 27 19 23 27 32 38 42 43 46 56 65 57 44 53 63 57 -999
198 271 333 382 423 453 464 465 464 472 478 494 519 540 559 551 507 441 382 318 242 185 176 168 164 162 158 130 68 18 3 3 3 2 2 2 2 2 1 1 1 1 1 0 -0 -0 -1 -1 -1 -2 -2 -2 -2 -2 -2 -2 -2 -1 1 7 14 20 26 25 27 32 35 30 21 18 23 26 29 34 38 40 43 47 49 45 44 51 54 49 -999
181 217 234 260 299 333 377 422 464 473 479 485 495 508 529 534 517 472 417 331 245 199 180 169 166 152 124 120 81 9 3 3 3 2 2 2 2 1 1 1 1 1 1 0 -0 -1 -1 -1 -2 -2 -2 -2 -2 -2 -2 -2 -2 -1 3 10 15 20 23 20 19 29 35 26 16 18 24 26 27 30 34 38 40 43 41 38 42 47 47 -999 -999
150 172 190 206 215 222 267 313 357 411 471 479 486 496 511 534 532 496 443 350 248 210 186 175 168 120 61 69 80 42 9 2 2 2 2 2 1 1 1 1 1 1 1 0 -0 -1 -1 -1 -2 -2 -2 -2 -2 -2 -3 -2 -1 -1 1 6 12 18 18 16 18 25 30 22 15 20 25 23 22 26 30 33 37 38 37 37 40 43 42 -999 -999
129 139 150 168 182 202 217 214 230 304 416 473 477 483 493 509 518 515 471 387 311 255 205 179 165 92 22 62 129 76 18 2 2 2 2 2 2 1 1 1 1 0 0 0 -0 -1 -1 -2 -2 -2 -3 -2 -2 -3 -4 -3 -2 -1 -1 1 6 11 11 11 12 16 17 14 16 21 22 19 19 22 25 27 29 32 33 35 37 38 37 -999 -999
106 115 126 140 156 191 217 202 186 264 411 471 477 479 477 481 498 505 481 430 370 312 246 196 147 66 19 43 81 57 2 1 2 2 2 2 2 2 1 1 0 0 -0 -0 -1 -1 -1 -2 -2 -3 -3 -2 -2 -3 -4 -3 -2 -1 -1 -0 2 3 4 5 6 7 7 7 14 20 17 14 17 21 23 22 23 26 29 30 32 32 31 -999 -999
130 109 102 115 138 173 197 189 179 242 352 415 473 477 475 476 486 507 513 477 408 348 268 193 160 104 44 12 24 29 13 4 1 1 2 2 2 2 1 1 0 0 -0 -1 -1 -1 -2 -2 -2 -3 -3 -3 -2 -2 -2 -2 -2 -2 -1 -1 1 0 -1 -0 1 3 3 5 12 15 11 9 16 22 20 19 21 23 24 23 25 28 27 -999 -999
158 128 113 105 119 150 158 153 166 186 234 299 366 432 465 465 468 499 528 492 437 375 309 239 197 157 72 15 16 25 19 5 1 1 2 2 2 1 1 1 0 -0 -0 -1 -1 -2 -2 -2 -3 -3 -3 -3 -3 -2 -2 -2 -2 -2 -1 -1 -1 -2 -2 -1 -0 -0 -0 2 6 8 5 8 17 20 18 17 18 20 22 22 22 25 25 -999 -999
177 143 120 108 112 125 124 121 158 186 199 216 289 385 433 446 458 495 510 413 348 360 365 287 224 152 68 17 10 10 8 1 1 1 1 2 1 1 1 1 0 -0 -1 -1 -1 -2 -3 -2 -2 -3 -3 -3 -3 -2 -2 -2 -2 -2 -1 -1 -2 -3 -3 -2 -1 -0 -0 -1 -1 3 3 10 18 17 14 15 17 18 21 22 21 22 -999 -999 -999
191 158 129 109 93 99 103 115 150 188 191 207 290 376 411 436 447 471 425 304 248 268 281 267 225 136 47 20 4 0 2 1 2 2 1 1 1 1 1 0 -0 -0 -1 -1 -1 -2 -3 -3 -2 -3 -3 -3 -3 -2 -2 -2 -2 -2 -2 -2 -1 -2 -2 -2 -1 0 -0 -1 -1 1 5 10 14 12 10 13 16 17 19 19 18 17 -999 -999 -999
207 170 140 122 103 91 88 98 121 144 161 213 297 352 366 391 409 428 341 236 210 200 212 223 195 127 51 19 2 1 2 2 2 2 1 1 1 1 1 0 -0 -0 -1 -1 -2 -2 -3 -3 -3 -3 -3 -3 -3 -2 -2 -2 -2 -2 -2 -2 -2 -2 -2 -2 -1 -1 -1 -2 -1 0 3 8 9 6 7 10 13 15 16 16 16 15 -999 -999 -999
223 184 155 134 112 90 80 83 88 99 118 170 249 299 304 298 298 302 263 207 207 202 196 202 188 142 75 21 3 2 2 2 2 2 2 1 1 1 0 0 -0 -1 -1 -1 -2 -2 -3 -3 -3 -3 -3 -3 -2 -2 -2 -2 -2 -2 -2 -2 -2 -2 -2 -2 -2 -2 -2 -2 -1 -1 1 5 5 4 4 7 10 13 14 14 14 15 -999 -999 -999
257 196 167 142 118 88 71 73 79 86 91 103 165 247 285 236 167 196 196 196 205 196 179 178 181 159 81 7 3 2 1 2 2 2 2 2 1 1 0 0 -0 -1 -1 -2 -2 -2 -3 -3 -3 -3 -3 -2 -2 -2 -2 -2 -2 -2 -2 -2 -2 -2 -2 -2 -2 -2 -2 -2 -2 -1 0 2 2 2 2 3 6 10 12 12 11 -999 -999 -999 -999
342 258 186 150 132 108 85 71 75 84 89 95 151 239 281 250 203 175 171 190 204 182 159 172 191 170 111 45 9 1 1 1 2 2 2 2 1 1 0 -0 -0 -1 -1 -2 -2 -3 -3 -3 -3 -3 -3 -3 -2 -2 -2 -2 -2 -2 -2 -2 -2 -1 -2 -2 -3 -3 -3 -2 -2 -2 -2 -0 1 0 -1 -1 1 4 8 9 7 -999 -999 -999 -999
418 299 196 160 144 122 93 77 75 80 85 91 180 268 277 271 227 177 168 185 191 167 151 180 205 184 160 79 17 1 1 1 2 2 2 2 1 0 0 -0 -1 -1 -2 -2 -3 -3 -3 -3 -3 -3 -3 -3 -2 -2 -3 -3 -3 -3 -2 -2 -2 -1 -2 -3 -3 -3 -3 -3 -3 -2 -2 -1 -0 -0 -1 -1 -2 -1 3 4 -999 -999 -999 -999 -999
410 319 207 169 151 120 90 78 70 76 85 127 212 272 270 263 227 174 162 176 176 161 169 192 199 175 148 87 6 1 1 1 2 2 2 2 1 0 0 -0 -1 -1 -2 -2 -3 -3 -3 -3 -3 -3 -3 -3 -2 -3 -3 -3 -3 -3 -3 -2 -2 -2 -2 -3 -3 -3 -3 -3 -3 -3 -3 -2 -1 -1 -1 -1 -1 -0 1 1 -999 -999 -999 -999 -999
426 366 268 188 146 115 87 77 69 76 89 165 250 271 266 259 240 214 201 191 177 169 203 232 201 166 146 110 53 14 1 1 2 2 2 1 1 0 -0 -1 -1 -2 -2 -3 -3 -3 -3 -3 -3 -3 -3 -3 -2 -2 -2 -3 -3 -3 -3 -3 -2 -2 -3 -3 -3 -3 -3 -3 -3 -3 -3 -3 -3 -2 -2 -1 -1 -0 -0 -1 -999 -999 -999 -999 -999
439 408 292 177 134 102 86 76 70 72 94 168 262 270 264 255 246 244 239 228 218 213 238 255 205 164 149 138 76 13 1 1 2 2 2 1 1 0 -0 -1 -1 -2 -2 -3 -3 -3 -3 -3 -3 -3 -3 -3 -2 -1 -2 -3 -3 -3 -3 -3 -3 -3 -3 -3 -3 -3 -3 -3 -3 -3 -3 -3 -3 -3 -3 -2 -2 -2 -2 -999 -999 -999 -999 -999 -999
453 407 314 205 131 91 85 77 71 66 79 125 198 250 260 250 241 236 236 246 261 242 244 229 194 165 146 115 53 1 1 1 2 2 2 1 1 0 -0 -1 -2 -2 -2 -3 -3 -3 -3 -3 -3 -3 -3 -3 -3 -2 -2 -3 -3 -3 -3 -4 -4 -3 -3 -3 -3 -3 -3 -3 -3 -3 -3 -3 -3 -3 -3 -3 -3 -3 -2 -2 -999 -999 -999 -999 -999
379 383 359 246 143 101 93 79 72 67 72 83 169 253 256 245 235 224 220 224 231 230 224 204 176 133 110 82 26 1 1 1 2 2 1 1 0 -0 -1 -1 -2 -2 -3 -3 -3 -3 -3 -3 -3 -3 -3 -3 -3 -3 -3 -3 -3 -3 -4 -4 -4 -4 -3 -3 -4 -4 -3 -3 -4 -4 -4 -4 -3 -3 -3 -3 -3 -3 -3 -999 -999 -999 -999 -999 -999
274 282 278 220 125 119 117 97 77 65 62 80 140 211 236 239 228 217 208 199 197 199 176 149 131 79 42 32 1 1 1 2 2 1 1 1 0 -0 -1 -2 -2 -3 -3 -3 -3 -3 -3 -3 -3 -3 -3 -3 -3 -3 -3 -3 -3 -3 -4 -4 -4 -4 -4 -3 -4 -4 -4 -3 -4 -4 -4 -4 -4 -3 -3 -3 -3 -3 -3 -3 -999 -999 -999 -999 -999
216 201 196 173 139 141 138 108 83 71 61 61 82 112 135 163 193 210 201 192 186 179 107 60 52 27 8 5 1 1 1 2 2 1 1 0 -0 -1 -1 -2 -2 -3 -3 -3 -3 -3 -3 -3 -3 -3 -3 -3 -3 -3 -3 -3 -3 -3 -3 -4 -4 -4 -4 -4 -4 -4 -4 -4 -4 -4 -4 -4 -4 -3 -3 -3 -3 -3 -2 -2 -2 -999 -999 -999 -999
-999 190 178 162 160 161 147 121 94 76 65 61 62 49 31 65 97 154 188 186 182 147 68 7 5 3 4 2 1 1 1 2 1 1 0 -0 -1 -1 -2 -2 -2 -2 -3 -3 -3 -3 -3 -3 -3 -3 -3 -3 -3 -3 -3 -3 -3 -3 -3 -4 -4 -4 -4 -4 -4 -4 -4 -4 -4 -4 -4 -4 -4 -3 -3 -3 -3 -3 -2 -2 -2 -3 -2 -999 -999
-999 186 177 166 164 169 161 137 109 85 70 56 51 43 31 22 29 126 196 150 135 102 31 3 3 2 2 1 1 1 1 2 1 1 0 -0 -1 -1 -2 -2 -2 -3 -3 -3 -3 -3 -3 -3 -3 -3 -3 -3 -3 -3 -3 -3 -3 -4 -4 -4 -4 -4 -4 -4 -4 -4 -4 -4 -4 -4 -4 -4 -4 -4 -4 -3 -3 -3 -2 -2 -2 -3 -3 -3 -999
-999 -999 168 167 160 179 202 184 130 90 77 63 51 42 31 19 39 106 143 80 44 36 1 1 2 2 2 1 1 1 1 1 1 0 0 -0 -1 -2 -2 -3 -3 -3 -3 -3 -3 -3 -3 -3 -3 -3 -3 -3 -3 -3 -2 -3 -3 -4 -4 -4 -4 -4 -4 -4 -4 -4 -4 -4 -4 -4 -4 -3 -3 -3 -4 -4 -4 -3 -3 -2 -2 -2 -2 -3 -3
-999 -999 161 166 163 210 275 254 206 140 89 68 51 39 27 15 17 53 57 22 3 1 1 1 2 2 1 1 1 1 1 1 1 0 -0 -1 -1 -2 -2 -3 -3 -3 -3 -3 -3 -3 -3 -3 -3 -3 -3 -3 -3 -3 -2 -3 -3 -4 -4 -4 -4 -4 -4 -4 -4 -4 -4 -4 -4 -4 -4 -3 -3 -3 -4 -3 -4 -3 -3 -3 -2 -2 -2 -3 -3
-999 -999 158 173 181 207 258 284 285 174 91 65 48 34 23 16 16 15 7 0 1 1 1 1 1 1 1 1 1 1 1 1 0 0 -0 -1 -1 -2 -3 -3 -3 -3 -3 -3 -3 -3 -3 -3 -3 -3 -3 -3 -3 -3 -3 -3 -4 -4 -4 -4 -4 -4 -4 -4 -4 -4 -4 -4 -4 -4 -4 -3 -3 -3 -3 -3 -3 -3 -3 -3 -2 -2 -2 -3 -3
-999 -999 -999 173 181 183 224 272 269 189 90 62 46 31 18 16 16 12 5 1 1 1 1 1 1 1 1 1 1 1 1 1 0 -0 -1 -1 -2 -2 -3 -3 -3 -3 -3 -3 -3 -3 -3 -3 -3 -3 -3 -3 -3 -3 -3 -3 -4 -4 -4 -4 -4 -4 -4 -4 -4 -4 -4 -4 -4 -4 -4 -4 -3 -3 -3 -3 -3 -3 -3 -3 -3 -2 -2 -3 -3
-999 -999 -999 -999 181 186 243 291 282 235 146 74 43 27 16 16 15 10 5 3 2 1 1 1 1 1 1 1 1 1 1 0 -0 -1 -1 -1 -2 -3 -3 -3 -3 -3 -3 -3 -3 -3 -3 -3 -3 -3 -3 -3 -3 -4 -4 -4 -4 -4 -4 -3 -3 -4 -4 -4 -4 -4 -4 -4 -4 -3 -3 -3 -3 -3 -3 -3 -3 -3 -3 -3 -3 -3 -3 -3 -3
-999 -999 -999 -999 -999 220 289 327 297 273 167 61 40 26 18 15 12 8 4 3 2 1 1 2 2 1 1 1 1 1 1 0 -0 -1 -1 -1 -2 -3 -3 -3 -3 -3 -3 -3 -3 -3 -3 -3 -3 -3 -3 -3 -3 -3 -3 -4 -4 -4 -3 -3 -3 -4 -4 -3 -3 -3 -3 -3 -3 -3 -3 -3 -3 -3 -3 -3 -3 -3 -3 -3 -3 -3 -3 -3 -3
-999 -999 -999 -999 -999 254 348 343 301 235 131 53 40 29 19 13 10 6 4 2 2 1 1 2 2 2 1 1 1 1 0 -0 -1 -1 -1 -2 -3 -3 -3 -4 -3 -3 -3 -3 -3 -3 -3 -3 -3 -3 -3 -3 -3 -3 -3 -3 -3 -3 -3 -3 -3 -3 -3 -3 -3 -3 -3 -3 -3 -3 -3 -3 -3 -3 -3 -3 -3 -3 -3 -3 -3 -3 -3 -3 -3
-999 -999 -999 -999 -999 -999 426 394 346 219 95 54 38 27 18 11 7 4 3 1 2 2 2 2 2 2 1 1 1 1 0 -0 -1 -1 -2 -3 -3 -4 -3 -3 -3 -3 -3 -3 -3 -3 -3 -3 -3 -3 -3 -3 -3 -3 -3 -3 -3 -3 -3 -3 -3 -3 -3 -3 -3 -3 -3 -3 -3 -3 -3 -3 -3 -3 -3 -3 -3 -3 -3 -3 -3 -3 -3 -3 -3
-999 -999 -999 -999 -999 -999 462 461 400 270 142 70 33 25 16 10 6 3 2 1 2 2 2 2 2 1 1 1 1 0 -0 -1 -1 -2 -2 -3 -4 -4 -3 -3 -3 -3 -3 -3 -3 -3 -3 -3 -3 -3 -3 -3 -3 -3 -3 -3 -3 -3 -3 -3 -3 -3 -3 -3 -3 -3 -3 -3 -3 -3 -3 -3 -3 -3 -3 -3 -3 -3 -3 -3 -3 -3 -3 -3 -3
-999 -999 -999 -999 -999 -999 481 496 433 326 196 90 37 23 14 9 5 3 1 1 2 2 2 2 1 1 1 1 1 0 -0 -1 -2 -2 -3 -3 -4 -4 -3 -3 -3 -3 -3 -3 -3 -3 -3 -3 -3 -3 -3 -3 -3 -3 -3 -3 -3 -3 -3 -3 -3 -3 -3 -3 -3 -3 -3 -3 -3 -3 -3 -3 -3 -3 -3 -3 -3 -3 -3 -3 -3 -3 -3 -3 -3
-999 -999 -999 -999 -999 -999 498 529 467 382 238 92 37 20 13 9 5 3 1 1 2 2 2 1 1 1 1 1 0 -0 -1 -1 -2 -2 -3 -4 -4 -4 -3 -3 -3 -3 -3 -3 -3 -3 -3 -3 -3 -3 -3 -3 -3 -3 -3 -3 -3 -3 -3 -3 -3 -3 -3 -3 -3 -3 -3 -3 -3 -3 -3 -3 -3 -3 -3 -3 -3 -3 -3 -3 -3 -3 -3 -3 -3
-999 -999 -999 -999 -999 -999 -999 509 495 431 290 156 70 20 12 9 5 2 1 1 1 2 2 1 1 1 1 1 -0 -1 -1 -2 -2 -3 -3 -4 -4 -3 -3 -3 -3 -3 -3 -3 -3 -3 -3 -3 -3 -3 -3 -3 -3 -3 -3 -3 -3 -3 -3 -3 -3 -3 -3 -3 -3 -3 -3 -3 -3 -3 -3 -3 -3 -3 -3 -3 -3 -3 -3 -3 -3 -3 -3 -3 -3
-999 -999 -999 -999 -999 -999 -999 483 479 371 270 195 82 28 16 9 4 1 1 1 1 2 1 1 1 1 1 0 -0 -1 -1 -2 -3 -3 -4 -4 -3 -3 -3 -3 -3 -3 -3 -3 -3 -3 -2 -2 -2 -2 -2 -3 -2 -2 -2 -3 -3 -3 -3 -3 -3 -3 -3 -3 -3 -3 -3 -3 -3 -3 -3 -3 -3 -3 -3 -3 -3 -3 -3 -3 -3 -3 -3 -3 -3
-999 -999 -999 -999 -999 -999 -999 427 422 274 157 121 53 31 15 8 3 1 1 1 2 2 1 1 1 1 1 -0 -1 -1 -2 -3 -3 -4 -4 -4 -3 -3 -3 -3 -3 -3 -3 -3 -3 -2 -2 -2 -2 -2 -2 -2 -2 -2 -2 -3 -3 -3 -3 -3 -3 -3 -3 -3 -3 -3 -3 -3 -3 -3 -3 -3 -3 -3 -3 -3 -3 -3 -3 -3 -3 -3 -3 -3 -3
-999 -999 -999 -999 -999 -999 -999 -999 -999 183 98 77 49 28 12 7 1 1 1 1 2 2 1 1 1 1 0 -1 -1 -1 -2 -3 -3 -4 -4 -3 -3 -3 -3 -3 -3 -3 -3 -2 -2 -2 -2 -2 -2 -2 -2 -2 -2 -2 -2 -3 -3 -3 -3 -3 -3 -3 -3 -3 -3 -3 -3 -3 -3 -3 -3 -3 -3 -3 -3 -3 -3 -3 -3 -3 -3 -3 -3 -3 -3
-999 -999 -999 -999 -999 -999 -999 -999 -999 -999 83 59 41 23 11 5 1 1 1 2 2 1 1 1 1 1 -0 -1 -1 -2 -3 -4 -4 -3 -3 -3 -3 -3 -3 -3 -3 -3 -2 -2 -2 -2 -2 -2 -2 -2 -2 -2 -2 -2 -2 -3 -3 -3 -3 -3 -3 -3 -3 -3 -3 -3 -3 -3 -3 -3 -3 -3 -3 -3 -3 -3 -3 -3 -3 -3 -3 -3 -3 -3 -3
-999 -999 -999 -999 -999 -999 -999 -999 -999 -999 -999 43 30 15 8 2 -0 -2 -0 1 2 1 1 1 1 0 -0 -1 -1 -2 -3 -4 -4 -4 -3 -3 -3 -3 -3 -3 -2 -2 -2 -2 -2 -2 -2 -2 -2 -2 -2 -2 -2 -2 -2 -2 -2 -3 -3 -3 -3 -3 -3 -3 -3 -3 -3 -3 -3 -3 -3 -3 -3 -3 -3 -3 -3 -3 -3 -3 -3 -3 -3 -3 -3
-999 -999 -999 -999 -999 -999 -999 -999 -999 -999 -999 -999 26 -999 6 1 -1 -3 -1 1 1 1 1 1 1 -0 -1 -1 -2 -3 -4 -4 -4 -4 -3 -3 -3 -3 -3 -2 -2 -2 -2 -2 -2 -2 -2 -2 -2 -2 -2 -2 -2 -2 -2 -2 -2 -2 -2 -2 -2 -3 -3 -3 -3 -3 -3 -3 -3 -3 -3 -3 -3 -3 -3 -3 -3 -3 -3 -3 -3 -3 -3 -3 -3
-999 -999 -999 -999 -999 -999 -999 -999 -999 -999 -999 -999 -999 -999 4 1 1 -0 1 1 1 1 1 1 0 -0 -1 -1 -2 -3 -3 -3 -3 -3 -3 -3 -3 -3 -2 -2 -2 -2 -2 -2 -2 -2 -2 -2 -2 -2 -2 -2 -2 -2 -2 -2 -2 -2 -2 -2 -2 -2 -3 -3 -3 -3 -2 -3 -3 -3 -3 -3 -3 -3 -3 -3 -3 -3 -3 -3 -3 -3 -3 -3 -3
-999 -999 -999 -999 -999 -999 -999 -999 -999 -999 -999 -999 -999 18 1 1 1 1 1 1 1 1 1 1 0 -1 -1 -1 -2 -3 -3 -3 -3 -3 -3 -3 -3 -3 -2 -2 -2 -2 -2 -2 -2 -2 -2 -2 -2 -2 -2 -2 -2 -2 -2 -2 -2 -2 -2 -2 -2 -2 -3 -3 -3 -2 -2 -2 -2 -2 -2 -3 -3 -3 -3 -3 -3 -3 -3 -3 -3 -3 -3 -3 -3
-999 -999 -999 -999 -999 -999 -999 -999 -999 -999 -999 -999 21 9 1 1 1 2 2 1 1 1 1 0 -0 -1 -1 -2 -2 -3 -3 -3 -3 -3 -3 -3 -2 -2 -2 -2 -2 -2 -2 -2 -2 -2 -2 -2 -2 -2 -2 -2 -2 -2 -2 -2 -2 -2 -2 -2 -2 -2 -2 -2 -2 -2 -2 -2 -2 -2 -2 -2 -3 -3 -3 -3 -3 -3 -3 -3 -3 -3 -3 -3 -3
-999 -999 -999 -999 -999 -999 -999 -999 -999 -999 -999 -999 8 2 2 1 1 2 2 1 1 1 1 0 -1 -1 -1 -2 -3 -3 -3 -3 -3 -3 -3 -2 -2 -2 -2 -2 -2 -2 -2 -2 -2 -2 -2 -2 -2 -2 -2 -2 -2 -2 -2 -2 -2 -2 -2 -2 -2 -2 -2 -2 -2 -2 -2 -2 -2 -2 -2 -2 -2 -2 -3 -3 -3 -3 -3 -3 -3 -3 -3 -3 -3
-999 -999 -999 -999 -999 -999 -999 -999 -999 -999 -999 -999 8 2 2 1 2 2 2 1 1 1 1 -0 -1 -1 -2 -2 -3 -3 -3 -3 -3 -3 -2 -2 -2 -2 -2 -2 -2 -2 -2 -2 -2 -2 -2 -2 -2 -2 -2 -2 -2 -2 -2 -2 -2 -2 -2 -2 -2 -2 -2 -2 -2 -2 -2 -2 -2 -2 -2 -2 -2 -2 -2 -3 -3 -3 -3 -3 -3 -3 -3 -3 -3
-999 -999 -999 -999 -999 -999 -999 -999 -999 -999 -999 -999 4 1 1 2 2 2 1 1 1 1 0 -0 -1 -1 -2 -2 -3 -3 -3 -3 -2 -2 -2 -2 -2 -2 -2 -2 -2 -2 -2 -2 -2 -2 -2 -2 -2 -2 -2 -2 -2 -2 -2 -2 -2 -2 -2 -2 -2 -2 -2 -2 -2 -2 -2 -2 -2 -2 -2 -2 -2 -2 -2 -2 -3 -3 -3 -3 -3 -3 -3 -3 -3
-999 -999 -999 -999 -999 -999 -999 -999 -999 -999 -999 -999 1 1 1 2 2 2 1 1 1 1 -0 -1 -1 -2 -2 -3 -3 -3 -3 -3 -2 -2 -2 -2 -2 -2 -2 -2 -2 -2 -2 -2 -2 -2 -2 -2 -2 -2 -2 -2 -2 -2 -2 -2 -2 -2 -2 -2 -2 -2 -2 -2 -2 -2 -2 -2 -2 -2 -2 -2 -2 -2 -2 -2 -2 -3 -3 -3 -3 -3 -3 -3 -3
-999 -999 -999 -999 -999 -999 -999 -999 -999 -999 -999 -999 1 1 1 2 2 1 1 1 1 0 -0 -1 -1 -2 -2 -3 -3 -3 -3 -2 -2 -2 -2 -2 -2 -2 -2 -2 -2 -2 -2 -2 -2 -2 -2 -2 -2 -2 -2 -2 -2 -2 -2 -2 -2 -2 -2 -2 -2 -2 -2 -2 -2 -2 -2 -2 -2 -2 -2 -2 -2 -2 -2 -2 -2 -3 -3 -3 -3 -3 -3 -3 -3
-999 -999 -999 -999 -999 -999 -999 -999 -999 -999 -999 -999 1 1 1 2 2 1 1 1 1 -0 -1 -1 -1 -2 -2 -3 -3 -3 -2 -2 -2 -2 -2 -2 -2 -2 -2 -2 -2 -2 -2 -2 -2 -2 -2 -2 -2 -2 -2 -2 -2 -2 -2 -2 -2 -2 -2 -2 -2 -2 -2 -2 -2 -2 -2 -2 -2 -2 -2 -2 -2 -2 -2 -2 -2 -2 -3 -3 -3 -3 -3 -3 -3
-999 -999 -999 -999 -999 -999 -999 -999 -999 -999 -999 -999 1 1 1 2 1 1 1 1 0 -0 -1 -1 -2 -2 -3 -3 -3 -2 -2 -2 -2 -2 -2 -2 -2 -2 -2 -2 -2 -2 -2 -2 -2 -2 -2 -2 -2 -2 -2 -2 -2 -2 -2 -2 -2 -2 -2 -2 -2 -2 -2 -2 -2 -2 -2 -2 -2 -2 -2 -2 -2 -2 -2 -2 -2 -2 -2 -3 -3 -3 -3 -3 -3
-999 -999 -999 -999 -999 -999 -999 -999 -999 -999 -999 -999 1 2 2 2 1 1 1 1 0 -1 -1 -1 -2 -2 -3 -3 -3 -2 -2 -2 -2 -2 -2 -2 -2 -2 -2 -2 -2 -2 -2 -2 -2 -2 -2 -2 -2 -2 -2 -2 -2 -2 -2 -2 -2 -2 -2 -2 -2 -2 -2 -2 -2 -2 -2 -2 -2 -2 -2 -2 -2 -2 -2 -2 -2 -2 -2 -2 -3 -3 -3 -3 -3
-999 -999 -999 -999 -999 -999 -999 -999 -999 -999 -999 -999 1 2 2 1 1 1 1 0 -0 -1 -1 -2 -2 -2 -3 -3 -2 -2 -2 -2 -2 -2 -2 -2 -2 -2 -2 -2 -2 -2 -2 -2 -2 -2 -2 -2 -2 -2 -2 -2 -2 -2 -2 -2 -2 -2 -2 -2 -2 -2 -2 -2 -2 -2 -2 -2 -2 -2 -2 -2 -2 -2 -2 -2 -2 -2 -2 -2 -2 -2 -3 -3 -3
-999 -999 -999 -999 -999 -999 -999 -999 -999 -999 -999 -999 1 2 2 1 1 1 0 -0 -1 -1 -1 -2 -2 -2 -3 -3 -2 -2 -2 -2 -2 -2 -2 -2 -2 -2 -2 -2 -2 -2 -2 -2 -2 -2 -2 -2 -2 -2 -2 -2 -2 -2 -2 -2 -2 -2 -2 -2 -2 -2 -2 -2 -2 -2 -2 -2 -2 -2 -2 -2 -2 -2 -2 -2 -2 -2 -2 -2 -2 -3 -3 -3 -3
-999 -999 -999 -999 -999 -999 -999 -999 -999 -999 -999 -999 1 2 1 1 1 1 0 -0 -1 -1 -2 -2 -2 -2 -3 -2 -2 -2 -2 -2 -2 -2 -2 -2 -2 -2 -2 -2 -2 -2 -2 -2 -2 -2 -2 -2 -2 -2 -2 -2 -2 -2 -2 -2 -2 -2 -2 -2 -2 -2 -2 -2 -2 -2 -2 -2 -2 -2 -2 -2 -2 -2 -2 -2 -2 -2 -2 -2 -2 -3 -3 -3 -3
-999 -999 -999 -999 -999 -999 -999 -999 -999 -999 -999 -999 2 2 1 1 1 1 -0 -1 -1 -1 -2 -2 -2 -2 -2 -2 -2 -2 -2 -2 -2 -2 -2 -2 -2 -2 -2 -2 -2 -2 -2 -2 -2 -2 -2 -2 -2 -2 -2 -2 -2 -2 -2 -2 -2 -2 -2 -2 -2 -2 -2 -2 -2 -2 -2 -2 -2 -2 -2 -2 -2 -2 -2 -2 -2 -2 -2 -2 -2 -3 -3 -3 -3
-999 -999 -999 -999 -999 -999 -999 -999 -999 -999 -999 -999 2 2 1 1 1 0 -0 -1 -1 -2 -2 -2 -2 -2 -2 -2 -2 -2 -2 -2 -2 -2 -2 -2 -2 -2 -2 -2 -2 -2 -2 -2 -2 -2 -2 -2 -2 -2 -2 -2 -2 -2 -2 -2 -2 -2 -2 -2 -2 -2 -2 -2 -2 -2 -2 -2 -2 -2 -2 -2 -2 -2 -2 -2 -2 -2 -2 -2 -2 -2 -3 -3 -3
-999 -999 -999 -999 -999 -999 -999 -999 -999 -999 -999 -999 2 1 1 1 0 -0 -1 -1 -2 -2 -2 -2 -2 -2 -2 -2 -2 -2 -2 -2 -2 -2 -2 -2 -2 -2 -2 -2 -2 -2 -2 -2 -2 -2 -2 -2 -2 -2 -2 -2 -2 -2 -2 -2 -2 -2 -2 -2 -2 -2 -2 -2 -2 -2 -2 -2 -2 -2 -2 -2 -2 -2 -2 -2 -2 -2 -2 -2 -2 -2 -2 -3 -3
-999 -999 -999 -999 -999 -999 -999 -999 -999 -999 -999 -999 2 1 1 1 0 -0 -1 -1 -2 -2 -2 -2 -3 -3 -2 -2 -2 -2 -2 -2 -2 -2 -2 -2 -2 -2 -2 -2 -2 -2 -2 -2 -2 -2 -2 -2 -2 -2 -2 -2 -2 -2 -2 -2 -2 -2 -2 -2 -2 -2 -2 -2 -2 -2 -2 -2 -2 -2 -2 -2 -2 -2 -2 -2 -2 -2 -2 -2 -2 -2 -2 -3 -3
-999 -999 -999 -999 -999 -999 -999 -999 -999 -999 -999 -999 1 1 1 0 -0 -1 -1 -1 -2 -2 -2 -2 -3 -3 -2 -2 -2 -2 -2 -2 -2 -2 -2 -2 -2 -2 -2 -2 -2 -2 -2 -2 -2 -2 -2 -2 -2 -2 -2 -2 -2 -2 -2 -2 -2 -2 -2 -2 -2 -2 -2 -2 -2 -2 -2 -2 -2 -2 -2 -2 -2 -2 -2 -2 -2 -2 -2 -2 -2 -2 -3 -3 -3
-999 -999 -999 -999 -999 -999 -999 -999 -999 -999 -999 -999 1 1 0 -0 -1 -1 -1 -1 -2 -2 -2 -3 -3 -2 -2 -2 -2 -2 -2 -2 -2 -2 -2 -2 -2 -2 -2 -2 -2 -2 -2 -2 -2 -2 -2 -2 -2 -2 -2 -2 -2 -2 -2 -2 -2 -2 -2 -2 -2 -2 -2 -2 -2 -2 -2 -2 -2 -2 -2 -2 -2 -2 -2 -2 -2 -2 -2 -2 -2 -2 -3 -3 -3
-999 -999 -999 -999 -999 -999 -999 -999 -999 -999 -999 -999 1 1 -0 -1 -1 -1 -2 -2 -2 -3 -3 -3 -3 -2 -2 -2 -2 -2 -2 -2 -2 -2 -2 -2 -2 -2 -2 -2 -2 -2 -2 -2 -2 -2 -2 -2 -2 -2 -2 -2 -2 -2 -2 -2 -2 -2 -2 -2 -2 -2 -2 -2 -2 -2 -2 -2 -2 -2 -2 -2 -2 -2 -2 -2 -2 -2 -2 -2 -2 -2 -2 -3 -3
-999 -999 -999 -999 -999 -999 -999 -999 -999 -999 -999 -999 1 0 -0 -1 -1 -2 -2 -2 -2 -3 -3 -3 -3 -3 -2 -2 -2 -2 -2 -2 -2 -2 -2 -2 -2 -2 -2 -2 -2 -2 -2 -2 -2 -2 -2 -2 -2 -2 -2 -2 -2 -2 -2 -2 -2 -2 -2 -2 -2 -2 -2 -2 -2 -2 -2 -2 -2 -2 -2 -2 -2 -2 -2 -2 -2 -2 -2 -2 -2 -2 -2 -2 -3
-999 -999 -999 -999 -999 -999 -999 -999 -999 -999 -999 -999 1 0 -0 -1 -1 -2 -2 -2 -2 -3 -3 -3 -3 -3 -3 -2 -2 -2 -2 -2 -2 -2 -2 -2 -2 -2 -2 -2 -2 -2 -2 -2 -2 -2 -2 -2 -2 -2 -2 -2 -2 -2 -2 -2 -2 -2 -2 -2 -2 -2 -2 -2 -2 -2 -2 -2 -2 -2 -2 -2 -2 -2 -2 -2 -2 -2 -2 -2 -2 -2 -2 -2 -2
-999 -999 -999 -999 -999 -999 -999 -999 -999 -999 -999 -999 0 0 -0 -1 -1 -2 -2 -2 -3 -3 -3 -3 -3 -3 -3 -3 -3 -2 -2 -2 -2 -2 -2 -2 -2 -2 -2 -2 -2 -2 -2 -2 -2 -2 -2 -2 -2 -2 -2 -2 -2 -2 -2 -2 -2 -2 -2 -2 -2 -2 -2 -2 -2 -2 -2 -2 -2 -2 -2 -2 -2 -2 -2 -2 -2 -2 -2 -2 -2 -2 -2 -2 -2
-999 -999 -999 -999 -999 -999 -999 -999 -999 -999 -999 -999 0 -0 -1 -1 -2 -2 -2 -2 -3 -3 -3 -3 -3 -3 -3 -3 -3 -2 -2 -2 -2 -2 -2 -2 -2 -2 -2 -2 -2 -2 -2 -2 -2 -2 -2 -2 -2 -2 -2 -2 -2 -2 -2 -2 -2 -2 -2 -2 -2 -2 -2 -2 -2 -2 -2 -2 -2 -2 -2 -2 -2 -2 -2 -2 -2 -2 -2 -2 -2 -2 -2 -2 -2
-999 -999 -999 -999 -999 -999 -999 -999 -999 -999 -999 -999 -0 -1 -1 -1 -2 -2 -2 -3 -3 -3 -3 -3 -3 -3 -3 -3 -2 -2 -2 -2 -2 -2 -2 -2 -2 -2 -2 -2 -2 -2 -2 -2 -2 -2 -2 -2 -2 -2 -2 -2 -2 -2 -2 -2 -2 -2 -2 -2 -2 -2 -2 -2 -2 -2 -2 -2 -2 -2 -2 -2 -2 -2 -2 -2 -2 -2 -2 -2 -2 -2 -2 -2 -2
-999 -999 -999 -999 -999 -999 -999 -999 -999 -999 -999 -999 -0 -1 -1 -2 -2 -2 -2 -3 -3 -3 -3 -3 -3 -3 -3 -3 -2 -2 -2 -2 -2 -2 -2 -2 -2 -2 -2 -2 -2 -2 -2 -2 -2 -2 -2 -2 -2 -2 -2 -2 -2 -2 -2 -2 -2 -2 -2 -2 -2 -2 -2 -2 -2 -2 -2 -2 -2 -2 -2 -2 -2 -2 -2 -2 -2 -2 -2 -2 -2 -2 -2 -2 -2
-999 -999 -999 -999 -999 -999 -999 -999 -999 -999 -999 -999 -0 -1 -1 -2 -2 -2 -2 -3 -3 -3 -3 -3 -3 -3 -3 -2 -2 -2 -2 -2 -2 -2 -2 -2 -2 -2 -3 -2 -3 -2 -2 -2 -2 -2 -2 -2 -2 -2 -2 -2 -2 -2 -2 -2 -2 -2 -2 -2 -2 -2 -2 -2 -2 -2 -2 -2 -2 -2 -2 -2 -2 -2 -2 -2 -2 -2 -2 -2 -2 -2 -2 -2 -2
-999 -999 -999 -999 -999 -999 -999 -999 -999 -999 -999 -999 -1 -1 -2 -2 -2 -2 -3 -3 -3 -3 -3 -3 -3 -3 -3 -2 -2 -2 -2 -2 -2 -2 -2 -2 -3 -3 -3 -3 -3 -2 -2 -2 -2 -2 -2 -2 -2 -2 -2 -2 -2 -2 -2 -2 -2 -2 -2 -2 -2 -2 -2 -2 -2 -2 -2 -2 -2 -2 -2 -2 -2 -2 -2 -2 -2 -2 -2 -2 -2 -2 -2 -2 -2
-999 -999 -999 -999 -999 -999 -999 -999 -999 -999 -999 -999 -1 -1 -2 -2 -2 -3 -3 -3 -3 -3 -3 -3 -3 -3 -3 -2 -2 -2 -2 -2 -2 -2 -2 -3 -3 -3 -3 -3 -3 -3 -2 -2 -2 -2 -2 -2 -2 -2 -2 -2 -2 -2 -2 -2 -2 -2 -2 -2 -2 -2 -2 -2 -2 -2 -2 -2 -2 -2 -2 -2 -2 -2 -2 -2 -2 -2 -2 -2 -2 -2 -2 -2 -2
-999 -999 -999 -999 -999 -999 -999 -999 -999 -999 -999 -999 -1 -2 -2 -2 -2 -3 -3 -3 -3 -3 -3 -3 -3 -3 -3 -2 -2 -2 -2 -2 -2 -2 -2 -3 -3 -3 -3 -3 -3 -3 -2 -2 -2 -2 -2 -2 -2 -2 -2 -2 -2 -2 -2 -2 -2 -2 -2 -2 -2 -2 -2 -2 -2 -2 -2 -2 -2 -2 -2 -2 -2 -2 -2 -2 -2 -2 -2 -2 -2 -2 -2 -2 -2
-999 -999 -999 -999 -999 -999 -999 -999 -999 -999 -999 -999 -1 -2 -2 -2 -3 -3 -3 -3 -3 -3 -3 -3 -3 -3 -3 -2 -2 -2 -2 -2 -2 -2 -3 -3 -3 -3 -3 -3 -3 -3 -3 -2 -2 -2 -2 -2 -2 -2 -2 -2 -2 -2 -2 -2 -2 -2 -2 -2 -2 -2 -2 -2 -2 -2 -2 -2 -2 -2 -2 -2 -2 -2 -2 -2 -2 -2 -2 -2 -2 -2 -2 -2 -2
-999 -999 -999 -999 -999 -999 -999 -999 -999 -999 -999 -999 -2 -2 -2 -3 -3 -3 -3 -3 -3 -3 -3 -3 -3 -3 -3 -2 -2 -2 -2 -2 -2 -2 -3 -3 -3 -3 -3 -3 -3 -3 -3 -3 -3 -2 -2 -2 -2 -2 -2 -2 -2 -2 -2 -2 -2 -2 -2 -2 -2 -2 -2 -2 -2 -2 -2 -2 -2 -2 -2 -2 -2 -2 -2 -2 -2 -2 -2 -2 -2 -2 -2 -2 -2
-999 -999 -999 -999 -999 -999 -999 -999 -999 -999 -999 -999 -2 -2 -3 -3 -3 -3 -3 -3 -3 -3 -3 -3 -3 -3 -3 -2 -2 -2 -2 -2 -3 -3 -3 -3 -3 -3 -3 -3 -3 -3 -3 -3 -2 -2 -2 -2 -2 -2 -2 -2 -2 -2 -2 -2 -2 -2 -2 -2 -2 -2 -2 -2 -2 -2 -2 -2 -2 -2 -2 -2 -2 -2 -2 -2 -2 -2 -2 -2 -2 -2 -2 -2 -2
-999 -999 -999 -999 -999 -999 -999 -999 -999 -999 -999 -999 -2 -3 -3 -3 -3 -3 -3 -3 -3 -3 -3 -3 -3 -3 -3 -3 -3 -3 -3 -3 -3 -3 -3 -3 -3 -3 -3 -3 -3 -3 -3 -3 -2 -2 -2 -2 -2 -2 -2 -2 -2 -2 -2 -2 -2 -2 -2 -2 -2 -2 -2 -2 -2 -2 -2 -2 -2 -2 -2 -2 -2 -2 -2 -2 -2 -2 -2 -2 -2 -2 -2 -2 -2
-999 -999 -999 -999 -999 -999 -999 -999 -999 -999 -999 -999 -2 -3 -3 -3 -3 -3 -3 -3 -3 -3 -3 -3 -3 -3 -3 -3 -3 -3 -3 -3 -3 -3 -3 -3 -3 -3 -3 -3 -3 -3 -3 -2 -2 -2 -3 -2 -3 -2 -3 -3 -2 -2 -2 -2 -2 -2 -2 -2 -2 -2 -2 -2 -2 -2 -2 -2 -2 -2 -2 -2 -2 -2 -2 -2 -2 -2 -2 -2 -2 -2 -2 -2 -2
-999 -999 -999 -999 -999 -999 -999 -999 -999 -999 -999 -999 -3 -3 -3 -3 -3 -3 -3 -3 -3 -3 -3 -3 -3 -3 -3 -3 -3 -3 -3 -3 -3 -3 -3 -3 -3 -3 -3 -3 -3 -3 -3 -3 -2 -3 -3 -3 -3 -3 -3 -3 -3 -3 -2 -2 -2 -2 -2 -2 -2 -2 -2 -2 -2 -2 -2 -2 -2 -2 -2 -2 -2 -2 -2 -2 -2 -2 -2 -2 -2 -2 -2 -2 -2
-999 -999 -999 -999 -999 -999 -999 -999 -999 -999 -999 -999 -3 -3 -3 -3 -3 -3 -3 -3 -3 -3 -3 -3 -3 -3 -3 -3 -3 -3 -3 -3 -3 -3 -3 -3 -3 -3 -3 -3 -3 -3 -3 -3 -3 -3 -3 -3 -3 -3 -3 -3 -3 -3 -3 -3 -2 -2 -2 -2 -2 -2 -2 -2 -2 -2 -2 -2 -2 -2 -2 -2 -2 -2 -2 -2 -2 -2 -2 -2 -2 -2 -2 -2 -2
-999 -999 -999 -999 -999 -999 -999 -999 -999 -999 -999 -999 -3 -3 -3 -3 -3 -3 -3 -3 -3 -3 -3 -3 -3 -3 -3 -3 -3 -3 -3 -3 -3 -3 -3 -3 -3 -3 -3 -3 -3 -3 -3 -3 -3 -3 -3 -3 -3 -3 -3 -3 -3 -3 -3 -3 -2 -2 -2 -2 -2 -2 -2 -2 -2 -2 -2 -2 -2 -2 -2 -2 -2 -2 -2 -2 -2 -2 -2 -2 -2 -2 -2 -2 -2
-999 -999 -999 -999 -999 -999 -999 -999 -999 -999 -999 -999 -3 -3 -3 -3 -3 -4 -3 -3 -3 -3 -3 -3 -3 -3 -3 -3 -3 -3 -3 -3 -3 -3 -3 -3 -3 -3 -3 -3 -3 -3 -3 -3 -3 -3 -3 -3 -3 -3 -3 -3 -3 -3 -3 -3 -3 -3 -2 -2 -2 -2 -2 -2 -2 -2 -2 -2 -2 -2 -2 -2 -2 -2 -2 -2 -2 -2 -2 -2 -2 -2 -2 -2 -2
-999 -999 -999 -999 -999 -999 -999 -999 -999 -999 -999 -999 -3 -3 -3 -3 -4 -4 -3 -3 -3 -3 -3 -3 -3 -3 -3 -3 -3 -3 -3 -3 -3 -3 -3 -3 -3 -3 -3 -3 -3 -3 -3 -3 -3 -3 -3 -3 -3 -3 -3 -3 -3 -3 -3 -3 -3 -3 -3 -2 -2 -2 -2 -2 -2 -2 -2 -2 -2 -2 -2 -2 -2 -2 -2 -2 -2 -2 -2 -2 -2 -2 -2 -2 -2
-999 -999 -999 -999 -999 -999 -999 -999 -999 -999 -999 -999 -3 -3 -3 -4 -4 -4 -3 -3 -3 -3 -3 -3 -3 -3 -3 -3 -3 -3 -3 -3 -3 -3 -3 -3 -3 -3 -3 -3 -3 -3 -3 -3 -3 -3 -3 -3 -3 -3 -3 -3 -3 -3 -3 -3 -3 -3 -3 -3 -2 -2 -2 -2 -2 -2 -2 -2 -2 -2 -2 -2 -2 -2 -2 -2 -2 -2 -2 -2 -2 -2 -2 -2 -2
-999 -999 -999 -999 -999 -999 -999 -999 -999 -999 -999 -999 -3 -4 -4 -4 -4 -4 -3 -3 -3 -3 -3 -3 -3 -3 -3 -3 -3 -3 -3 -3 -3 -3 -3 -3 -3 -3 -3 -3 -3 -3 -3 -3 -3 -3 -3 -3 -3 -3 -3 -3 -3 -3 -3 -3 -3 -3 -3 -3 -2 -2 -2 -2 -2 -2 -2 -2 -2 -2 -2 -2 -2 -2 -2 -2 -2 -2 -2 -2 -2 -2 -2 -2 -2
-999 -999 -999 -999 -999 -999 -999 -999 -999 -999 -999 -999 -4 -4 -4 -4 -4 -4 -4 -3 -3 -3 -3 -3 -3 -3 -3 -3 -3 -3 -3 -3 -3 -3 -3 -3 -3 -3 -3 -3 -3 -3 -3 -3 -3 -3 -3 -3 -3 -3 -3 -3 -3 -3 -3 -3 -3 -3 -3 -3 -3 -3 -2 -2 -2 -2 -2 -2 -2 -2 -2 -2 -2 -2 -2 -2 -2 -2 -2 -2 -2 -2 -2 -2 -2
-999 -999 -999 -999 -999 -999 -999 -999 -999 -999 -999 -999 -4 -4 -4 -4 -4 -4 -4 -3 -3 -3 -3 -3 -3 -3 -3 -3 -3 -3 -3 -3 -3 -3 -3 -3 -3 -3 -3 -3 -3 -3 -3 -3 -3 -3 -3 -3 -3 -3 -3 -3 -3 -3 -3 -3 -3 -3 -3 -3 -3 -3 -2 -2 -2 -2 -2 -2 -2 -2 -2 -2 -2 -2 -2 -2 -2 -2 -2 -2 -2 -2 -2 -2 -2
-999 -999 -999 -999 -999 -999 -999 -999 -999 -999 -999 -999 -4 -4 -4 -4 -4 -4 -4 -3 -3 -3 -3 -3 -3 -3 -3 -3 -3 -3 -3 -3 -3 -3 -3 -3 -3 -3 -3 -3 -3 -3 -3 -3 -3 -3 -3 -3 -3 -3 -3 -3 -3 -3 -3 -3 -3 -3 -3 -3 -3 -3 -3 -2 -2 -2 -2 -2 -2 -2 -2 -2 -2 -2 -2 -2 -2 -2 -2 -2 -2 -2 -2 -2 -2
-999 -999 -999 -999 -999 -999 -999 -999 -999 -999 -999 -999 -4 -4 -4 -4 -4 -4 -4 -3 -3 -3 -3 -3 -3 -3 -3 -3 -3 -3 -4 -4 -3 -3 -3 -3 -3 -3 -3 -3 -3 -3 -3 -3 -3 -3 -3 -3 -3 -3 -3 -3 -3 -3 -3 -3 -3 -3 -3 -3 -3 -3 -3 -3 -2 -2 -2 -2 -2 -2 -2 -2 -2 -2 -2 -2 -2 -2 -2 -2 -2 -2 -2 -2 -2
-999 -999 -999 -999 -999 -999 -999 -999 -999 -999 -999 -999 -4 -4 -4 -4 -4 -4 -4 -3 -3 -3 -3 -3 -3 -3 -3 -3 -4 -3 -4 -4 -3 -3 -3 -3 -3 -3 -3 -3 -3 -3 -3 -3 -3 -3 -3 -3 -3 -3 -3 -3 -3 -3 -3 -3 -3 -3 -3 -3 -3 -3 -3 -3 -3 -2 -2 -2 -2 -2 -2 -2 -2 -2 -2 -2 -2 -2 -2 -2 -2 -2 -2 -2 -2
-999 -999 -999 -999 -999 -999 -999 -999 -999 -999 -999 -999 -4 -4 -4 -4 -4 -4 -3 -4 -3 -3 -3 -3 -3 -3 -3 -4 -4 -4 -4 -4 -4 -3 -3 -3 -3 -3 -3 -3 -3 -3 -3 -3 -3 -3 -3 -3 -3 -3 -3 -3 -3 -3 -3 -3 -3 -3 -3 -3 -3 -3 -3 -3 -3 -2 -2 -2 -2 -2 -2 -2 -2 -2 -2 -2 -2 -2 -2 -2 -2 -2 -2 -2 -2
