-999 -999 -999 -999 -999 -999 -999 -999 -999 -999 -999 -999 -999 -999 -999 -999 -999 -999 -999 -999 -999 -999 -999 -999 -999 -999 -999 447 449 452 456 455 474 519 561 588 609 645 707 762 786 812 856 881 884 887 894 900 894 888 869 840 849 887 912 934 957 940 933 936 936 937 937 935 934 932 928 928 935 936 929 927 929 -999 -999 -999 -999 -999 -999 -999 -999 -999 -999 -999 -999
-999 -999 -999 -999 -999 -999 -999 -999 -999 -999 -999 -999 -999 -999 -999 -999 -999 -999 -999 -999 -999 -999 -999 -999 -999 -999 442 446 447 449 451 448 453 489 528 551 576 619 655 703 738 784 838 870 873 867 861 873 876 865 836 806 835 881 901 917 928 924 920 927 931 936 939 937 935 932 928 932 943 944 934 929 -999 -999 -999 -999 -999 -999 -999 -999 -999 -999 -999 -999 -999
-999 -999 -999 -999 -999 -999 -999 -999 -999 -999 -999 -999 -999 -999 -999 -999 -999 -999 -999 -999 -999 -999 -999 -999 -999 -999 437 440 442 444 450 452 457 476 505 515 558 612 652 680 705 754 806 816 833 825 805 827 851 838 804 790 820 855 872 891 905 909 905 908 925 938 940 937 934 931 928 929 936 937 932 -999 -999 -999 -999 -999 -999 -999 -999 -999 -999 -999 -999 -999 -999
-999 -999 -999 -999 -999 -999 -999 -999 -999 -999 -999 -999 -999 -999 -999 -999 -999 -999 -999 -999 -999 -999 -999 -999 -999 432 434 434 437 440 445 450 450 461 516 549 566 614 660 691 709 732 755 752 757 748 737 791 847 811 771 773 796 817 833 849 864 883 882 878 909 932 938 936 932 929 927 925 926 930 931 -999 -999 -999 -999 -999 -999 -999 -999 -999 -999 -999 -999 -999 -999
-999 -999 -999 -999 -999 -999 -999 -999 -999 -999 -999 -999 -999 -999 -999 -999 -999 -999 -999 -999 -999 -999 -999 420 427 431 434 433 433 434 439 445 448 471 536 577 560 579 625 682 696 703 725 730 703 675 680 714 759 765 739 751 768 786 800 801 812 845 869 877 901 927 935 938 932 926 925 924 933 939 932 -999 -999 -999 -999 -999 -999 -999 -999 -999 -999 -999 -999 -999 -999
-999 -999 -999 -999 -999 -999 -999 -999 -999 -999 -999 -999 -999 -999 -999 -999 -999 -999 -999 -999 -999 403 408 415 422 428 431 430 428 425 428 440 451 462 500 519 518 528 564 609 643 670 715 734 687 648 627 621 681 724 717 711 734 759 768 752 753 828 883 883 892 920 938 938 932 927 926 928 948 960 -999 -999 -999 -999 -999 -999 -999 -999 -999 -999 -999 -999 -999 -999 -999
-999 -999 -999 -999 -999 -999 -999 -999 -999 -999 -999 -999 -999 -999 -999 -999 475 439 411 400 399 400 404 410 417 424 425 425 419 412 416 427 436 440 441 458 469 503 527 557 601 648 696 702 662 617 583 572 625 700 672 644 669 706 713 689 720 802 862 872 875 923 956 942 931 929 927 932 948 956 943 -999 -999 -999 -999 -999 -999 -999 -999 -999 -999 -999 -999 -999 -999
-999 -999 -999 -999 -999 -999 -999 -999 -999 -999 -999 -999 -999 -999 538 523 512 457 415 405 400 396 398 403 410 416 420 420 409 401 406 414 422 428 432 435 450 489 520 544 575 622 681 665 635 582 531 518 551 588 592 581 604 638 656 651 713 785 838 864 887 929 961 942 929 928 927 930 937 939 932 937 -999 -999 -999 -999 -999 -999 -999 -999 -999 -999 -999 -999 -999
-999 -999 -999 -999 -999 -999 -999 -999 -999 -999 -999 613 589 570 550 532 500 451 416 411 406 400 396 398 403 407 409 406 397 391 394 400 410 418 426 431 443 471 502 522 538 565 598 609 608 541 482 497 501 505 530 543 561 591 624 661 732 799 835 870 886 913 932 933 928 927 928 931 932 930 929 935 947 -999 -999 -999 -999 -999 -999 -999 -999 -999 -999 -999 -999
-999 -999 -999 -999 -999 -999 -999 -999 727 685 651 624 592 567 555 537 484 431 414 412 408 401 397 399 401 400 398 392 384 383 383 388 400 409 417 423 424 440 480 510 501 493 506 522 522 491 469 489 497 492 498 509 516 567 610 668 743 803 839 864 874 891 917 931 929 927 929 932 931 928 929 932 935 940 941 941 -999 -999 -999 -999 -999 -999 -999 -999 -999
-999 -999 -999 -999 763 -999 -999 761 737 683 635 607 583 569 561 539 486 428 413 412 409 404 400 399 399 398 394 385 376 377 378 386 395 401 408 411 412 428 465 488 474 467 471 461 466 464 496 521 500 467 484 513 532 566 608 660 725 763 815 852 858 884 914 929 928 928 930 932 929 926 928 931 935 938 940 941 941 938 -999 -999 -999 -999 -999 -999 -999
-999 -999 863 816 789 810 798 747 708 659 607 586 563 567 569 543 499 454 426 413 412 409 405 402 400 397 392 385 381 378 379 383 391 397 402 402 402 412 437 458 454 456 473 477 476 486 538 572 538 501 527 537 558 586 599 628 675 700 746 805 841 881 918 924 926 928 931 931 929 928 930 932 936 940 940 940 942 941 -999 -999 -999 -999 -999 -999 -999
935 901 875 842 794 781 763 719 672 629 608 599 571 572 578 556 522 467 425 415 413 410 407 405 403 399 392 386 385 383 386 390 391 394 397 397 397 397 405 450 470 475 486 496 500 521 561 594 582 583 636 657 632 613 557 552 615 659 712 783 835 876 909 920 925 929 933 931 929 930 932 934 938 940 940 941 945 945 931 914 -999 -999 -999 -999 -999
936 893 856 825 773 728 727 704 676 624 637 654 635 616 599 580 537 468 421 418 413 410 407 406 405 400 393 389 388 388 394 398 398 399 396 394 394 394 412 450 482 490 494 497 510 543 571 632 656 692 753 766 733 690 613 545 585 659 729 797 833 871 900 920 927 931 932 930 929 931 933 936 939 943 944 944 948 947 937 926 -999 -999 -999 -999 -999
922 874 826 811 781 748 727 719 712 686 679 695 687 661 641 620 548 457 424 421 418 413 408 407 406 400 393 391 390 392 396 399 402 401 399 396 395 395 408 435 446 461 484 494 525 569 620 695 762 787 828 814 803 782 721 641 611 666 748 803 829 861 893 925 929 932 931 929 929 930 929 927 933 945 950 945 945 945 943 938 930 916 -999 -999 -999
901 854 819 817 807 777 751 739 739 723 694 693 694 686 676 649 570 487 445 426 424 420 414 409 405 399 394 392 391 393 395 399 402 401 400 400 399 399 404 411 404 419 460 486 543 605 676 750 794 831 860 851 836 818 787 677 579 667 757 797 822 850 882 905 916 926 930 929 931 932 921 913 927 944 947 943 940 941 940 938 936 918 -999 -999 -999
-999 836 827 831 813 783 764 747 734 713 688 701 711 697 683 652 594 519 455 424 424 424 416 409 404 399 396 393 392 393 395 399 401 400 399 400 401 397 395 396 393 413 453 499 554 614 689 782 809 832 834 838 854 859 817 732 670 705 762 791 818 844 873 885 895 903 910 923 933 928 912 904 921 946 945 941 940 940 938 935 929 916 899 -999 -999
-999 850 834 839 810 772 752 736 724 705 700 713 719 702 686 665 625 555 475 428 424 422 416 410 404 400 399 396 394 392 396 401 401 400 399 399 399 396 391 387 384 424 463 515 567 606 662 709 742 781 800 800 821 840 835 813 782 789 796 800 813 836 858 869 878 880 885 912 932 920 900 895 906 921 931 938 940 939 936 933 929 919 904 -999 -999
-999 857 821 809 797 768 740 722 724 716 713 726 721 705 681 661 651 601 531 479 444 428 418 413 408 404 402 400 397 396 398 401 402 401 400 400 398 397 392 387 401 439 479 536 587 608 636 626 644 676 706 749 788 810 820 821 833 841 824 817 820 831 845 857 869 877 885 911 932 912 891 889 889 900 914 928 937 938 935 934 936 930 -999 -999 -999
-999 -999 819 799 799 775 744 730 735 731 717 715 714 705 659 624 626 615 571 514 475 459 441 423 411 409 407 405 402 398 398 399 399 400 400 400 398 396 391 386 421 462 496 544 587 606 611 590 580 592 613 701 764 798 820 839 856 859 847 830 820 826 850 865 869 880 888 905 911 900 888 884 888 905 914 924 939 937 934 938 948 -999 -999 -999 -999
-999 -999 849 813 796 775 744 742 746 732 711 703 708 684 624 587 625 637 584 529 500 488 465 442 427 418 413 413 411 406 402 397 395 397 398 398 398 395 390 396 436 479 497 527 551 576 568 548 556 578 621 698 757 798 830 851 875 882 875 855 836 837 862 873 868 872 881 890 895 892 888 883 896 919 929 934 939 936 934 935 -999 -999 -999 -999 -999
-999 -999 842 806 782 770 753 751 753 731 709 674 671 643 577 559 582 601 588 548 511 488 474 455 440 429 421 418 417 413 406 398 394 395 396 397 397 393 389 407 441 469 488 501 513 527 506 486 542 573 663 753 791 815 840 860 876 883 887 872 849 846 858 868 862 862 872 884 892 893 891 889 905 926 935 939 937 935 931 -999 -999 -999 -999 -999 -999
-999 -999 -999 794 780 773 762 753 744 727 685 612 580 563 524 525 524 535 534 524 504 489 481 471 462 445 424 417 416 415 407 396 393 394 395 396 396 393 390 405 432 460 481 480 481 473 445 470 547 611 702 803 819 835 849 865 877 883 884 876 863 849 846 870 880 886 881 885 901 905 903 903 907 920 930 937 937 933 -999 -999 -999 -999 -999 -999 -999
-999 -999 -999 796 779 767 756 748 737 722 676 603 541 505 510 526 521 502 492 494 485 486 486 494 492 474 450 430 418 415 407 398 394 392 394 396 395 392 388 389 407 434 458 453 440 437 420 475 562 645 719 783 817 840 855 868 881 890 887 888 882 872 871 886 913 929 929 917 918 919 920 921 923 926 930 937 942 -999 -999 -999 -999 -999 -999 -999 -999
-999 -999 -999 795 772 757 746 733 721 709 687 636 586 540 522 540 525 498 484 478 478 483 485 490 500 495 476 451 433 422 412 402 395 392 394 395 394 392 387 382 390 408 437 451 449 435 419 465 532 611 699 772 815 837 853 870 889 894 888 887 891 895 892 897 924 956 959 941 932 930 932 936 939 939 940 930 -999 -999 -999 -999 -999 -999 -999 -999 -999
-999 -999 822 789 759 736 723 715 700 684 665 643 618 573 525 510 506 487 475 467 470 476 480 480 486 490 483 465 442 434 424 407 394 393 395 394 393 390 386 381 383 394 428 467 487 488 477 477 497 558 648 744 808 832 853 868 886 888 884 885 890 896 901 907 932 956 952 944 941 939 940 944 944 945 -999 -999 -999 -999 -999 -999 -999 -999 -999 -999 -999
-999 -999 781 774 742 706 691 693 685 664 646 623 599 555 500 480 490 487 479 465 461 467 470 472 481 493 491 480 463 448 432 409 394 394 395 393 391 388 385 378 371 381 410 447 492 535 526 513 554 586 642 738 785 802 828 857 877 879 878 882 888 902 911 920 937 949 949 946 944 943 945 949 -999 -999 -999 -999 -999 -999 -999 -999 -999 -999 -999 -999 -999
-999 -999 -999 774 739 697 682 681 670 645 624 603 577 532 482 481 486 494 494 476 461 460 464 468 476 486 495 499 479 460 434 408 395 394 393 392 390 387 385 376 368 380 396 426 469 519 548 566 623 662 696 757 763 766 796 827 849 863 874 877 887 905 919 925 935 949 955 950 946 945 -999 -999 -999 -999 -999 -999 -999 -999 -999 -999 -999 -999 -999 -999 -999
-999 -999 -999 766 736 700 696 694 657 624 604 584 553 512 484 480 480 484 491 474 450 458 467 469 472 482 496 495 477 460 434 406 398 393 392 391 388 386 381 373 371 384 398 419 449 531 591 602 634 674 717 742 751 760 781 802 823 842 862 874 890 910 922 928 938 953 963 955 949 947 -999 -999 -999 -999 -999 -999 -999 -999 -999 -999 -999 -999 -999 -999 -999
-999 -999 -999 733 698 693 706 690 642 604 583 565 531 493 479 474 471 470 470 461 449 455 472 472 473 484 498 487 467 447 424 406 398 391 389 388 386 383 377 369 373 384 394 406 440 508 577 598 609 628 660 708 738 757 777 796 813 833 860 880 898 917 924 931 940 952 957 954 -999 -999 -999 -999 -999 -999 -999 -999 -999 -999 -999 -999 -999 -999 -999 -999 -999
-999 -999 744 706 654 683 706 672 622 584 560 541 517 488 473 466 465 463 455 457 440 432 441 456 473 483 485 458 440 433 415 404 395 390 387 385 384 380 373 368 372 379 394 403 427 469 514 543 576 595 609 679 729 763 784 793 811 834 860 884 904 918 926 934 941 947 949 -999 -999 -999 -999 -999 -999 -999 -999 -999 -999 -999 -999 -999 -999 -999 -999 -999 -999
-999 -999 -999 719 689 688 701 652 602 576 546 528 513 495 478 467 461 451 431 423 417 400 406 420 438 459 452 420 406 404 401 399 393 391 389 385 382 377 370 367 369 378 398 412 431 458 479 496 578 631 657 692 736 784 806 808 817 835 859 883 905 919 929 938 946 948 947 -999 -999 -999 -999 -999 -999 -999 -999 -999 -999 -999 -999 -999 -999 -999 -999 -999 -999
-999 -999 -999 746 710 680 662 628 595 572 547 528 513 500 483 475 468 447 411 396 401 398 396 396 403 421 416 396 386 382 389 394 394 394 390 384 379 373 366 365 364 371 386 408 428 450 474 502 569 668 702 725 748 790 814 820 825 837 859 884 906 922 933 932 943 949 947 -999 -999 -999 -999 -999 -999 -999 -999 -999 -999 -999 -999 -999 -999 -999 -999 -999 -999
-999 -999 692 712 685 650 634 612 590 568 547 526 514 507 492 478 475 459 433 408 398 396 393 395 399 400 397 390 381 376 385 394 398 399 393 386 376 368 363 361 359 360 368 401 427 450 474 475 505 575 649 714 742 764 788 806 824 834 861 888 901 918 925 914 921 938 945 946 -999 -999 -999 -999 -999 -999 -999 -999 -999 -999 -999 -999 -999 -999 -999 -999 -999
-999 -999 677 675 656 636 622 606 586 565 548 528 521 518 491 466 463 465 449 413 393 391 389 394 399 401 400 388 375 374 382 389 395 401 397 390 374 363 359 357 352 350 366 399 430 455 473 463 448 487 566 669 738 758 769 795 818 835 856 886 887 895 892 886 908 934 943 945 -999 -999 -999 -999 -999 -999 -999 -999 -999 -999 -999 -999 -999 -999 -999 -999 -999
-999 -999 675 665 646 629 614 611 603 576 552 536 524 512 480 447 456 463 435 402 389 386 386 390 395 402 403 384 369 374 380 384 389 398 403 390 369 357 354 350 344 338 364 394 428 459 468 463 476 517 566 667 767 774 783 804 824 825 834 847 855 861 861 866 899 929 939 946 930 -999 -999 -999 -999 -999 -999 -999 -999 -999 -999 -999 -999 -999 -999 -999 -999
-999 -999 668 665 661 660 645 635 632 586 550 533 520 500 470 443 435 440 421 390 383 378 382 384 391 399 396 381 370 376 381 383 386 402 416 385 356 349 347 343 337 342 365 392 429 463 465 463 501 555 607 685 744 772 801 826 841 820 808 808 816 829 835 858 894 918 930 936 929 -999 -999 -999 -999 -999 -999 -999 -999 -999 -999 -999 -999 -999 -999 -999 -999
-999 -999 677 675 688 705 694 677 647 589 541 525 511 498 472 420 392 393 389 381 374 372 379 383 388 396 393 384 376 375 380 383 384 391 395 369 340 343 343 337 331 345 367 400 438 460 463 467 489 536 611 678 703 727 775 827 840 810 789 777 778 801 819 851 885 905 922 932 933 -999 -999 -999 -999 -999 -999 -999 -999 -999 -999 -999 -999 -999 -999 -999 -999
-999 -999 689 691 709 728 714 709 657 596 553 523 510 509 479 412 363 364 369 369 366 370 378 381 383 386 387 385 375 368 373 377 374 370 367 352 340 338 337 331 330 346 367 409 449 460 465 459 456 510 593 659 688 694 744 798 788 775 759 738 728 734 785 842 870 889 907 925 941 938 -999 -999 -999 -999 -999 -999 -999 -999 -999 -999 -999 -999 -999 -999 -999
-999 735 739 734 734 727 702 681 638 594 560 524 512 509 468 393 362 362 362 361 362 370 377 376 376 376 377 371 362 361 365 368 367 363 354 346 339 334 331 327 331 343 366 402 437 456 463 442 431 498 580 664 719 713 714 737 739 733 730 715 686 650 764 854 874 881 896 917 932 938 933 -999 -999 -999 -999 -999 -999 -999 -999 -999 -999 -999 -999 -999 -999
-999 742 799 784 777 742 698 648 609 577 552 526 506 494 464 409 372 359 355 352 355 364 371 368 368 369 368 357 347 356 364 367 365 356 345 337 332 328 326 324 332 341 360 389 411 428 433 417 422 482 549 619 714 688 647 650 657 685 713 718 711 712 786 879 878 880 889 906 926 937 931 -999 -999 -999 -999 -999 -999 -999 -999 -999 -999 -999 -999 -999 -999
-999 -999 727 798 805 767 723 660 601 568 548 533 516 498 483 440 380 350 347 342 344 350 355 356 360 362 362 356 352 358 367 376 379 353 335 329 324 324 324 325 333 340 351 369 384 399 404 399 421 462 490 531 578 582 567 562 572 621 660 708 748 763 801 841 859 869 874 889 919 938 937 -999 -999 -999 -999 -999 -999 -999 -999 -999 -999 -999 -999 -999 -999
-999 -999 -999 816 820 786 738 674 618 582 554 544 532 514 497 453 381 341 340 340 340 338 340 345 350 355 359 361 364 370 374 384 380 347 326 322 318 321 323 324 328 331 334 345 360 374 382 391 409 438 458 473 480 500 497 489 511 563 623 681 721 733 767 808 832 841 848 878 920 936 936 -999 -999 -999 -999 -999 -999 -999 -999 -999 -999 -999 -999 -999 -999
-999 -999 -999 829 835 800 741 680 633 589 565 553 542 527 511 484 433 373 340 339 341 335 330 334 342 348 353 357 364 378 375 377 355 327 318 315 314 318 319 319 320 322 325 332 340 351 362 375 391 410 431 441 434 440 439 413 447 491 594 676 671 661 689 741 786 812 822 859 899 914 932 924 -999 -999 -999 -999 -999 -999 -999 -999 -999 -999 -999 -999 -999
-999 545 611 724 799 801 745 690 652 610 584 562 552 540 526 514 469 386 343 342 341 327 315 318 323 335 347 348 348 354 359 355 329 305 309 308 312 315 312 308 309 313 317 322 329 339 348 358 373 393 414 405 376 401 431 439 440 451 600 716 688 642 633 671 725 765 796 833 860 867 883 907 912 -999 -999 -999 -999 -999 -999 -999 -999 -999 -999 -999 -999
-999 544 557 683 808 806 764 718 677 639 608 583 568 555 539 525 449 370 346 343 338 327 313 304 304 317 329 331 329 332 339 332 312 300 302 307 311 313 306 295 298 301 307 312 319 329 334 338 355 378 395 388 370 410 453 493 512 563 664 732 724 705 702 701 708 733 760 792 819 827 850 890 894 -999 -999 -999 -999 -999 -999 -999 -999 -999 -999 -999 -999
-999 537 598 744 844 823 798 753 709 669 631 601 581 563 546 512 428 359 352 346 337 331 312 296 297 304 311 318 322 327 328 317 305 303 304 306 310 313 311 302 293 292 297 303 312 320 317 313 343 374 387 384 394 433 476 526 579 648 722 752 762 768 773 773 777 773 755 751 799 826 850 884 881 -999 -999 -999 -999 -999 -999 -999 -999 -999 -999 -999 -999
-999 661 699 819 857 833 809 778 740 697 657 622 593 569 549 513 450 386 356 345 333 322 303 286 292 299 308 314 318 325 324 316 307 304 304 305 308 314 318 303 289 288 291 296 304 310 309 311 343 378 392 397 410 441 498 548 595 653 724 784 809 822 831 834 842 818 792 787 805 829 843 861 862 -999 -999 -999 -999 -999 -999 -999 -999 -999 -999 -999 -999
886 843 841 894 872 841 820 796 758 718 678 637 606 584 559 535 498 412 354 338 326 310 291 285 291 297 309 316 314 317 321 317 308 301 302 304 307 315 314 297 282 282 284 288 294 301 306 321 349 376 397 410 407 425 497 561 592 632 700 767 821 866 885 883 878 848 820 806 808 836 854 855 856 861 -999 -999 -999 -999 -999 -999 -999 -999 -999 -999 -999
973 947 922 912 899 872 837 813 774 733 696 655 623 600 575 549 493 403 340 328 316 302 282 286 294 300 308 310 304 309 319 319 306 296 303 308 311 317 307 288 279 279 279 279 284 294 302 325 350 374 396 410 411 439 502 553 570 603 676 759 810 858 889 911 904 872 846 827 824 855 882 878 874 878 880 -999 -999 -999 -999 -999 -999 -999 -999 -999 -999
1056 1003 964 937 925 892 846 811 778 747 717 678 637 606 583 562 466 367 331 319 309 299 288 286 291 298 303 304 301 308 322 319 305 300 305 311 313 315 307 291 278 275 275 274 281 290 303 323 346 370 395 422 435 515 582 574 537 569 628 704 783 850 885 911 904 889 870 848 863 893 905 900 900 907 907 -999 -999 -999 -999 -999 -999 -999 -999 -999 -999
1093 1046 990 947 919 888 847 813 780 763 742 697 642 604 579 544 458 347 323 311 303 295 287 280 283 290 297 301 300 304 312 311 302 302 306 310 314 315 315 297 273 264 268 270 282 292 301 316 341 366 387 410 468 599 680 669 642 604 582 651 737 808 866 904 912 906 896 882 901 929 929 925 923 931 -999 -999 -999 -999 -999 -999 -999 -999 -999 -999 -999
1132 1090 1054 1000 929 891 874 862 826 792 773 717 662 612 574 549 497 410 341 308 296 288 279 272 276 283 297 307 304 299 301 306 304 302 304 311 317 313 312 291 258 253 260 266 277 289 292 302 329 356 373 388 450 552 655 736 745 691 667 692 727 774 841 882 909 923 929 921 926 937 943 948 934 931 -999 -999 -999 -999 -999 -999 -999 -999 -999 -999 -999
1165 1144 1143 1111 1027 954 936 933 885 831 792 741 677 615 571 558 541 442 342 312 296 285 272 266 268 275 294 314 304 296 295 299 302 298 304 315 317 311 304 285 261 255 256 257 263 273 280 292 315 343 368 390 426 474 579 672 720 731 747 762 781 807 839 873 909 923 935 935 937 935 937 938 -999 -999 -999 -999 -999 -999 -999 -999 -999 -999 -999 -999 -999
1199 1188 1189 1174 1112 1045 1033 1018 936 852 820 782 720 643 581 568 542 470 376 318 297 294 285 272 261 264 279 288 288 287 284 285 295 297 311 322 318 311 296 281 269 257 251 249 249 262 273 286 303 339 371 405 443 492 557 622 694 736 761 792 821 840 858 884 906 924 934 934 934 932 928 930 -999 -999 -999 -999 -999 -999 -999 -999 -999 -999 -999 -999 -999
-999 1220 1214 1194 1154 1128 1122 1080 1002 934 891 838 779 714 641 593 566 530 430 338 306 308 301 286 273 266 266 263 264 264 264 277 295 310 327 332 318 308 286 268 255 246 243 240 244 255 268 276 296 344 385 428 463 518 581 631 688 740 765 791 820 845 863 885 900 916 923 928 932 932 933 934 933 -999 -999 -999 -999 -999 -999 -999 -999 -999 -999 -999 -999
-999 -999 1223 1225 1215 1194 1180 1125 1063 1026 987 916 839 766 676 611 579 548 451 322 320 326 329 315 280 267 259 253 249 244 245 274 297 318 344 334 313 294 272 253 238 228 229 229 236 246 270 287 313 356 410 461 506 555 603 626 669 724 765 790 819 832 843 864 888 904 910 915 922 927 938 942 936 -999 -999 -999 -999 -999 -999 -999 -999 -999 -999 -999 -999
-999 -999 1226 1229 1227 1227 1220 1167 1115 1090 1067 975 880 800 715 641 589 554 492 415 380 359 378 382 335 293 259 243 249 255 259 278 300 316 333 319 301 279 257 240 225 217 217 219 224 238 274 307 330 362 418 482 548 593 617 629 665 723 769 784 806 810 815 845 874 891 900 905 910 919 932 940 936 -999 -999 -999 -999 -999 -999 -999 -999 -999 -999 -999 -999
-999 -999 1226 1233 1221 1215 1203 1183 1168 1144 1106 1036 943 846 761 677 609 582 556 514 467 432 422 422 383 338 306 274 265 275 278 289 297 307 312 303 284 257 239 229 215 210 208 209 208 233 269 300 328 364 414 478 567 633 625 626 681 744 759 768 781 784 796 829 862 884 898 900 903 913 927 934 935 -999 -999 -999 -999 -999 -999 -999 -999 -999 -999 -999 -999
-999 1209 1227 1233 1221 1204 1191 1178 1166 1156 1147 1120 1025 922 807 697 633 610 581 538 512 473 433 415 391 369 352 313 284 273 272 288 287 291 280 276 261 230 224 225 214 202 198 202 206 234 265 289 315 355 403 493 607 656 644 641 690 763 728 715 745 760 778 810 840 868 887 895 897 905 916 926 938 -999 -999 -999 -999 -999 -999 -999 -999 -999 -999 -999 -999
1194 1206 1228 1238 1233 1213 1192 1177 1160 1148 1138 1125 1070 992 830 692 648 630 586 526 490 461 430 415 397 372 352 323 285 248 230 242 259 259 240 234 236 219 222 230 214 198 196 199 212 237 266 294 314 343 388 499 616 657 661 634 638 674 677 670 723 753 761 783 820 851 863 872 885 894 901 910 920 -999 -999 -999 -999 -999 -999 -999 -999 -999 -999 -999 -999
1192 1197 1212 1232 1241 1217 1190 1178 1164 1131 1124 1115 1082 993 834 689 657 635 582 520 483 453 435 421 405 378 349 327 295 244 192 205 232 225 209 213 231 230 227 226 212 194 194 196 220 243 276 312 342 369 416 500 596 648 668 605 550 611 652 701 747 745 729 750 791 827 842 849 875 893 896 897 903 913 -999 -999 -999 -999 -999 -999 -999 -999 -999 -999 -999
1181 1187 1205 1232 1236 1217 1198 1186 1161 1080 1036 1056 1084 999 848 729 661 625 585 543 522 491 454 428 428 415 376 342 304 256 215 201 205 197 187 207 226 230 226 223 214 203 197 204 233 258 287 323 365 402 458 530 579 644 651 580 562 625 677 746 807 785 754 745 765 810 843 859 877 894 895 897 900 904 906 -999 -999 -999 -999 -999 -999 -999 -999 -999 -999
1174 1186 1207 1232 1234 1223 1217 1210 1145 1027 943 959 970 922 839 736 636 616 591 576 572 538 494 465 459 453 400 355 309 264 219 183 179 179 185 203 219 230 232 227 222 210 199 213 238 265 289 313 342 393 472 538 533 563 578 548 598 675 737 800 837 832 806 779 776 816 861 871 883 889 892 896 898 901 904 -999 -999 -999 -999 -999 -999 -999 -999 -999 -999
1190 1196 1206 1226 1236 1235 1233 1239 1148 1042 957 903 874 855 800 716 639 623 611 598 590 557 523 497 481 445 396 355 313 270 230 187 170 168 190 211 226 237 238 232 224 210 204 215 234 261 286 296 306 368 446 481 471 477 531 562 651 735 790 849 855 850 828 794 792 826 857 871 882 884 886 889 892 899 903 906 -999 -999 -999 -999 -999 -999 -999 -999 -999
1210 1215 1222 1230 1246 1245 1236 1212 1148 1062 957 881 877 855 786 713 667 642 624 612 594 559 528 507 489 430 375 339 303 272 248 208 177 173 197 223 239 252 241 234 223 209 214 228 240 259 277 281 293 346 418 431 429 479 535 615 710 777 821 863 868 865 840 810 820 838 853 869 877 880 881 881 885 894 900 901 900 -999 -999 -999 -999 -999 -999 -999 -999
1216 1229 1235 1229 1235 1241 1234 1201 1153 1061 952 897 900 876 805 736 693 651 628 610 588 560 533 509 481 434 376 326 291 254 225 200 171 179 202 217 234 251 239 228 218 208 226 244 254 267 286 282 277 311 369 412 432 493 562 668 769 808 841 862 870 867 852 842 849 860 864 873 874 877 880 882 884 890 898 902 903 -999 -999 -999 -999 -999 -999 -999 -999
1214 1228 1234 1227 1225 1242 1238 1204 1162 1061 953 944 945 897 827 771 727 680 637 605 586 562 536 510 487 455 398 341 285 231 197 177 160 178 201 201 208 232 241 230 214 215 230 247 260 279 330 353 312 290 357 438 512 582 641 726 808 834 861 869 877 872 861 860 867 872 872 874 875 877 882 886 884 887 893 902 905 904 -999 -999 -999 -999 -999 -999 -999
-999 1229 1243 1246 1249 1258 1242 1210 1165 1089 1011 991 982 922 857 805 760 700 646 606 578 560 539 515 494 466 405 350 278 215 185 162 156 168 188 201 204 234 259 251 237 227 230 246 262 298 363 399 342 326 404 488 602 698 730 785 827 856 873 880 884 879 874 873 875 874 875 875 875 877 882 884 882 880 884 891 896 -999 -999 -999 -999 -999 -999 -999 -999
-999 -999 1249 1266 1271 1271 1237 1207 1184 1145 1070 1021 982 938 892 836 777 703 642 595 557 541 525 508 505 452 382 319 255 199 175 154 177 183 193 222 227 240 257 270 262 240 233 243 263 300 349 364 346 377 448 529 627 723 774 811 838 866 878 889 889 884 881 879 878 876 875 875 875 877 880 882 882 881 879 880 888 894 -999 -999 -999 -999 -999 -999 -999
1233 1236 1244 1262 1278 1267 1229 1200 1180 1152 1095 1019 967 920 878 840 776 691 634 593 550 524 505 469 450 412 349 285 222 191 172 176 219 225 205 215 225 230 232 239 246 239 228 229 244 275 318 356 369 438 506 561 635 714 778 813 840 869 880 889 888 886 885 883 881 879 877 875 875 877 879 881 883 882 880 883 886 891 -999 -999 -999 -999 -999 -999 -999
1232 1241 1246 1265 1287 1274 1246 1212 1179 1156 1117 1055 981 906 855 814 759 685 637 597 552 515 480 426 388 371 328 265 200 191 180 182 213 216 184 177 187 198 205 207 230 237 222 213 215 235 286 339 408 498 553 585 640 715 792 804 822 855 880 886 886 886 886 885 884 883 882 881 879 877 876 878 880 881 882 884 886 890 896 -999 -999 -999 -999 -999 -999
1239 1254 1255 1259 1275 1286 1275 1238 1204 1176 1152 1094 1021 938 860 803 759 709 664 618 557 494 474 437 399 366 314 254 207 187 176 159 162 164 149 150 151 174 192 201 218 230 213 204 209 216 267 329 423 517 553 583 642 715 770 792 810 850 883 882 882 884 886 886 885 885 885 886 884 882 879 877 878 881 881 882 886 888 893 -999 -999 -999 -999 -999 -999
1254 1269 1253 1239 1254 1269 1263 1248 1226 1194 1160 1111 1051 958 869 811 762 728 691 646 594 533 486 460 423 384 312 246 203 170 155 141 133 133 134 136 140 157 183 187 195 206 204 202 205 220 254 320 427 522 524 541 640 720 758 788 816 851 874 876 875 876 879 883 886 885 885 886 887 886 883 881 882 882 880 880 886 891 892 -999 -999 -999 -999 -999 -999
1270 1274 1261 1250 1256 1253 1239 1224 1211 1194 1170 1128 1058 967 881 812 762 741 711 674 636 555 485 458 437 382 306 247 212 173 143 127 125 125 125 124 124 133 145 154 169 196 208 213 216 219 225 294 388 461 489 538 654 735 763 792 818 848 860 866 869 869 872 877 881 883 884 887 889 887 885 886 887 886 884 885 890 892 -999 -999 -999 -999 -999 -999 -999
1280 1280 1272 1279 1291 1279 1246 1211 1194 1180 1156 1129 1060 977 891 814 772 755 734 698 649 566 483 466 453 364 280 249 228 184 142 122 119 116 117 117 114 111 109 117 153 190 210 224 229 229 239 285 342 424 483 574 681 740 768 799 830 849 852 860 867 871 869 872 878 882 884 886 889 890 889 891 892 891 -999 -999 -999 -999 -999 -999 -999 -999 -999 -999 -999
1285 1290 1289 1299 1321 1309 1278 1234 1196 1169 1143 1103 1034 963 887 809 773 746 731 711 661 584 519 482 434 335 254 239 223 184 131 120 118 114 112 109 105 103 102 105 145 192 199 209 221 230 253 289 345 418 502 604 698 740 775 807 847 852 852 859 869 870 862 863 873 880 882 884 889 892 894 896 -999 -999 -999 -999 -999 -999 -999 -999 -999 -999 -999 -999 -999
1294 1302 1305 1304 1308 1303 1290 1244 1193 1168 1142 1089 1013 945 874 818 777 738 727 705 633 572 533 482 395 296 249 234 218 192 154 124 114 111 107 101 95 96 98 104 127 162 183 191 203 215 254 289 343 411 497 596 684 746 779 800 827 838 848 861 872 855 842 855 869 875 878 882 891 897 899 -999 -999 -999 -999 -999 -999 -999 -999 -999 -999 -999 -999 -999 -999
1299 1303 1302 1300 1295 1290 1272 1236 1196 1168 1143 1105 1047 961 874 833 798 752 721 673 593 543 522 470 360 261 248 235 215 201 164 117 100 100 98 91 86 92 95 94 92 140 178 189 193 215 258 300 352 410 486 575 666 742 758 777 796 809 824 846 858 829 811 840 863 870 873 879 887 895 901 -999 -999 -999 -999 -999 -999 -999 -999 -999 -999 -999 -999 -999 -999
1299 1298 1298 1297 1295 1289 1262 1237 1197 1162 1145 1131 1083 998 920 865 818 744 693 638 568 534 527 446 331 263 249 232 206 186 161 115 89 87 87 84 84 90 93 91 96 130 180 189 192 215 252 306 357 416 486 565 657 729 712 715 761 786 798 818 815 795 800 831 855 865 871 876 882 892 900 905 -999 -999 -999 -999 -999 -999 -999 -999 -999 -999 -999 -999 -999
1291 1290 1292 1298 1298 1282 1251 1224 1189 1153 1147 1138 1092 1029 958 892 828 755 681 618 563 521 495 421 303 264 247 216 184 178 178 146 106 84 82 82 83 87 87 87 90 107 144 175 191 204 235 296 353 418 480 550 631 656 644 676 743 778 784 791 779 766 804 840 854 864 869 872 878 887 898 907 -999 -999 -999 -999 -999 -999 -999 -999 -999 -999 -999 -999 -999
1301 1283 1286 1310 1321 1278 1236 1209 1179 1156 1148 1140 1109 1057 983 913 841 772 687 611 552 494 463 430 350 272 233 191 152 146 153 143 108 86 80 79 80 81 78 77 80 81 124 172 188 198 232 290 355 422 478 520 587 576 563 630 712 760 768 764 753 765 813 848 856 865 868 868 871 879 889 901 -999 -999 -999 -999 -999 -999 -999 -999 -999 -999 -999 -999 -999
1338 1319 1311 1332 1333 1271 1221 1192 1170 1154 1139 1126 1110 1072 1005 928 851 775 683 592 543 489 457 449 368 251 201 171 133 103 101 103 88 82 75 74 75 74 71 70 72 79 108 152 181 192 232 282 349 425 447 460 492 503 516 578 654 710 744 737 728 773 826 848 855 865 869 872 873 874 880 892 -999 -999 -999 -999 -999 -999 -999 -999 -999 -999 -999 -999 -999
1362 1353 1333 1332 1307 1254 1202 1168 1151 1149 1133 1115 1102 1071 1023 938 854 774 688 607 542 484 433 396 313 209 184 166 128 92 80 82 81 75 69 68 69 70 69 67 67 66 73 122 171 203 231 268 332 399 421 411 421 454 527 598 632 682 714 703 709 774 843 844 847 854 864 874 876 877 880 888 900 -999 -999 -999 -999 -999 -999 -999 -999 -999 -999 -999 -999
1355 1353 1335 1310 1282 1242 1200 1154 1146 1155 1141 1120 1102 1085 1039 944 856 777 698 616 541 474 410 346 276 214 182 157 121 79 76 75 73 68 63 61 62 64 65 64 62 59 59 122 183 218 249 288 331 379 432 453 460 474 562 658 633 645 660 665 697 756 808 833 838 840 848 862 872 876 877 887 900 -999 -999 -999 -999 -999 -999 -999 -999 -999 -999 -999 -999
1354 1351 1337 1310 1276 1241 1203 1170 1168 1170 1146 1122 1106 1090 1025 939 858 779 696 608 531 463 396 351 289 222 171 152 130 99 77 67 67 65 60 56 55 57 56 55 54 51 79 145 198 227 266 315 360 389 438 491 514 531 584 625 596 577 594 608 671 730 791 835 831 822 832 853 865 871 876 886 899 909 -999 -999 -999 -999 -999 -999 -999 -999 -999 -999 -999
1357 1352 1344 1311 1276 1242 1207 1189 1186 1173 1147 1123 1107 1087 998 910 832 764 685 590 529 474 412 373 318 239 176 159 152 115 82 69 64 62 59 55 52 51 48 46 48 47 102 169 201 224 257 307 356 379 412 471 521 544 569 571 555 543 544 577 643 704 765 821 813 794 807 826 852 867 875 884 895 907 917 917 -999 -999 -999 -999 -999 -999 -999 -999 -999
1359 1357 1336 1297 1267 1245 1212 1197 1189 1170 1146 1120 1099 1038 951 876 790 716 651 570 540 506 429 369 317 244 184 158 136 106 79 67 57 55 53 51 47 46 45 43 44 63 124 181 196 214 234 270 299 326 384 460 505 530 540 523 524 513 508 552 611 673 729 767 776 774 779 800 843 872 877 882 890 901 911 916 918 -999 -999 -999 -999 -999 -999 -999 -999
1367 1362 1320 1272 1242 1220 1205 1196 1182 1164 1142 1115 1086 975 875 808 738 680 631 567 518 479 416 348 318 266 205 156 118 89 69 56 49 46 45 45 42 42 43 41 40 67 123 175 188 213 245 260 250 267 350 429 474 512 491 457 464 481 484 515 566 630 691 730 756 754 754 795 849 877 884 888 891 897 908 916 918 920 -999 -999 -999 -999 -999 -999 -999
1370 1348 1303 1253 1216 1193 1185 1177 1168 1157 1139 1114 1056 941 824 751 691 639 592 541 475 430 379 342 326 295 223 166 127 87 58 43 41 39 39 41 39 37 37 37 36 46 80 147 187 228 272 301 310 312 340 390 432 465 437 390 429 469 481 496 542 592 656 709 739 734 730 802 865 876 885 890 890 896 905 914 916 918 -999 -999 -999 -999 -999 -999 -999
1366 1332 1292 1234 1179 1153 1157 1160 1151 1141 1123 1105 1035 933 831 743 666 594 547 511 460 410 356 336 320 279 224 176 140 97 57 35 34 34 34 35 34 31 32 34 35 36 63 147 211 251 295 343 389 379 387 406 420 412 401 402 447 479 470 478 570 638 661 702 722 722 744 806 863 871 878 885 888 892 901 910 916 919 -999 -999 -999 -999 -999 -999 -999
1363 1312 1268 1198 1123 1110 1113 1121 1126 1121 1103 1078 1019 937 830 731 660 590 543 502 458 410 367 340 312 271 224 161 119 88 46 30 28 30 31 29 31 31 32 34 35 37 64 125 204 270 311 355 392 404 414 439 457 438 410 428 477 497 495 526 620 686 678 692 696 707 744 789 824 846 869 884 885 882 890 908 919 921 923 -999 -999 -999 -999 -999 -999
1345 1289 1229 1158 1093 1068 1065 1087 1099 1095 1083 1057 1024 939 825 727 656 594 559 522 455 404 376 346 313 274 210 127 78 61 34 27 21 30 35 33 31 32 34 35 35 37 41 73 170 251 310 360 388 404 425 456 479 473 453 457 487 516 527 578 654 681 673 659 655 671 715 757 789 816 859 888 875 865 883 908 919 921 923 912 -999 -999 -999 -999 -999
1330 1278 1196 1119 1057 1012 1004 1026 1055 1075 1064 1014 979 918 814 724 648 597 567 520 437 379 357 336 314 283 185 90 58 47 36 29 26 33 40 37 33 33 34 35 34 36 40 70 149 240 305 357 379 403 432 459 470 475 471 459 484 529 562 609 663 670 670 634 611 639 683 725 763 804 861 887 855 838 877 913 918 919 921 923 -999 -999 -999 -999 -999
1320 1260 1155 1065 1011 954 935 949 971 996 993 954 923 902 836 740 641 592 557 515 443 369 335 298 258 221 142 55 47 38 33 28 29 34 36 34 34 33 33 34 34 36 38 60 111 206 296 346 365 390 421 449 462 469 463 455 497 556 589 621 643 652 646 597 575 620 662 702 742 791 844 846 820 828 868 901 914 918 922 924 890 -999 -999 -999 -999
1320 1225 1102 1020 969 928 919 907 896 911 900 873 880 906 870 776 687 613 560 541 495 404 337 253 182 139 80 43 37 33 30 27 30 33 32 31 31 32 33 35 36 37 49 64 72 179 284 310 337 376 408 434 452 461 460 465 503 550 586 619 616 618 592 551 559 605 651 693 731 771 817 797 774 815 860 894 915 914 910 904 874 -999 -999 -999 -999
1325 1173 1036 989 944 917 907 882 856 841 822 810 822 841 842 802 722 639 598 578 517 416 317 218 139 99 40 32 26 26 26 27 29 30 30 29 30 31 32 34 37 39 81 117 150 209 255 272 308 366 407 424 448 459 464 479 505 537 576 609 620 601 545 514 545 584 627 686 709 734 756 753 756 804 849 884 915 900 886 888 875 -999 -999 -999 -999
1277 1125 1006 970 937 916 900 850 799 774 753 752 762 793 834 821 751 674 637 612 511 407 288 173 124 103 68 39 22 21 23 26 28 29 29 28 28 29 31 33 38 51 104 164 205 243 244 245 298 370 402 412 432 456 474 490 510 539 572 619 653 620 559 523 526 547 570 611 653 682 712 726 755 797 837 877 890 873 869 889 889 840 -999 -999 -999
1231 1082 1008 966 935 910 876 823 760 687 670 695 706 739 794 824 792 735 693 626 507 388 251 125 112 109 88 53 34 25 24 26 28 29 29 27 25 28 30 35 41 67 113 153 187 221 219 219 295 369 388 394 419 448 471 492 515 541 577 631 675 625 572 531 513 513 511 537 591 638 683 716 750 787 815 852 856 844 870 904 889 -999 -999 -999 -999
1181 1060 1004 958 933 909 863 804 669 544 553 634 660 665 702 740 756 751 742 636 515 384 232 110 88 75 63 47 40 26 25 26 28 29 28 26 26 29 32 37 43 68 105 130 152 173 182 219 292 353 377 392 409 438 470 493 529 559 593 648 646 590 547 516 483 490 492 530 565 610 668 715 754 772 786 810 820 825 879 930 893 -999 -999 -999 -999
1149 1058 991 948 928 905 865 805 599 403 485 613 633 626 642 677 697 686 667 594 514 403 268 145 66 45 37 32 29 25 25 26 27 28 27 26 28 31 35 40 45 55 82 114 137 151 155 216 285 329 365 383 387 416 458 495 554 591 605 640 599 548 521 497 485 485 496 539 576 610 657 714 767 750 743 773 797 831 887 912 882 844 -999 -999 -999
1122 1048 967 935 913 883 853 744 531 392 447 551 593 589 614 645 636 617 573 507 450 391 291 140 30 29 23 23 22 22 23 24 26 27 27 28 31 34 39 44 49 54 77 108 144 172 186 217 266 301 337 356 364 402 451 474 508 553 587 586 537 500 510 493 493 496 512 544 572 596 626 668 716 716 692 753 795 823 878 891 865 822 -999 -999 -999
1112 1045 978 933 897 852 816 643 446 365 351 433 515 563 594 598 575 554 514 448 411 377 247 90 19 19 19 21 21 21 20 23 26 27 28 31 34 38 42 47 52 60 87 116 153 199 200 207 240 276 311 339 363 401 439 432 436 481 521 518 482 491 528 525 506 504 515 534 550 571 597 607 682 730 735 758 785 788 815 839 842 803 -999 -999 -999
1106 1049 986 930 882 833 736 552 389 352 316 375 479 563 619 583 524 503 491 452 411 360 192 26 18 18 19 20 23 25 25 25 27 27 28 32 36 41 46 50 56 67 92 119 147 178 183 182 216 255 305 343 364 394 404 394 404 438 459 469 457 494 544 539 506 499 505 515 526 555 602 636 705 785 758 752 757 754 771 804 814 791 -999 -999 -999
1108 1057 982 917 868 820 656 463 369 340 313 330 413 557 654 554 473 469 470 446 406 294 126 20 18 18 20 21 25 29 28 26 27 27 29 32 36 41 46 53 59 66 81 110 137 153 166 182 211 251 312 357 360 377 370 354 393 438 459 462 464 483 513 515 500 491 488 501 514 558 619 679 738 775 759 737 736 743 786 818 810 796 -999 -999 -999
1110 1051 966 899 851 783 583 367 342 315 288 258 377 556 604 525 447 437 432 386 350 218 60 21 18 18 21 23 25 27 27 26 27 28 30 33 37 41 47 55 60 62 70 103 132 138 148 177 205 255 316 342 342 346 347 350 395 444 469 480 508 523 510 508 504 493 488 493 509 558 613 667 737 774 768 750 736 758 811 839 828 820 845 879 -999
1109 1034 952 888 832 766 633 456 341 294 272 260 407 579 579 524 459 419 380 314 245 131 26 20 16 19 21 24 26 26 26 27 28 29 31 33 38 42 48 56 61 64 75 97 114 117 129 158 192 254 319 316 314 321 328 355 395 434 466 506 570 595 560 538 525 494 489 490 513 554 591 627 682 735 764 749 729 777 832 854 851 849 865 867 -999
1094 1023 951 896 838 791 752 532 353 290 262 303 427 531 541 518 446 382 352 304 198 73 23 18 17 20 22 25 28 27 26 27 28 30 31 35 39 43 47 54 61 67 69 81 90 95 116 139 179 233 271 276 287 296 307 347 388 428 462 514 578 600 588 578 583 565 524 492 511 546 580 607 651 714 735 719 732 796 851 882 895 868 869 864 -999
1072 1001 946 904 847 789 711 532 329 284 253 295 389 480 523 486 413 359 338 299 195 84 40 16 18 23 25 26 28 27 27 27 29 30 31 36 40 45 48 53 63 67 69 69 69 81 114 142 165 206 215 218 245 272 299 337 386 443 481 517 578 561 544 585 636 629 579 561 566 561 577 613 659 712 713 688 744 816 862 904 917 863 848 866 858
1048 977 926 880 831 775 681 541 392 294 246 239 297 407 488 447 380 335 305 250 177 112 49 18 22 25 26 27 27 26 27 27 29 30 33 38 43 50 54 60 67 68 69 69 69 85 117 135 140 162 176 175 217 257 307 348 401 476 489 491 513 512 514 575 628 624 607 638 652 613 587 617 660 703 727 732 778 844 861 890 870 830 850 891 886
1022 964 907 854 810 756 665 563 414 276 240 223 257 361 426 410 366 313 262 194 124 80 32 21 24 26 26 26 26 26 26 27 29 31 35 40 46 53 60 66 70 71 71 71 69 88 113 119 113 130 162 188 224 267 325 370 399 455 454 432 451 465 506 568 610 619 621 646 674 618 560 625 682 719 760 786 813 845 859 860 830 808 872 926 906
1008 952 895 844 797 736 655 572 467 325 243 221 233 292 354 389 354 296 224 144 86 52 18 22 25 26 27 26 26 26 26 27 30 33 37 42 48 54 59 66 70 73 76 78 81 90 101 111 118 161 188 205 236 288 345 369 375 398 414 416 426 439 499 561 593 613 622 637 623 573 560 633 709 735 768 799 828 848 865 838 798 821 904 932 894
993 938 884 833 784 713 640 612 569 413 271 209 183 196 280 332 307 268 177 88 55 30 19 23 25 26 26 26 25 26 26 27 30 34 38 42 47 53 58 64 70 75 78 86 89 94 102 111 150 210 244 260 277 312 364 357 357 376 396 408 418 446 498 547 582 603 589 592 573 534 546 596 668 729 772 805 831 846 857 807 758 819 896 -999 -999
977 922 871 823 763 691 631 612 588 431 236 198 174 204 258 272 260 212 122 45 33 17 20 23 25 26 26 25 25 26 26 26 28 34 38 42 46 50 55 64 72 75 75 79 84 92 103 112 174 240 281 314 319 335 348 339 341 367 389 393 403 448 495 521 547 559 539 531 528 516 529 545 637 717 764 806 828 839 819 770 758 815 868 -999 -999
962 915 861 814 745 672 634 611 560 443 303 215 178 230 283 263 240 163 67 30 22 17 20 23 25 26 26 25 25 25 25 24 28 33 37 39 43 48 53 66 77 74 71 70 74 91 111 137 196 253 280 312 332 339 330 320 329 353 370 370 382 419 461 480 499 513 509 495 496 511 525 556 623 703 760 803 828 844 787 734 769 827 861 -999 -999
963 925 872 812 730 657 641 622 562 488 354 228 190 222 264 255 230 172 86 46 17 17 18 22 25 26 26 25 25 24 23 22 28 33 35 36 42 49 57 69 78 74 71 69 68 98 129 161 207 247 275 307 339 345 320 303 308 324 336 342 353 378 401 418 439 469 485 455 445 493 522 547 595 674 747 800 838 827 761 719 763 836 875 897 -999
975 933 885 819 742 685 656 627 574 493 334 195 170 171 217 241 234 214 168 127 79 31 17 22 26 26 26 25 24 23 22 23 28 33 33 35 43 51 59 70 74 73 71 69 71 90 121 161 204 240 273 305 346 341 309 291 288 292 307 315 317 331 340 353 372 396 414 406 423 487 532 564 594 662 745 797 842 789 724 699 716 785 871 911 -999
978 926 877 821 761 714 678 633 586 460 279 175 153 148 202 250 240 226 215 202 121 42 20 24 27 27 26 25 23 23 22 26 31 32 32 36 44 52 61 69 72 74 71 69 67 69 91 124 172 227 270 293 319 302 282 273 262 256 260 268 270 272 278 301 338 337 362 379 438 500 547 590 635 695 743 789 819 731 659 660 656 761 870 884 -999
959 913 862 809 760 724 687 635 585 451 274 173 141 181 244 265 251 242 235 212 112 21 22 27 27 27 26 25 24 22 23 28 33 33 32 38 45 53 62 67 70 72 71 69 66 65 73 83 142 202 238 266 274 262 257 261 251 221 201 213 220 230 225 288 363 385 385 401 456 513 539 579 643 719 712 724 722 667 619 625 662 777 874 -999 -999
930 890 856 805 759 722 676 625 567 483 345 212 138 206 296 282 264 258 255 190 82 22 24 27 27 26 25 25 23 21 24 29 32 32 34 39 45 53 62 64 67 68 68 66 64 63 67 84 129 179 205 233 225 216 244 263 261 244 214 188 183 212 232 312 403 431 430 447 483 508 517 545 593 643 644 632 651 635 630 622 686 798 853 849 828
907 884 867 827 765 717 661 607 535 462 356 202 139 177 238 272 275 273 271 154 42 24 26 26 26 25 25 24 22 21 25 30 31 31 35 40 46 53 57 58 61 64 65 63 61 61 61 80 116 146 169 183 175 185 247 283 276 279 240 206 219 238 263 327 383 404 433 471 495 503 512 511 529 559 577 591 613 635 650 659 732 823 841 856 840
898 887 880 836 762 709 662 595 502 425 342 223 151 124 194 260 280 283 233 112 24 25 26 25 24 24 25 23 22 22 26 29 30 31 35 40 46 53 52 49 55 62 63 60 59 60 62 75 99 111 130 137 135 185 267 294 277 266 244 225 271 302 329 365 363 369 412 462 489 498 492 467 469 510 534 555 580 616 648 695 760 804 816 833 845
895 888 875 816 749 708 674 591 494 414 352 265 155 107 174 259 286 290 186 64 24 26 26 25 24 24 25 23 22 24 26 28 29 32 36 40 46 51 51 50 55 61 60 58 58 59 58 62 74 86 96 100 108 183 261 270 264 257 243 239 272 332 384 397 368 355 401 464 486 499 461 413 426 485 511 515 544 607 648 707 770 770 781 815 842
853 854 843 802 743 690 648 573 483 405 335 229 115 89 137 202 256 253 136 24 25 27 26 25 25 25 24 23 23 24 26 27 29 32 36 40 45 48 51 53 55 58 57 57 57 57 57 56 56 59 70 77 107 173 232 240 239 226 224 223 226 287 354 373 358 350 377 417 452 485 419 359 411 470 474 457 521 607 659 710 746 707 702 783 845
808 806 795 771 718 659 605 543 469 392 302 176 62 81 106 170 238 187 78 24 26 27 26 26 25 25 25 24 24 25 25 26 27 30 34 38 42 44 46 49 52 54 55 55 55 55 56 55 55 56 57 58 93 146 169 189 198 178 172 174 186 248 315 322 318 326 338 355 383 401 377 350 394 446 460 451 533 631 646 672 678 641 655 754 793
745 753 758 742 680 619 581 529 459 385 294 171 73 69 105 179 229 131 29 25 27 27 27 26 26 26 25 25 25 25 25 26 26 27 30 34 37 39 41 43 46 49 52 53 53 54 56 55 55 55 56 61 80 101 96 106 119 118 124 131 157 206 251 275 290 300 310 312 319 357 371 364 380 425 471 504 566 620 613 612 634 627 675 748 751
688 702 712 695 644 598 576 531 456 382 313 217 119 65 106 194 180 85 23 26 27 28 28 27 27 26 25 25 25 25 25 26 25 26 27 30 33 36 38 40 41 43 46 47 49 53 56 56 56 55 56 55 63 69 62 52 55 68 80 90 117 149 190 222 224 240 272 271 286 324 358 353 347 405 457 505 572 587 575 582 604 638 681 729 740
646 666 670 661 631 591 569 531 456 385 319 242 123 38 77 143 111 41 24 26 28 28 28 28 27 26 25 25 25 25 25 24 24 24 25 27 30 33 36 39 40 41 41 41 45 49 52 55 57 56 55 53 49 48 50 48 47 45 41 52 74 100 134 162 129 119 192 230 254 289 326 344 359 398 434 458 499 515 524 548 566 612 663 711 759
623 659 667 653 626 569 530 496 446 388 323 251 156 72 39 51 49 23 25 27 27 28 28 27 27 26 25 25 25 24 23 23 23 23 23 24 27 30 33 36 38 39 39 40 41 45 47 49 50 52 54 54 51 49 47 45 44 41 38 36 36 45 72 84 62 63 148 209 229 257 313 358 381 412 411 406 412 433 462 503 536 590 643 680 726
627 661 667 654 608 547 502 477 442 392 335 278 214 108 39 29 25 24 27 27 27 27 27 27 26 25 25 25 24 24 23 21 21 22 22 22 24 27 30 32 35 36 37 38 38 40 41 42 44 46 48 50 50 48 46 43 42 39 36 33 31 29 28 33 37 61 117 174 196 239 302 349 379 407 382 366 391 399 422 471 515 563 607 640 669
612 615 634 639 592 532 496 467 441 405 354 300 215 100 23 25 24 25 27 27 26 26 26 26 26 25 24 23 23 24 22 20 21 22 20 18 20 25 28 29 31 32 33 33 34 34 34 35 36 39 42 44 44 44 43 41 40 38 35 30 26 24 24 28 32 35 65 145 196 248 302 328 353 363 349 350 392 415 431 460 492 530 565 598 644
603 575 600 596 560 518 485 457 442 417 363 318 194 64 23 23 24 25 26 26 25 25 26 26 25 24 22 22 22 21 20 19 20 22 20 18 20 25 26 27 28 28 28 27 27 27 27 27 28 31 34 37 40 41 40 39 38 37 34 30 27 23 22 23 28 32 73 150 219 273 318 321 328 331 329 346 381 416 426 445 473 506 535 565 653
652 630 616 570 537 490 447 434 441 417 354 291 185 50 22 22 23 25 25 25 25 25 25 25 25 23 21 20 20 19 18 19 20 21 22 21 21 24 24 24 24 24 23 22 20 19 19 19 19 23 27 31 34 36 37 37 36 34 32 30 28 26 24 23 26 30 102 178 235 291 316 315 323 332 333 331 356 416 450 444 452 491 528 591 680
675 676 636 575 523 462 400 394 394 370 328 288 217 119 48 22 24 25 25 25 25 25 25 25 23 21 20 19 19 19 18 18 19 20 21 21 21 21 22 22 21 19 18 17 15 14 11 9 11 14 18 24 29 31 33 35 35 32 29 29 28 26 24 24 25 43 107 194 244 293 313 318 329 348 359 363 381 438 472 444 440 476 522 613 700
-999 636 618 567 512 457 408 374 343 326 299 273 241 145 42 23 25 25 24 24 25 25 24 24 23 21 19 18 18 18 18 18 19 19 20 20 20 20 21 20 19 17 15 13 10 9 7 5 5 4 10 16 21 26 31 35 35 32 30 29 28 26 24 24 24 32 68 145 224 284 324 337 336 349 376 401 404 433 453 437 423 449 508 606 681
-999 584 588 563 507 457 416 379 337 300 281 262 211 111 29 26 25 24 24 24 25 24 23 22 21 20 19 18 18 18 18 18 19 20 20 20 20 20 20 19 17 14 11 11 9 6 3 3 3 3 5 8 14 20 26 32 34 34 31 29 28 26 24 22 22 23 28 111 203 262 313 331 329 336 357 382 396 408 451 464 -999 -999 -999 -999 -999
-999 -999 581 560 500 448 408 371 318 271 260 248 184 78 35 30 26 24 23 24 24 23 22 21 21 19 17 17 17 18 18 18 19 20 20 20 20 20 19 18 16 12 10 9 9 6 3 2 2 1 3 5 8 14 20 25 28 30 31 29 28 27 25 22 19 20 36 91 174 245 294 309 315 329 336 362 385 419 465 476 -999 -999 -999 -999 -999
-999 -999 572 541 492 434 388 343 294 259 245 233 196 123 67 35 27 23 23 23 23 21 21 21 20 17 15 17 18 18 17 18 19 20 19 20 21 21 19 17 14 11 9 8 8 6 4 3 2 3 2 -1 1 6 13 19 22 27 30 30 29 28 26 23 21 19 23 46 155 260 295 298 314 335 349 366 387 429 473 451 -999 -999 -999 -999 -999
-999 -999 -999 532 496 449 392 324 273 265 259 245 234 186 109 59 34 22 23 23 22 21 20 20 18 16 15 17 18 18 17 18 19 19 18 19 20 20 18 17 15 12 10 7 7 7 5 4 4 5 3 0 -1 -0 5 13 19 25 32 31 28 27 26 24 23 23 27 49 179 311 304 300 319 343 362 375 403 445 464 -999 -999 -999 -999 -999 -999
-999 -999 -999 523 506 474 410 328 273 275 281 256 238 176 113 72 35 23 23 23 22 21 20 19 17 15 16 18 18 18 18 18 19 18 18 18 19 18 17 17 17 14 11 9 9 8 7 6 6 7 4 1 -0 -0 3 9 18 23 28 29 28 27 26 25 24 26 29 99 224 305 304 302 323 345 364 380 420 462 454 -999 -999 -999 -999 -999 -999
-999 -999 -999 520 511 493 417 318 276 266 267 258 217 142 79 54 24 23 22 22 21 20 19 18 16 15 17 19 18 17 18 18 18 19 18 18 18 17 16 17 16 15 13 11 10 9 8 8 8 7 5 3 1 -1 -1 2 9 17 25 29 30 28 27 25 24 27 30 139 262 300 308 312 324 345 366 395 443 478 449 -999 -999 -999 -999 -999 -999
-999 -999 -999 -999 524 505 436 352 287 248 264 270 222 142 69 38 23 22 22 21 20 19 18 17 16 17 19 19 18 18 18 19 19 19 18 18 18 18 17 17 17 16 15 14 12 11 10 10 10 8 6 4 2 0 -3 -5 0 8 17 26 30 30 28 26 26 28 66 162 255 294 316 313 317 346 372 414 471 473 440 -999 -999 -999 -999 -999 -999
-999 -999 -999 -999 516 495 457 383 294 254 271 282 245 183 94 31 22 22 21 20 19 18 17 17 17 18 20 20 19 19 19 19 19 18 18 18 19 20 18 17 17 17 17 16 15 13 12 12 12 9 7 5 3 2 -1 -1 -0 3 10 18 23 27 28 28 26 26 72 155 245 297 314 309 318 351 382 418 467 457 -999 -999 -999 -999 -999 -999 -999
-999 -999 -999 -999 510 471 432 366 283 263 278 269 241 185 92 22 21 21 20 19 18 18 17 17 18 19 19 19 19 19 19 19 19 18 18 18 18 18 17 17 17 17 17 17 16 16 14 13 12 10 8 7 5 3 2 2 3 4 8 13 19 24 27 27 25 24 44 103 217 304 310 303 326 360 387 413 439 445 -999 -999 -999 -999 -999 -999 -999
-999 -999 -999 -999 -999 442 406 354 293 271 271 256 230 145 51 20 20 19 18 18 18 18 18 18 19 19 19 19 19 19 19 19 18 18 18 18 17 17 16 17 18 17 16 15 15 15 15 14 13 11 9 8 6 5 4 5 4 3 4 8 14 19 26 27 26 25 26 83 215 302 319 322 339 369 386 408 424 -999 -999 -999 -999 -999 -999 -999 -999
-999 -999 -999 -999 -999 413 374 333 297 258 244 239 210 116 16 18 19 18 17 17 17 18 19 19 19 20 19 19 19 20 19 18 18 17 18 18 17 17 16 18 18 17 15 14 14 15 15 14 13 12 10 8 6 4 6 6 5 4 4 5 8 13 19 23 25 24 24 80 180 281 344 348 351 366 382 396 407 -999 -999 -999 -999 -999 -999 -999 -999
-999 -999 -999 -999 -999 392 341 297 273 240 233 233 207 143 67 26 18 17 16 17 17 18 20 19 19 20 20 20 20 20 19 17 16 15 16 17 17 16 17 18 18 16 15 13 12 13 15 14 12 10 8 6 4 3 5 6 5 4 4 4 6 8 13 20 23 23 26 39 110 240 337 351 351 362 377 387 -999 -999 -999 -999 -999 -999 -999 -999 -999
-999 -999 -999 -999 408 381 333 288 257 237 230 225 210 194 99 26 15 16 16 16 17 18 20 19 19 19 19 19 19 20 19 17 15 15 15 16 15 14 16 18 17 15 14 12 10 10 11 11 10 7 4 4 3 3 4 5 5 5 4 4 4 6 10 16 21 23 29 39 106 230 327 356 370 376 -999 -999 -999 -999 -999 -999 -999 -999 -999 -999 -999
-999 -999 -999 402 411 375 335 293 257 236 223 211 197 171 106 25 14 16 15 15 17 18 19 19 19 19 19 18 18 19 19 17 15 15 15 14 13 13 14 16 16 15 13 12 10 8 7 8 8 7 4 4 4 3 3 4 5 5 4 4 4 4 5 10 16 21 29 38 106 203 301 368 393 402 -999 -999 -999 -999 -999 -999 -999 -999 -999 -999 -999
-999 364 385 406 397 361 326 290 253 234 219 209 193 174 136 73 28 15 14 14 17 18 19 19 19 19 18 17 17 18 18 17 15 14 14 13 12 12 12 13 14 14 13 12 9 7 7 7 7 7 5 3 3 3 2 2 2 3 4 4 4 4 4 7 11 18 25 45 89 169 297 385 393 410 -999 -999 -999 -999 -999 -999 -999 -999 -999 -999 -999
-999 378 372 383 374 344 314 283 263 244 219 217 205 186 166 91 21 14 14 15 17 18 18 19 19 19 18 17 17 17 17 17 16 15 14 13 13 13 13 13 14 14 14 11 9 7 5 5 5 5 4 2 2 2 1 -1 -1 1 2 3 4 3 3 5 8 15 22 35 64 150 276 370 384 389 -999 -999 -999 -999 -999 -999 -999 -999 -999 -999 -999
326 368 343 343 352 339 309 280 288 283 267 251 219 194 141 56 4 12 14 15 17 18 18 18 18 18 18 17 16 16 16 16 16 17 15 14 14 14 14 14 14 14 14 10 7 6 5 4 3 2 1 1 2 1 -1 -2 -4 -3 1 3 3 3 2 2 5 12 19 26 40 107 210 315 376 388 -999 -999 -999 -999 -999 -999 -999 -999 -999 -999 -999
373 358 333 333 347 337 307 301 323 330 317 298 240 198 117 10 -4 8 14 16 17 18 18 18 17 18 18 17 16 16 15 14 13 14 15 16 15 15 14 14 13 14 13 11 8 6 5 5 4 2 -1 1 3 2 -0 -4 -8 -7 -2 1 3 3 -1 -3 3 9 14 20 40 83 166 305 395 411 -999 -999 -999 -999 -999 -999 -999 -999 -999 -999 -999
311 324 327 329 337 326 304 335 367 376 370 326 243 192 140 59 15 10 14 16 17 18 18 17 17 18 18 17 16 15 15 13 10 12 15 16 15 15 15 14 14 14 13 12 10 8 6 6 5 4 2 2 3 3 2 -1 -5 -6 -4 -1 0 -1 -4 -5 2 8 11 15 24 48 130 246 356 429 427 -999 -999 -999 -999 -999 -999 -999 -999 -999 -999
220 238 282 320 323 321 325 370 411 427 429 362 284 227 191 114 32 4 11 16 17 17 17 17 17 18 18 16 16 15 15 14 13 14 16 16 15 15 15 14 14 13 13 12 11 10 8 6 6 5 3 1 1 2 3 3 -1 -5 -5 -3 -2 -4 -6 -4 1 6 9 14 22 37 86 165 297 399 399 -999 -999 -999 -999 -999 -999 -999 -999 -999 -999
186 170 264 334 336 330 361 407 442 463 459 402 331 266 217 136 33 -1 7 12 16 17 17 17 17 18 17 16 16 15 15 16 16 15 16 15 15 15 15 14 14 13 12 11 10 9 7 6 6 5 3 1 0 0 3 4 0 -6 -7 -4 -3 -6 -7 -3 1 4 8 13 19 33 65 146 269 365 372 365 371 388 403 402 -999 -999 -999 -999 -999
195 219 298 354 348 348 400 450 480 504 489 448 381 303 234 174 93 29 3 11 16 17 17 17 16 16 17 16 16 16 15 15 16 16 15 15 15 15 15 14 14 13 12 11 10 8 6 7 7 5 4 2 1 0 3 6 -0 -6 -4 -3 -5 -8 -6 -3 0 4 8 14 19 24 30 130 247 311 344 354 350 365 390 399 378 -999 -999 -999 -999
186 266 344 356 345 373 444 492 525 546 527 508 432 354 273 208 128 31 -0 9 15 16 17 16 16 16 17 16 16 15 15 15 16 16 16 15 15 14 14 14 13 12 12 12 11 9 7 8 8 6 4 2 0 0 2 3 0 -3 -0 0 -5 -9 -6 -2 1 4 9 15 19 21 41 111 206 272 318 317 316 351 387 391 377 -999 -999 -999 -999
161 223 312 345 333 368 423 493 563 578 559 511 438 378 294 213 148 58 12 9 13 14 15 16 16 15 16 16 15 15 15 15 16 16 16 15 15 14 14 14 13 12 12 13 12 10 10 10 9 6 4 2 0 -0 -0 2 3 0 1 -0 -7 -7 -3 -0 1 4 8 14 17 18 26 66 153 241 283 280 292 340 380 380 -999 -999 -999 -999 -999
126 142 233 314 345 359 391 466 538 570 582 494 401 334 268 223 195 120 42 7 9 12 14 15 15 15 15 16 16 16 15 15 16 16 16 15 14 14 14 14 13 13 12 12 12 11 11 12 9 7 5 2 1 0 0 2 4 0 -2 -2 -5 -4 1 2 3 6 9 12 16 19 25 33 126 230 253 256 286 334 356 353 -999 -999 -999 -999 -999
138 142 234 335 366 380 413 462 515 567 569 479 379 301 238 228 213 144 41 1 2 7 12 15 15 15 16 16 17 16 16 16 15 15 15 14 14 14 14 13 13 12 12 11 11 11 11 11 10 8 6 4 3 1 -0 1 2 0 -1 -0 0 0 3 4 5 9 14 16 18 21 26 72 168 236 237 243 281 325 -999 -999 -999 -999 -999 -999 -999
162 211 304 379 386 402 438 481 526 575 554 479 415 355 290 254 231 171 89 25 -4 3 10 13 15 15 15 16 16 16 16 16 15 15 15 14 13 14 14 13 13 12 12 11 10 10 10 9 8 8 7 6 5 3 1 -0 2 3 2 3 2 2 3 5 7 11 16 19 21 22 25 108 213 246 249 258 279 298 -999 -999 -999 -999 -999 -999 -999
144 251 365 399 400 415 447 488 532 570 549 500 461 430 369 318 266 212 134 34 -12 -0 9 13 15 15 15 15 15 15 15 15 15 14 14 14 10 10 13 13 12 11 11 10 9 10 9 8 7 8 7 6 5 3 1 1 2 4 4 4 0 -2 2 5 7 10 17 22 25 21 41 117 205 245 263 270 283 -999 -999 -999 -999 -999 -999 -999 -999
142 284 404 411 411 419 442 479 522 557 571 536 483 441 397 367 300 239 154 45 -12 -1 8 12 14 14 14 15 15 15 15 15 14 14 14 11 4 3 9 12 11 10 10 9 9 10 9 9 8 8 7 6 4 2 0 1 3 3 3 2 -1 -3 2 6 7 10 19 27 41 46 60 108 184 246 274 276 277 -999 -999 -999 -999 -999 -999 -999 -999
186 327 413 427 431 432 443 469 506 547 575 548 491 423 365 347 330 268 192 103 31 -2 6 12 14 14 14 14 14 15 15 14 14 13 13 10 4 4 9 11 11 10 9 9 9 10 9 8 8 8 7 5 4 1 0 1 2 2 2 2 1 1 4 6 8 11 17 30 57 73 59 76 154 245 280 279 -999 -999 -999 -999 -999 -999 -999 -999 -999
230 368 416 445 447 442 457 483 517 555 580 562 523 434 341 370 396 331 246 147 35 -9 3 12 13 14 14 14 14 14 14 14 14 13 12 12 10 10 12 11 10 9 8 8 9 9 8 7 5 5 6 6 4 2 0 -0 1 2 2 1 3 5 7 10 12 12 13 25 45 51 35 36 104 183 245 275 -999 -999 -999 -999 -999 -999 -999 -999 -999
231 358 431 466 470 466 475 498 547 593 600 590 551 467 402 409 439 387 295 191 78 17 4 10 11 13 14 14 14 14 14 14 13 13 13 12 12 12 11 10 9 8 7 8 9 8 7 5 2 3 5 6 4 3 0 -1 -0 1 -0 -2 -1 2 8 16 17 15 15 20 28 32 26 38 69 142 232 270 -999 -999 -999 -999 -999 -999 -999 -999 -999
180 309 421 476 499 495 489 506 563 632 622 611 551 485 439 414 402 367 308 232 136 48 1 7 10 12 14 14 13 13 13 13 13 12 11 12 11 10 10 10 8 7 7 7 8 7 6 4 2 3 5 6 5 3 -0 -2 -2 -0 -1 -3 -4 -3 6 15 17 16 16 19 23 25 25 24 42 112 199 259 282 -999 -999 -999 -999 -999 -999 -999 -999
159 296 434 478 511 506 491 501 540 588 618 611 552 488 433 393 375 364 296 220 126 34 -4 4 9 12 14 14 14 13 13 13 12 8 3 5 8 8 10 10 8 7 6 6 6 6 5 5 5 5 5 5 5 4 1 -1 -2 -1 1 -0 -2 -1 6 14 16 16 15 16 19 21 27 28 32 63 142 226 271 -999 -999 -999 -999 -999 -999 -999 -999
193 322 428 488 522 516 508 517 523 565 615 606 565 494 412 357 319 299 264 205 84 -23 -15 1 9 11 13 14 14 13 13 12 12 5 -6 1 8 10 10 10 8 7 6 6 6 6 5 5 5 5 5 5 4 4 2 -1 -2 0 3 2 0 3 8 13 15 15 12 14 21 24 37 46 40 50 112 215 245 -999 -999 -999 -999 -999 -999 -999 -999
223 340 432 506 535 537 537 549 564 595 626 621 599 525 444 357 255 229 212 164 66 -36 -23 -3 5 11 12 14 13 13 12 12 11 7 3 5 11 10 10 8 7 6 6 5 5 5 5 4 4 4 4 4 4 4 1 -1 -1 2 3 2 1 4 9 12 15 13 9 16 27 32 39 44 32 26 68 141 167 179 -999 -999 -999 -999 -999 -999 -999
257 364 446 530 563 579 575 580 601 623 636 635 605 552 493 420 332 248 192 166 110 32 -9 -6 5 11 13 14 13 12 12 12 11 10 10 9 10 10 9 7 6 5 5 5 5 5 5 4 4 4 4 4 4 4 1 -3 -2 0 2 2 2 4 8 11 13 10 8 15 26 32 35 37 31 24 24 36 75 107 -999 -999 -999 -999 -999 -999 -999
297 380 455 528 585 612 605 609 641 664 657 655 584 515 476 453 397 287 216 184 152 59 -21 -8 5 11 13 13 12 12 12 11 10 9 9 9 9 9 8 7 5 5 5 5 5 5 5 4 3 3 3 3 3 3 1 -1 -3 -2 2 3 2 3 7 10 10 8 8 11 18 25 30 33 36 26 21 25 31 67 -999 -999 -999 -999 -999 -999 -999
338 382 449 540 609 620 617 639 690 704 695 665 570 466 423 391 341 273 230 188 149 83 14 -5 4 10 14 13 12 12 12 11 9 8 9 9 9 9 8 7 5 4 4 4 4 4 4 3 3 2 2 2 2 2 3 -0 -3 -1 2 3 0 1 6 9 8 7 9 12 15 20 25 29 27 20 16 20 26 59 -999 -999 -999 -999 -999 -999 -999
339 363 421 511 593 625 627 639 672 703 725 675 591 496 408 334 286 242 218 187 168 137 60 9 4 10 13 13 12 12 12 10 8 8 8 9 10 8 7 6 5 4 4 4 4 4 3 3 2 2 1 0 0 1 1 -1 -3 -1 2 2 -1 1 7 6 3 5 10 13 14 18 22 25 18 10 13 18 23 34 73 -999 -999 -999 -999 -999 -999
337 350 394 471 532 573 604 619 636 674 698 663 612 516 418 352 290 245 215 192 170 134 57 -2 4 11 12 12 11 11 10 8 7 7 7 7 7 7 5 5 4 4 4 4 3 3 3 2 2 2 1 0 0 1 1 -1 -1 0 2 2 1 1 4 2 -3 3 10 12 12 16 22 22 11 3 12 19 22 28 60 -999 -999 -999 -999 -999 -999
340 357 387 437 486 528 577 610 630 657 668 649 600 518 433 374 317 286 254 205 170 93 4 -20 0 9 11 11 11 11 8 6 6 7 6 4 5 6 6 4 3 3 3 3 3 3 3 3 3 2 1 0 0 0 0 -0 0 1 2 3 2 -1 -2 -3 -3 4 12 11 11 15 21 16 4 3 10 17 19 22 42 79 -999 -999 -999 -999 -999
337 352 359 404 461 511 562 612 622 641 644 639 598 529 470 417 360 326 287 220 167 82 -39 -30 -0 8 10 11 11 10 8 6 6 6 6 4 5 7 5 1 1 3 3 3 3 3 2 3 4 2 0 0 0 0 0 -0 -1 -0 2 3 1 -2 -1 -3 -1 6 10 11 10 12 15 9 -1 3 8 14 18 20 20 24 28 -999 -999 -999 -999
329 347 360 396 445 493 542 574 593 613 626 625 598 551 512 467 384 323 274 216 175 127 49 5 4 7 10 11 11 9 7 6 6 6 5 5 5 5 3 -1 0 2 3 3 3 2 3 3 3 1 -0 -0 -0 -0 0 -1 -3 -3 -1 1 0 1 6 7 4 6 12 14 15 14 10 5 2 6 10 14 19 21 23 20 18 17 16 14 -999
334 350 369 395 433 476 520 535 553 578 600 615 617 590 555 496 391 297 254 203 183 168 100 13 25 54 37 12 10 9 7 6 5 5 5 4 4 4 3 2 2 3 3 3 3 2 2 3 2 1 -0 -0 -0 -0 -0 -1 -2 -4 -5 -2 -0 2 10 14 6 4 9 14 18 18 7 -1 3 9 13 17 20 22 24 21 18 17 17 16 14
343 355 382 400 417 460 498 520 532 547 574 595 608 606 599 514 408 324 260 209 185 164 113 38 78 134 72 21 10 8 7 5 5 5 4 4 4 3 3 3 3 3 3 3 2 2 2 2 1 0 -0 -0 -0 -1 -0 1 -1 -5 -6 -4 -1 -3 -1 2 1 1 4 10 16 14 1 -6 2 9 14 19 19 21 20 18 17 16 16 17 14
310 362 410 441 448 465 489 520 531 540 559 582 596 595 583 516 424 349 281 232 195 175 157 126 134 147 84 10 9 8 7 5 5 6 5 4 4 3 3 3 3 3 3 3 2 2 2 1 1 0 -0 -0 -1 -1 -0 0 -2 -6 -10 -10 -8 -8 -9 -6 -2 2 4 9 17 9 -3 -3 3 9 15 18 18 18 16 14 15 14 17 20 -999
250 344 432 471 473 480 494 516 519 526 552 577 590 591 572 528 450 364 296 247 203 183 169 163 159 150 114 56 19 8 6 5 5 5 5 4 3 3 3 3 3 2 2 2 2 2 1 1 1 0 -0 -1 -1 -1 -1 -1 -2 -5 -10 -15 -12 -7 -8 -7 -2 5 6 8 10 4 -4 -1 4 9 15 17 15 18 20 17 14 15 19 22 -999
209 353 468 484 487 483 489 491 487 500 535 575 594 603 583 554 464 363 308 265 220 186 169 162 157 159 162 83 19 7 6 5 4 4 4 3 3 3 3 3 2 2 2 2 2 1 1 0 -0 -0 -1 -1 -2 -2 -1 -1 -2 -3 -8 -10 -8 -6 -8 -8 -2 4 4 3 2 -1 -2 1 4 8 13 13 13 21 29 21 15 16 21 19 -999
174 298 423 491 496 471 462 461 451 468 498 537 577 608 603 569 486 389 332 289 233 188 171 161 155 155 144 95 27 6 4 4 4 3 3 3 3 3 2 2 2 2 2 2 2 1 1 0 -0 -1 -1 -2 -2 -2 -1 -2 -2 -3 -6 -6 -5 -5 -8 -7 -3 1 1 0 -2 -3 0 3 4 6 9 11 12 18 23 19 13 15 18 14 -999
118 204 282 348 397 423 431 439 441 453 466 499 541 568 586 576 526 447 377 311 239 184 173 162 159 154 154 134 68 14 1 5 5 4 3 3 3 2 2 2 1 2 2 2 2 1 1 1 -0 -1 -1 -2 -2 -1 -2 -2 -2 -2 -3 -4 -4 -6 -8 -6 -3 -1 -1 -3 -5 -4 1 3 2 3 5 7 10 12 13 12 11 13 13 11 -999
96 139 163 201 251 288 336 389 438 450 464 485 511 534 558 563 544 484 409 323 242 196 175 167 167 152 121 120 75 -4 -3 3 4 4 3 3 2 2 1 1 1 2 3 2 1 1 0 -0 -1 -1 -2 -2 -2 -2 -2 -2 -2 -1 -1 -3 -4 -5 -6 -6 -4 -1 1 -3 -6 -3 1 1 -2 -1 1 3 8 11 9 8 11 14 13 -999 -999
58 82 105 131 153 167 216 268 315 375 450 470 493 516 540 570 567 519 451 350 245 201 173 169 170 119 54 62 75 33 3 3 4 4 3 2 2 2 1 1 1 2 2 2 1 0 -0 -1 -1 -2 -2 -2 -2 -3 -5 -4 -2 -1 -2 -3 -4 -4 -5 -5 -5 -4 -1 -3 -5 -1 2 -2 -7 -3 1 4 8 10 7 7 10 13 13 -999 -999
53 52 51 81 111 138 158 153 169 252 384 457 478 500 517 540 553 550 492 393 307 243 189 170 162 85 8 56 133 74 12 -1 3 4 3 2 2 2 1 1 1 2 2 1 0 0 -0 -1 -2 -2 -2 -2 -2 -6 -11 -7 -3 -2 -2 -4 -5 -6 -5 -5 -11 -13 -8 -5 -3 -0 -0 -4 -6 -2 3 3 5 6 5 5 8 10 10 -999 -999
46 45 46 60 82 121 151 131 109 203 373 450 471 488 497 507 532 542 505 438 365 297 233 188 141 54 6 39 82 47 -11 -4 2 3 2 2 3 3 2 1 1 2 1 1 0 0 -1 -1 -2 -2 -2 -2 -2 -5 -9 -7 -2 -2 -2 -4 -6 -7 -5 -6 -10 -15 -12 -6 -4 -2 -3 -5 -5 -1 1 0 1 3 3 1 2 6 7 -999 -999
67 45 37 43 63 96 120 105 91 174 305 384 459 482 495 503 519 544 541 492 409 336 258 189 154 94 33 9 11 -2 -15 -4 1 2 2 2 3 3 2 1 1 1 1 1 0 0 -1 -2 -2 -2 -2 -2 -2 -2 -3 -3 -2 -2 -2 -2 -4 -7 -7 -5 -6 -9 -8 -7 -6 -5 -6 -7 -5 -2 -1 -1 -1 -0 -2 -7 -4 2 4 -999 -999
83 50 41 34 38 61 72 68 82 111 172 249 334 428 486 489 494 529 557 508 442 369 299 232 192 148 55 -2 -9 -22 -15 -2 1 2 2 2 2 2 1 1 1 1 1 1 0 -0 -1 -2 -2 -2 -3 -3 -2 -2 -2 -2 -2 -2 -2 -2 -4 -9 -10 -6 -4 -5 -7 -7 -6 -8 -10 -8 -5 -3 -3 -3 -5 -5 -5 -9 -5 1 0 -999 -999
99 59 45 36 33 37 40 41 83 119 132 150 243 369 435 455 475 522 535 412 331 346 349 279 223 138 38 -11 -11 -14 -7 1 2 2 2 2 1 1 1 1 1 1 1 1 0 -1 -2 -2 -2 -3 -3 -3 -2 -2 -2 -2 -2 -2 -2 -2 -4 -8 -8 -5 -3 -5 -6 -7 -8 -11 -14 -9 -5 -4 -3 -4 -5 -6 -6 -6 -4 -0 -999 -999 -999
119 77 49 34 19 24 31 44 82 122 122 138 246 356 396 427 452 489 433 279 209 237 257 260 230 109 -4 -11 -8 -6 -2 1 2 2 2 1 1 0 1 1 1 1 1 0 -0 -1 -2 -2 -3 -3 -3 -3 -2 -2 -2 -2 -2 -2 -2 -2 -2 -4 -4 -3 -3 -5 -5 -5 -7 -11 -13 -8 -5 -6 -5 -4 -5 -5 -5 -5 -4 -4 -999 -999 -999
135 83 48 40 28 20 26 34 55 78 92 149 257 332 350 377 405 441 332 200 167 159 188 222 195 101 3 -6 0 -1 1 1 2 2 2 1 1 1 1 1 1 1 0 -0 -1 -2 -2 -2 -3 -3 -3 -3 -2 -2 -2 -2 -2 -2 -3 -3 -3 -3 -3 -3 -3 -4 -4 -4 -4 -6 -8 -6 -6 -8 -7 -6 -5 -4 -4 -4 -4 -4 -999 -999 -999
150 102 66 51 33 11 6 14 20 38 57 114 209 276 290 279 276 285 239 170 166 160 170 202 196 135 60 15 4 2 1 1 1 2 2 1 1 1 1 1 1 1 0 -0 -1 -2 -2 -3 -3 -2 -3 -3 -3 -2 -2 -2 -2 -3 -3 -3 -3 -3 -3 -3 -3 -3 -3 -3 -3 -3 -5 -6 -7 -8 -8 -6 -5 -4 -4 -4 -4 -4 -999 -999 -999
192 125 83 55 33 2 -13 -4 8 22 33 45 116 220 274 210 116 151 152 154 164 152 141 159 179 165 85 8 4 1 1 1 1 2 2 1 1 0 0 1 1 0 -0 -1 -1 -2 -2 -3 -2 -2 -3 -3 -3 -2 -3 -3 -3 -3 -3 -3 -3 -3 -3 -3 -3 -3 -3 -3 -3 -4 -5 -6 -6 -7 -7 -7 -5 -4 -4 -4 -4 -999 -999 -999 -999
296 198 105 55 45 24 7 -5 -2 14 26 35 104 215 270 234 171 126 118 147 168 137 110 144 188 173 111 44 9 1 1 1 1 2 2 2 1 0 0 1 1 0 -0 -1 -2 -2 -3 -3 -3 -2 -3 -3 -3 -3 -3 -4 -3 -3 -3 -3 -3 -3 -3 -3 -3 -3 -3 -3 -3 -4 -5 -4 -4 -5 -7 -7 -6 -6 -5 -5 -5 -999 -999 -999 -999
387 250 126 78 60 45 26 11 7 11 22 36 141 249 269 270 207 130 117 144 154 115 97 158 211 185 155 76 16 1 1 1 3 3 3 2 1 0 1 1 1 -0 -1 -1 -2 -2 -3 -3 -3 -2 -2 -3 -3 -3 -4 -4 -4 -3 -3 -3 -3 -3 -3 -3 -3 -3 -3 -3 -3 -3 -4 -3 -2 -3 -4 -5 -6 -8 -8 -6 -999 -999 -999 -999 -999
374 274 147 92 65 43 26 16 6 10 20 74 178 254 261 260 206 126 112 136 134 109 126 180 204 176 145 86 7 1 1 2 3 4 4 2 1 0 1 1 0 -0 -1 -2 -2 -3 -3 -3 -3 -3 -3 -3 -3 -3 -4 -4 -3 -3 -3 -3 -3 -3 -3 -3 -4 -4 -3 -3 -3 -3 -3 -2 -2 -2 -2 -3 -4 -6 -8 -6 -999 -999 -999 -999 -999
389 325 210 110 60 37 19 13 5 9 19 114 220 253 257 253 225 187 173 160 136 121 177 231 205 168 148 114 57 15 1 2 3 3 3 2 0 0 1 1 -0 -1 -1 -2 -2 -3 -3 -3 -3 -3 -3 -3 -3 -3 -3 -3 -3 -3 -3 -3 -3 -3 -4 -4 -3 -3 -3 -3 -3 -3 -3 -3 -2 -2 -2 -2 -3 -5 -5 -4 -999 -999 -999 -999 -999
402 373 233 91 51 28 18 13 6 3 26 119 233 252 255 248 237 235 231 214 193 187 224 255 209 169 156 148 81 14 1 2 2 2 2 2 1 1 1 0 -0 -1 -2 -2 -2 -3 -3 -3 -3 -3 -3 -3 -3 -2 -3 -3 -3 -3 -4 -4 -4 -4 -4 -3 -3 -3 -3 -3 -3 -3 -3 -3 -3 -2 -3 -3 -3 -4 -4 -999 -999 -999 -999 -999 -999
418 369 262 133 55 20 19 16 9 -2 11 71 162 228 250 246 237 228 229 241 253 234 242 230 197 174 157 125 57 1 1 2 2 2 2 2 2 1 1 -0 -1 -1 -2 -2 -3 -3 -3 -3 -3 -3 -3 -3 -3 -3 -3 -3 -3 -3 -3 -4 -4 -4 -4 -4 -3 -3 -3 -3 -3 -3 -3 -3 -3 -3 -3 -3 -3 -4 -3 -3 -999 -999 -999 -999 -999
335 347 327 194 77 30 25 22 19 12 13 26 128 231 245 243 232 213 210 219 227 229 228 203 173 131 114 89 28 1 2 2 2 2 2 2 2 1 0 -0 -1 -2 -2 -2 -3 -3 -3 -3 -3 -3 -3 -3 -3 -3 -3 -3 -3 -3 -3 -4 -4 -4 -4 -4 -4 -3 -3 -3 -3 -3 -3 -3 -3 -3 -3 -3 -3 -3 -3 -999 -999 -999 -999 -999 -999
219 231 231 165 59 42 35 28 25 19 9 25 91 179 225 240 227 211 202 198 195 196 170 139 118 61 28 29 1 1 2 2 2 2 2 2 1 1 -0 -1 -1 -2 -2 -2 -3 -3 -3 -3 -3 -3 -3 -3 -3 -3 -3 -3 -3 -3 -4 -4 -4 -4 -4 -4 -4 -4 -4 -4 -4 -4 -3 -3 -3 -3 -3 -2 -3 -3 -3 -3 -999 -999 -999 -999 -999
154 135 128 99 60 56 45 29 20 14 4 2 17 67 114 157 193 210 198 190 184 174 91 38 36 10 -7 -2 1 1 2 2 1 1 1 1 1 0 -0 -1 -2 -2 -2 -3 -3 -3 -3 -3 -3 -3 -3 -3 -3 -3 -3 -3 -3 -3 -4 -4 -4 -4 -4 -4 -4 -4 -4 -4 -4 -4 -3 -3 -3 -3 -3 -3 -2 -2 -2 -2 -3 -999 -999 -999 -999
-999 122 103 77 76 78 62 38 21 11 9 15 16 8 4 53 96 153 185 183 181 144 56 -13 -7 -1 -1 0 1 1 1 1 1 1 1 1 0 -1 -1 -2 -2 -3 -3 -3 -3 -3 -3 -3 -3 -3 -3 -3 -3 -3 -3 -3 -3 -3 -4 -4 -4 -4 -4 -4 -4 -4 -4 -4 -4 -4 -3 -3 -3 -3 -3 -3 -2 -2 -2 -2 -2 -2 -3 -999 -999
-999 115 102 86 83 90 76 49 34 23 19 31 32 24 17 14 29 125 193 148 136 103 28 -4 -1 1 1 1 1 2 1 1 1 1 1 1 -0 -1 -2 -2 -2 -3 -3 -3 -3 -3 -3 -3 -3 -3 -3 -3 -3 -3 -3 -3 -3 -3 -3 -4 -4 -4 -4 -4 -4 -4 -4 -4 -3 -3 -3 -3 -3 -3 -3 -3 -3 -2 -2 -2 -2 -2 -3 -3 -999
-999 -999 88 89 80 104 131 111 63 33 18 16 29 35 27 18 40 106 142 79 44 36 -0 0 1 1 1 1 1 1 1 1 1 1 1 0 -1 -2 -2 -3 -3 -3 -3 -3 -3 -3 -3 -3 -3 -3 -3 -3 -3 -3 -2 -3 -3 -3 -3 -4 -4 -4 -4 -4 -4 -4 -4 -4 -3 -3 -3 -3 -3 -3 -3 -3 -3 -3 -3 -2 -2 -2 -3 -3 -3
-999 -999 65 80 82 145 229 209 161 89 20 1 24 35 26 17 18 52 51 14 -1 1 -0 1 1 1 1 1 2 1 1 1 1 1 0 -0 -1 -2 -2 -3 -3 -3 -3 -3 -3 -3 -3 -4 -3 -3 -3 -3 -3 -3 -3 -3 -3 -3 -4 -4 -4 -4 -4 -4 -4 -4 -4 -4 -4 -4 -3 -3 -3 -3 -3 -3 -3 -3 -4 -3 -2 -2 -2 -2 -3
-999 -999 60 85 101 140 208 248 259 131 30 17 30 32 23 17 16 12 -6 -18 -7 -1 0 1 1 1 1 1 1 1 1 1 1 1 0 -1 -2 -2 -2 -3 -3 -3 -3 -3 -3 -3 -3 -3 -3 -3 -3 -3 -3 -3 -3 -3 -3 -3 -4 -4 -4 -4 -4 -4 -4 -4 -4 -4 -4 -4 -3 -3 -3 -3 -3 -3 -3 -3 -3 -3 -2 -2 -2 -2 -3
-999 -999 -999 90 103 108 165 235 240 151 42 29 35 27 19 17 16 9 -4 -11 -6 -0 0 1 1 1 1 1 1 1 1 1 1 0 -0 -1 -2 -2 -3 -3 -3 -3 -3 -3 -3 -3 -3 -3 -3 -3 -3 -3 -3 -3 -3 -3 -3 -3 -3 -3 -3 -3 -4 -4 -4 -4 -4 -4 -4 -4 -3 -3 -4 -4 -4 -3 -3 -3 -3 -3 -2 -2 -2 -2 -3
-999 -999 -999 -999 108 118 191 258 254 204 110 44 27 22 17 16 15 9 2 -1 1 1 1 1 1 1 1 1 1 1 1 1 1 -0 -1 -2 -2 -3 -3 -3 -3 -3 -3 -3 -3 -3 -3 -3 -3 -3 -3 -3 -3 -3 -3 -3 -3 -3 -3 -3 -3 -3 -3 -3 -4 -4 -4 -3 -4 -3 -3 -4 -4 -4 -4 -4 -3 -3 -3 -3 -3 -3 -2 -2 -2
-999 -999 -999 -999 -999 163 245 297 272 250 132 22 20 22 18 15 12 6 2 2 3 2 1 1 1 1 1 1 1 1 1 1 -0 -1 -1 -2 -3 -3 -3 -3 -3 -3 -3 -3 -3 -3 -3 -3 -3 -3 -3 -3 -3 -3 -3 -3 -3 -3 -3 -3 -3 -3 -3 -3 -3 -3 -3 -3 -3 -3 -3 -4 -4 -4 -3 -3 -3 -3 -3 -3 -3 -3 -3 -3 -3
-999 -999 -999 -999 -999 192 307 314 281 206 82 5 19 27 19 14 9 3 2 2 2 2 2 2 2 2 1 1 1 1 1 0 -1 -1 -1 -2 -3 -4 -3 -3 -3 -3 -3 -3 -3 -3 -3 -3 -3 -3 -3 -3 -3 -3 -3 -3 -3 -3 -3 -3 -3 -3 -3 -3 -3 -3 -3 -3 -3 -3 -3 -4 -4 -3 -3 -3 -3 -3 -4 -3 -3 -3 -3 -3 -3
-999 -999 -999 -999 -999 -999 387 365 327 179 26 6 23 26 18 11 6 1 1 1 2 3 2 2 2 2 1 1 1 1 1 -0 -1 -1 -1 -2 -4 -3 -3 -3 -3 -3 -3 -3 -3 -3 -3 -3 -3 -3 -3 -3 -3 -3 -3 -3 -3 -3 -3 -3 -3 -3 -3 -3 -3 -3 -3 -3 -3 -3 -4 -4 -4 -3 -3 -4 -4 -3 -3 -3 -3 -3 -3 -3 -3
-999 -999 -999 -999 -999 -999 425 431 375 233 86 34 31 23 15 9 3 1 1 1 2 2 2 1 1 1 1 1 1 1 0 -0 -1 -1 -1 -3 -4 -3 -3 -3 -3 -3 -3 -3 -3 -3 -3 -3 -3 -3 -3 -3 -3 -3 -3 -3 -3 -3 -3 -3 -3 -3 -3 -3 -3 -3 -3 -3 -3 -3 -3 -4 -3 -3 -3 -4 -4 -3 -3 -3 -3 -3 -3 -3 -3
-999 -999 -999 -999 -999 -999 455 484 413 301 165 64 25 20 13 8 2 1 1 1 1 1 1 1 1 1 1 1 1 1 0 -1 -1 -1 -2 -3 -4 -3 -3 -3 -3 -3 -3 -3 -3 -3 -3 -3 -3 -3 -3 -3 -3 -3 -3 -3 -3 -3 -3 -3 -3 -3 -3 -3 -3 -3 -3 -3 -3 -3 -3 -3 -4 -3 -3 -4 -4 -4 -3 -3 -3 -3 -3 -3 -3
-999 -999 -999 -999 -999 -999 486 533 449 351 212 65 21 17 13 8 3 2 1 1 1 1 1 1 1 1 1 1 1 0 -0 -1 -1 -2 -3 -4 -4 -3 -3 -3 -3 -3 -3 -3 -3 -3 -3 -3 -3 -3 -3 -3 -3 -3 -3 -3 -3 -3 -3 -3 -3 -3 -3 -3 -3 -3 -3 -3 -3 -3 -3 -4 -4 -3 -3 -3 -4 -4 -3 -3 -3 -3 -3 -3 -3
-999 -999 -999 -999 -999 -999 -999 499 471 399 267 134 46 10 14 10 5 1 1 1 1 1 1 1 1 1 1 1 1 0 -1 -1 -2 -2 -3 -4 -3 -3 -3 -3 -3 -3 -3 -3 -3 -3 -3 -3 -3 -3 -3 -3 -3 -3 -3 -3 -3 -3 -3 -3 -3 -3 -3 -3 -3 -3 -3 -3 -3 -3 -3 -4 -4 -3 -3 -3 -3 -3 -3 -3 -3 -3 -3 -3 -3
-999 -999 -999 -999 -999 -999 -999 461 451 338 244 164 35 -4 8 10 5 1 1 1 1 1 1 1 1 1 1 1 0 -0 -1 -2 -2 -3 -3 -3 -3 -3 -3 -3 -3 -3 -2 -2 -2 -2 -2 -2 -2 -2 -2 -2 -2 -3 -3 -3 -3 -3 -3 -3 -3 -3 -3 -3 -3 -4 -3 -3 -3 -3 -3 -4 -3 -3 -3 -3 -3 -3 -4 -4 -4 -3 -3 -3 -3
-999 -999 -999 -999 -999 -999 -999 399 393 228 108 70 -10 -7 10 9 3 1 1 1 1 1 1 1 1 1 1 0 -0 -1 -1 -2 -3 -3 -3 -3 -3 -3 -2 -2 -3 -2 -2 -2 -2 -2 -2 -2 -2 -2 -2 -2 -2 -2 -3 -3 -3 -3 -3 -3 -3 -3 -3 -3 -4 -4 -4 -3 -3 -3 -3 -3 -3 -3 -3 -3 -3 -3 -4 -4 -4 -4 -4 -3 -3
-999 -999 -999 -999 -999 -999 -999 -999 -999 125 35 18 -1 5 13 7 1 1 1 1 1 1 1 1 1 1 0 -0 -0 -1 -2 -3 -3 -3 -3 -3 -2 -2 -2 -2 -2 -2 -2 -2 -2 -2 -2 -2 -2 -2 -2 -2 -2 -2 -3 -3 -3 -3 -3 -3 -3 -3 -3 -3 -3 -4 -4 -3 -3 -3 -3 -3 -3 -3 -3 -3 -3 -3 -3 -3 -4 -4 -4 -4 -4
-999 -999 -999 -999 -999 -999 -999 -999 -999 -999 29 14 10 13 11 4 -1 -2 0 1 1 1 1 1 1 1 0 -0 -1 -1 -2 -3 -3 -3 -3 -3 -2 -2 -2 -2 -2 -2 -2 -2 -2 -2 -2 -2 -2 -2 -2 -2 -2 -2 -3 -3 -3 -3 -3 -3 -3 -3 -3 -3 -3 -3 -3 -3 -3 -3 -4 -3 -3 -3 -3 -3 -3 -3 -3 -3 -3 -3 -3 -4 -4
-999 -999 -999 -999 -999 -999 -999 -999 -999 -999 -999 21 17 17 9 2 -5 -9 -5 -0 1 1 1 1 1 1 0 -0 -1 -2 -2 -3 -3 -3 -3 -3 -2 -2 -2 -2 -2 -2 -2 -2 -2 -2 -2 -2 -2 -2 -2 -2 -2 -2 -2 -3 -3 -3 -3 -3 -3 -3 -3 -3 -3 -3 -3 -3 -3 -3 -3 -3 -3 -3 -3 -3 -3 -3 -3 -3 -3 -3 -3 -3 -3
-999 -999 -999 -999 -999 -999 -999 -999 -999 -999 -999 -999 18 -999 7 0 -5 -12 -6 1 1 1 1 1 1 0 -0 -1 -1 -2 -3 -3 -3 -3 -3 -3 -2 -2 -2 -2 -2 -2 -2 -2 -2 -2 -2 -2 -2 -2 -2 -2 -2 -2 -2 -2 -2 -3 -3 -2 -2 -3 -3 -3 -3 -3 -3 -3 -3 -3 -3 -3 -3 -3 -3 -3 -3 -3 -3 -3 -3 -3 -3 -3 -3
-999 -999 -999 -999 -999 -999 -999 -999 -999 -999 -999 -999 -999 -999 3 2 -1 -3 -2 1 1 1 1 1 1 0 -0 -1 -1 -2 -3 -3 -3 -3 -3 -3 -2 -2 -2 -2 -2 -2 -2 -2 -2 -2 -2 -2 -2 -2 -2 -2 -2 -2 -2 -2 -2 -2 -2 -2 -2 -3 -3 -3 -3 -3 -3 -3 -3 -3 -3 -3 -3 -3 -3 -3 -3 -3 -3 -3 -3 -3 -3 -3 -3
-999 -999 -999 -999 -999 -999 -999 -999 -999 -999 -999 -999 -999 1 0 1 2 1 1 1 1 1 1 1 0 -0 -1 -1 -2 -2 -3 -3 -2 -2 -3 -3 -2 -2 -2 -2 -2 -2 -2 -2 -2 -2 -2 -2 -2 -2 -2 -2 -2 -2 -2 -2 -2 -2 -2 -2 -3 -3 -3 -4 -3 -3 -2 -2 -2 -3 -3 -3 -3 -3 -3 -3 -3 -3 -3 -3 -3 -3 -3 -3 -3
-999 -999 -999 -999 -999 -999 -999 -999 -999 -999 -999 -999 -1 -0 -0 0 1 2 1 1 1 1 1 1 0 -0 -1 -1 -2 -3 -3 -2 -2 -2 -3 -3 -2 -2 -2 -2 -2 -2 -2 -2 -2 -2 -2 -2 -2 -2 -2 -2 -2 -2 -2 -2 -2 -2 -2 -2 -3 -3 -3 -3 -3 -3 -2 -2 -2 -2 -2 -3 -3 -3 -3 -3 -3 -3 -3 -3 -3 -4 -3 -3 -3
-999 -999 -999 -999 -999 -999 -999 -999 -999 -999 -999 -999 -2 1 0 1 1 2 2 1 1 1 1 1 0 -1 -1 -2 -2 -3 -3 -2 -2 -2 -3 -3 -2 -2 -2 -2 -2 -2 -2 -2 -2 -2 -2 -2 -2 -2 -2 -2 -2 -2 -2 -2 -2 -2 -2 -2 -3 -3 -3 -3 -3 -3 -3 -2 -2 -2 -2 -2 -2 -2 -3 -3 -3 -3 -3 -3 -3 -3 -3 -3 -3
-999 -999 -999 -999 -999 -999 -999 -999 -999 -999 -999 -999 -0 1 1 1 1 2 1 1 1 1 1 0 -0 -1 -1 -2 -3 -3 -3 -2 -2 -3 -3 -3 -2 -2 -2 -2 -2 -2 -2 -2 -2 -2 -2 -2 -2 -2 -2 -2 -2 -2 -2 -2 -2 -2 -2 -3 -3 -3 -3 -3 -3 -3 -3 -2 -2 -2 -2 -2 -2 -2 -2 -3 -3 -3 -3 -3 -3 -3 -3 -3 -3
-999 -999 -999 -999 -999 -999 -999 -999 -999 -999 -999 -999 1 1 1 1 1 1 1 1 1 1 1 0 -1 -1 -2 -2 -3 -3 -2 -2 -3 -3 -4 -3 -2 -2 -2 -2 -2 -2 -2 -2 -2 -2 -2 -2 -2 -2 -2 -2 -2 -2 -2 -2 -2 -2 -2 -2 -3 -3 -3 -3 -3 -2 -2 -2 -2 -2 -2 -2 -2 -2 -2 -3 -3 -3 -3 -3 -3 -3 -3 -3 -3
-999 -999 -999 -999 -999 -999 -999 -999 -999 -999 -999 -999 1 1 1 1 2 1 1 0 1 1 0 -0 -1 -1 -2 -2 -2 -2 -2 -2 -3 -4 -4 -3 -2 -2 -2 -2 -2 -2 -2 -2 -2 -2 -2 -2 -2 -2 -2 -2 -2 -2 -2 -2 -2 -2 -2 -2 -2 -2 -3 -2 -2 -2 -2 -2 -2 -2 -2 -2 -2 -2 -2 -2 -3 -3 -3 -3 -3 -3 -3 -3 -3
-999 -999 -999 -999 -999 -999 -999 -999 -999 -999 -999 -999 1 1 1 2 2 2 1 1 1 1 0 -0 -1 -2 -2 -2 -2 -2 -2 -2 -2 -3 -3 -2 -2 -2 -2 -2 -2 -2 -2 -2 -2 -2 -2 -2 -2 -2 -2 -2 -2 -2 -2 -2 -2 -2 -2 -2 -2 -2 -2 -2 -2 -2 -2 -2 -2 -2 -2 -2 -2 -2 -2 -3 -3 -3 -3 -3 -3 -3 -3 -3 -3
-999 -999 -999 -999 -999 -999 -999 -999 -999 -999 -999 -999 1 0 1 1 2 2 2 1 1 0 0 -1 -1 -2 -2 -2 -2 -2 -2 -2 -2 -2 -2 -2 -2 -2 -2 -2 -2 -2 -2 -2 -2 -2 -2 -2 -2 -2 -2 -2 -2 -2 -2 -2 -2 -2 -2 -2 -2 -2 -2 -2 -2 -2 -2 -2 -2 -2 -2 -2 -2 -2 -2 -3 -3 -3 -3 -3 -3 -3 -3 -3 -3
-999 -999 -999 -999 -999 -999 -999 -999 -999 -999 -999 -999 1 1 1 1 1 1 1 1 1 0 -0 -1 -1 -2 -2 -2 -2 -2 -2 -2 -2 -2 -2 -2 -2 -2 -2 -2 -2 -2 -2 -2 -2 -2 -2 -2 -2 -2 -2 -2 -2 -2 -2 -2 -2 -2 -2 -2 -2 -2 -2 -2 -2 -2 -2 -2 -2 -2 -2 -2 -2 -2 -3 -3 -3 -3 -3 -3 -3 -3 -3 -3 -3
-999 -999 -999 -999 -999 -999 -999 -999 -999 -999 -999 -999 1 1 1 1 1 1 1 1 0 0 -1 -1 -2 -2 -2 -2 -2 -2 -2 -2 -2 -2 -2 -2 -2 -2 -2 -2 -2 -2 -2 -2 -2 -2 -2 -2 -2 -2 -2 -2 -2 -2 -2 -2 -2 -2 -2 -2 -2 -2 -2 -2 -2 -2 -2 -2 -2 -2 -2 -2 -2 -2 -3 -3 -3 -3 -2 -3 -3 -3 -3 -3 -2
-999 -999 -999 -999 -999 -999 -999 -999 -999 -999 -999 -999 2 1 1 1 1 1 1 1 0 -0 -1 -1 -2 -2 -2 -2 -2 -2 -2 -2 -2 -2 -2 -2 -2 -2 -2 -2 -2 -2 -2 -2 -2 -2 -2 -2 -2 -2 -2 -2 -2 -2 -2 -2 -2 -2 -2 -2 -2 -2 -2 -2 -2 -2 -2 -2 -2 -2 -2 -2 -2 -2 -3 -3 -3 -2 -2 -2 -3 -3 -3 -3 -2
-999 -999 -999 -999 -999 -999 -999 -999 -999 -999 -999 -999 2 1 1 1 1 1 1 0 0 -0 -1 -1 -2 -2 -2 -2 -2 -2 -2 -2 -2 -2 -2 -2 -2 -2 -2 -2 -2 -2 -2 -2 -2 -2 -2 -2 -2 -2 -2 -2 -2 -2 -2 -2 -2 -2 -2 -2 -2 -2 -2 -2 -2 -2 -2 -2 -2 -2 -2 -2 -2 -2 -2 -2 -2 -2 -2 -2 -2 -3 -3 -3 -3
-999 -999 -999 -999 -999 -999 -999 -999 -999 -999 -999 -999 1 1 1 1 1 1 0 0 -0 -1 -1 -2 -2 -2 -2 -2 -2 -2 -2 -2 -2 -2 -2 -2 -2 -2 -2 -2 -2 -2 -2 -2 -2 -2 -2 -2 -2 -2 -2 -2 -2 -2 -2 -2 -2 -2 -2 -2 -2 -2 -2 -2 -2 -2 -2 -2 -2 -2 -2 -2 -2 -2 -2 -2 -2 -2 -2 -2 -2 -3 -3 -3 -3
-999 -999 -999 -999 -999 -999 -999 -999 -999 -999 -999 -999 1 1 1 1 1 0 0 -0 -1 -1 -2 -2 -2 -2 -2 -2 -2 -2 -2 -2 -2 -2 -2 -2 -2 -2 -2 -2 -2 -2 -2 -2 -2 -2 -2 -2 -2 -2 -2 -2 -2 -2 -2 -2 -2 -2 -2 -2 -2 -2 -2 -2 -2 -2 -2 -2 -2 -2 -2 -2 -2 -2 -2 -2 -2 -2 -2 -2 -2 -3 -3 -3 -3
-999 -999 -999 -999 -999 -999 -999 -999 -999 -999 -999 -999 1 1 1 1 1 0 0 -0 -1 -1 -2 -2 -2 -2 -2 -2 -2 -2 -2 -2 -2 -2 -2 -2 -2 -2 -2 -2 -2 -2 -2 -2 -2 -2 -2 -2 -2 -2 -2 -2 -2 -2 -2 -2 -2 -2 -2 -2 -2 -2 -2 -2 -2 -2 -2 -2 -2 -2 -2 -2 -2 -2 -2 -2 -2 -2 -2 -2 -2 -2 -3 -3 -2
-999 -999 -999 -999 -999 -999 -999 -999 -999 -999 -999 -999 2 1 1 1 1 0 0 -1 -1 -2 -2 -2 -2 -2 -2 -3 -2 -2 -2 -2 -2 -2 -2 -2 -2 -2 -2 -2 -2 -2 -2 -2 -2 -2 -2 -2 -2 -2 -2 -2 -2 -2 -2 -2 -2 -2 -2 -2 -2 -2 -2 -2 -2 -2 -2 -2 -2 -2 -2 -2 -2 -2 -2 -2 -2 -2 -2 -2 -2 -2 -2 -2 -2
-999 -999 -999 -999 -999 -999 -999 -999 -999 -999 -999 -999 2 1 1 1 0 0 -0 -1 -2 -2 -2 -2 -2 -2 -2 -2 -2 -2 -2 -2 -2 -2 -2 -2 -2 -2 -2 -2 -2 -2 -2 -2 -2 -2 -2 -2 -2 -2 -2 -2 -2 -2 -2 -2 -2 -2 -2 -2 -2 -2 -2 -2 -2 -2 -2 -2 -2 -2 -2 -2 -2 -2 -2 -2 -2 -2 -2 -2 -2 -2 -2 -2 -2
-999 -999 -999 -999 -999 -999 -999 -999 -999 -999 -999 -999 2 1 1 1 0 -0 -1 -2 -2 -2 -3 -2 -2 -2 -2 -2 -2 -2 -2 -2 -2 -2 -2 -2 -2 -2 -2 -2 -2 -2 -2 -2 -2 -2 -2 -2 -2 -2 -2 -2 -2 -2 -2 -2 -2 -2 -2 -2 -2 -2 -2 -2 -2 -2 -2 -2 -2 -2 -2 -2 -2 -2 -2 -2 -2 -2 -2 -2 -2 -2 -2 -2 -2
-999 -999 -999 -999 -999 -999 -999 -999 -999 -999 -999 -999 2 1 1 0 -0 -0 -2 -3 -3 -3 -3 -2 -2 -2 -2 -2 -2 -2 -2 -2 -2 -2 -2 -2 -2 -2 -2 -2 -2 -2 -2 -2 -2 -2 -2 -2 -2 -2 -2 -2 -2 -2 -2 -2 -2 -2 -2 -2 -2 -2 -2 -2 -2 -2 -2 -2 -2 -2 -2 -2 -2 -2 -2 -2 -2 -2 -2 -2 -2 -2 -2 -2 -3
-999 -999 -999 -999 -999 -999 -999 -999 -999 -999 -999 -999 2 1 1 0 -0 -1 -2 -3 -3 -2 -2 -2 -2 -2 -2 -2 -2 -2 -2 -2 -2 -2 -2 -2 -2 -2 -2 -2 -2 -2 -2 -2 -2 -2 -2 -2 -2 -2 -2 -2 -2 -2 -2 -2 -2 -2 -2 -2 -2 -2 -2 -2 -2 -2 -2 -2 -2 -2 -2 -2 -2 -2 -2 -2 -2 -2 -2 -2 -2 -2 -2 -3 -3
-999 -999 -999 -999 -999 -999 -999 -999 -999 -999 -999 -999 1 1 0 -0 -1 -1 -2 -2 -2 -2 -2 -3 -3 -3 -2 -2 -2 -2 -2 -2 -2 -2 -2 -2 -2 -2 -2 -2 -2 -2 -2 -2 -2 -2 -2 -2 -2 -2 -2 -2 -2 -2 -2 -2 -2 -2 -2 -2 -2 -2 -2 -2 -2 -2 -2 -2 -2 -2 -2 -2 -2 -2 -2 -2 -2 -2 -2 -2 -2 -2 -2 -3 -3
-999 -999 -999 -999 -999 -999 -999 -999 -999 -999 -999 -999 1 1 0 -0 -1 -2 -2 -2 -2 -2 -3 -3 -3 -3 -3 -2 -2 -2 -2 -2 -2 -2 -2 -2 -2 -2 -2 -2 -2 -2 -2 -2 -2 -2 -2 -2 -2 -2 -2 -2 -2 -2 -2 -2 -2 -2 -2 -2 -2 -2 -2 -2 -2 -2 -2 -2 -2 -2 -2 -2 -2 -2 -2 -2 -2 -2 -2 -2 -2 -2 -2 -2 -3
-999 -999 -999 -999 -999 -999 -999 -999 -999 -999 -999 -999 1 0 -0 -0 -1 -2 -2 -2 -2 -3 -3 -3 -3 -3 -3 -2 -2 -2 -2 -2 -2 -2 -2 -2 -2 -2 -2 -2 -2 -2 -2 -2 -2 -2 -2 -2 -2 -2 -2 -2 -2 -2 -2 -2 -2 -2 -2 -2 -2 -2 -2 -2 -2 -2 -2 -2 -2 -2 -2 -2 -2 -2 -2 -2 -2 -2 -2 -2 -2 -2 -2 -2 -2
-999 -999 -999 -999 -999 -999 -999 -999 -999 -999 -999 -999 0 0 -0 -1 -1 -2 -2 -2 -3 -3 -3 -3 -3 -3 -2 -2 -2 -2 -2 -2 -2 -2 -2 -2 -2 -2 -2 -2 -2 -2 -2 -2 -2 -2 -2 -2 -2 -2 -2 -2 -2 -2 -2 -2 -2 -2 -2 -2 -2 -2 -2 -2 -2 -2 -2 -2 -2 -2 -2 -2 -2 -2 -2 -2 -2 -2 -2 -2 -2 -2 -2 -2 -2
-999 -999 -999 -999 -999 -999 -999 -999 -999 -999 -999 -999 0 -0 -0 -1 -2 -2 -2 -3 -3 -3 -3 -3 -3 -3 -2 -2 -2 -2 -2 -2 -2 -2 -2 -2 -2 -2 -2 -2 -2 -2 -2 -2 -2 -2 -2 -2 -2 -2 -2 -2 -2 -2 -2 -2 -2 -2 -2 -2 -2 -2 -2 -2 -2 -2 -2 -2 -2 -2 -2 -2 -2 -2 -2 -2 -2 -2 -2 -2 -2 -2 -2 -2 -2
-999 -999 -999 -999 -999 -999 -999 -999 -999 -999 -999 -999 0 -0 -1 -1 -2 -2 -2 -3 -3 -3 -3 -3 -3 -3 -2 -2 -2 -2 -2 -2 -2 -2 -2 -2 -2 -2 -2 -2 -2 -2 -2 -2 -2 -2 -2 -2 -2 -2 -2 -2 -2 -2 -2 -2 -2 -2 -2 -2 -2 -2 -2 -2 -2 -2 -2 -2 -2 -2 -2 -2 -2 -2 -2 -2 -2 -2 -2 -2 -2 -2 -2 -2 -2
-999 -999 -999 -999 -999 -999 -999 -999 -999 -999 -999 -999 -0 -0 -1 -2 -2 -2 -2 -3 -3 -3 -3 -3 -3 -3 -2 -2 -2 -2 -2 -2 -2 -2 -2 -2 -2 -2 -3 -2 -3 -2 -2 -2 -2 -2 -2 -2 -2 -2 -2 -2 -2 -2 -2 -2 -2 -2 -2 -2 -2 -2 -2 -2 -2 -2 -2 -2 -2 -2 -2 -2 -2 -2 -2 -2 -2 -2 -2 -2 -2 -2 -2 -2 -2
-999 -999 -999 -999 -999 -999 -999 -999 -999 -999 -999 -999 -0 -1 -1 -2 -2 -2 -3 -3 -3 -3 -3 -3 -3 -3 -2 -2 -2 -2 -2 -2 -2 -2 -2 -2 -2 -2 -3 -3 -3 -2 -2 -2 -2 -2 -2 -2 -2 -2 -2 -2 -2 -2 -2 -2 -2 -2 -2 -2 -2 -2 -2 -2 -2 -2 -2 -2 -2 -2 -2 -2 -2 -2 -2 -2 -2 -2 -2 -2 -2 -2 -2 -2 -2
-999 -999 -999 -999 -999 -999 -999 -999 -999 -999 -999 -999 -1 -1 -2 -2 -2 -3 -3 -3 -3 -3 -3 -3 -3 -3 -3 -2 -2 -2 -2 -2 -2 -2 -2 -2 -2 -3 -3 -3 -3 -3 -2 -2 -2 -2 -2 -2 -2 -2 -2 -2 -2 -2 -2 -2 -2 -2 -2 -2 -2 -2 -2 -2 -2 -2 -2 -2 -2 -2 -2 -2 -2 -2 -2 -2 -2 -2 -2 -2 -2 -2 -2 -2 -2
-999 -999 -999 -999 -999 -999 -999 -999 -999 -999 -999 -999 -1 -1 -2 -2 -3 -3 -3 -3 -3 -3 -3 -3 -3 -3 -3 -2 -2 -2 -2 -2 -2 -2 -2 -2 -3 -3 -3 -3 -3 -2 -2 -2 -2 -2 -2 -2 -2 -2 -2 -2 -2 -2 -2 -2 -2 -2 -2 -2 -2 -2 -2 -2 -2 -2 -2 -2 -2 -2 -2 -2 -2 -2 -2 -2 -2 -2 -2 -2 -2 -2 -2 -2 -2
-999 -999 -999 -999 -999 -999 -999 -999 -999 -999 -999 -999 -1 -2 -2 -2 -3 -3 -3 -3 -3 -3 -3 -3 -3 -3 -3 -2 -2 -2 -2 -2 -2 -2 -2 -2 -3 -3 -3 -3 -3 -2 -2 -2 -2 -2 -2 -2 -2 -2 -2 -2 -2 -2 -2 -2 -2 -2 -2 -2 -2 -2 -2 -2 -2 -2 -2 -2 -2 -2 -2 -2 -2 -2 -2 -2 -2 -2 -2 -2 -2 -2 -2 -2 -2
-999 -999 -999 -999 -999 -999 -999 -999 -999 -999 -999 -999 -1 -2 -3 -3 -3 -3 -3 -3 -3 -3 -3 -3 -3 -3 -3 -2 -2 -2 -2 -2 -2 -2 -2 -3 -3 -3 -3 -3 -3 -2 -2 -2 -2 -2 -2 -2 -2 -2 -2 -2 -2 -2 -2 -2 -2 -2 -2 -2 -2 -2 -2 -2 -2 -2 -2 -2 -2 -2 -2 -2 -2 -2 -2 -2 -2 -2 -2 -2 -2 -2 -2 -2 -2
-999 -999 -999 -999 -999 -999 -999 -999 -999 -999 -999 -999 -2 -2 -3 -3 -3 -3 -3 -3 -3 -3 -3 -3 -3 -3 -3 -2 -2 -2 -2 -3 -3 -3 -3 -3 -3 -3 -3 -3 -3 -3 -2 -2 -2 -2 -2 -2 -2 -2 -2 -2 -2 -2 -2 -2 -2 -2 -2 -2 -2 -2 -2 -2 -2 -2 -2 -2 -2 -2 -2 -2 -2 -2 -2 -2 -2 -2 -2 -2 -2 -2 -2 -2 -2
-999 -999 -999 -999 -999 -999 -999 -999 -999 -999 -999 -999 -2 -3 -3 -3 -3 -3 -3 -3 -3 -3 -3 -3 -3 -3 -3 -3 -3 -3 -3 -3 -3 -3 -3 -3 -3 -3 -3 -3 -3 -3 -2 -2 -2 -2 -2 -2 -2 -2 -2 -2 -2 -2 -2 -2 -2 -2 -2 -2 -2 -2 -2 -2 -2 -2 -2 -2 -2 -2 -2 -2 -2 -2 -2 -2 -2 -2 -2 -2 -2 -2 -2 -2 -2
-999 -999 -999 -999 -999 -999 -999 -999 -999 -999 -999 -999 -2 -3 -3 -3 -3 -3 -3 -3 -3 -3 -3 -3 -3 -3 -3 -3 -3 -3 -3 -3 -3 -3 -3 -3 -3 -3 -3 -3 -3 -3 -2 -2 -2 -2 -2 -2 -2 -2 -2 -2 -2 -2 -2 -2 -2 -2 -2 -2 -2 -2 -2 -2 -2 -2 -2 -2 -2 -2 -2 -2 -2 -2 -2 -2 -2 -2 -2 -2 -2 -2 -2 -2 -2
-999 -999 -999 -999 -999 -999 -999 -999 -999 -999 -999 -999 -3 -3 -3 -3 -3 -3 -3 -3 -3 -3 -3 -3 -3 -3 -3 -3 -3 -3 -3 -3 -3 -3 -3 -3 -3 -3 -3 -3 -3 -3 -3 -3 -2 -2 -2 -2 -2 -2 -2 -2 -2 -2 -2 -2 -2 -2 -2 -2 -2 -2 -2 -2 -2 -2 -2 -2 -2 -2 -2 -2 -2 -2 -2 -2 -2 -2 -2 -2 -2 -2 -2 -2 -2
-999 -999 -999 -999 -999 -999 -999 -999 -999 -999 -999 -999 -3 -3 -3 -3 -3 -3 -3 -3 -3 -3 -3 -3 -3 -3 -3 -3 -3 -3 -3 -3 -3 -3 -3 -3 -3 -3 -3 -3 -3 -3 -3 -3 -3 -3 -2 -2 -2 -2 -2 -3 -2 -2 -2 -2 -2 -2 -2 -2 -2 -2 -2 -2 -2 -2 -2 -2 -2 -2 -2 -2 -2 -2 -2 -2 -2 -2 -2 -2 -2 -2 -2 -2 -2
-999 -999 -999 -999 -999 -999 -999 -999 -999 -999 -999 -999 -3 -3 -3 -3 -3 -3 -3 -3 -3 -3 -3 -3 -3 -3 -3 -3 -3 -3 -3 -3 -3 -3 -3 -3 -3 -3 -3 -3 -3 -3 -3 -3 -3 -3 -3 -3 -3 -3 -3 -3 -3 -3 -2 -2 -2 -2 -2 -2 -2 -2 -2 -2 -2 -2 -2 -2 -2 -2 -2 -2 -2 -2 -2 -2 -2 -2 -2 -2 -2 -2 -2 -2 -2
-999 -999 -999 -999 -999 -999 -999 -999 -999 -999 -999 -999 -3 -3 -3 -3 -3 -3 -3 -3 -3 -3 -3 -3 -3 -3 -3 -3 -3 -3 -3 -3 -3 -3 -3 -3 -3 -3 -3 -3 -3 -3 -3 -3 -3 -3 -3 -3 -3 -3 -3 -3 -3 -3 -3 -3 -2 -2 -2 -2 -2 -2 -2 -2 -2 -2 -2 -2 -2 -2 -2 -2 -2 -2 -2 -2 -2 -2 -2 -2 -2 -2 -2 -2 -2
-999 -999 -999 -999 -999 -999 -999 -999 -999 -999 -999 -999 -3 -3 -3 -3 -3 -3 -3 -3 -3 -3 -3 -3 -3 -3 -3 -3 -3 -3 -3 -3 -3 -3 -3 -3 -3 -3 -3 -3 -3 -3 -3 -3 -3 -3 -3 -3 -3 -3 -3 -3 -3 -3 -3 -3 -3 -3 -3 -2 -2 -2 -2 -2 -2 -2 -2 -2 -2 -2 -2 -2 -2 -2 -2 -2 -2 -2 -2 -2 -2 -2 -2 -2 -2
-999 -999 -999 -999 -999 -999 -999 -999 -999 -999 -999 -999 -3 -3 -3 -3 -4 -4 -3 -3 -3 -3 -3 -3 -3 -3 -3 -3 -3 -3 -3 -3 -3 -3 -3 -3 -3 -3 -3 -3 -3 -3 -3 -3 -3 -3 -3 -3 -3 -3 -3 -3 -3 -3 -3 -3 -3 -3 -3 -2 -2 -2 -2 -2 -2 -2 -2 -2 -2 -2 -2 -2 -2 -2 -2 -2 -2 -2 -2 -2 -2 -2 -2 -2 -2
-999 -999 -999 -999 -999 -999 -999 -999 -999 -999 -999 -999 -3 -3 -3 -4 -4 -4 -3 -3 -3 -3 -3 -3 -3 -3 -3 -3 -3 -3 -3 -3 -3 -3 -3 -3 -3 -3 -3 -3 -3 -3 -3 -3 -3 -3 -3 -3 -3 -3 -3 -3 -3 -3 -3 -3 -3 -3 -3 -2 -2 -2 -2 -2 -2 -2 -2 -2 -2 -2 -2 -2 -2 -2 -2 -2 -2 -2 -2 -2 -2 -2 -2 -2 -2
-999 -999 -999 -999 -999 -999 -999 -999 -999 -999 -999 -999 -3 -3 -4 -4 -4 -4 -3 -3 -3 -3 -3 -3 -3 -3 -3 -3 -3 -3 -3 -3 -3 -3 -3 -3 -3 -3 -3 -3 -3 -3 -3 -3 -3 -3 -3 -3 -3 -3 -3 -3 -3 -3 -3 -3 -3 -3 -3 -3 -3 -2 -2 -2 -2 -2 -2 -2 -2 -2 -2 -2 -2 -2 -2 -2 -2 -2 -2 -2 -2 -2 -2 -2 -2
-999 -999 -999 -999 -999 -999 -999 -999 -999 -999 -999 -999 -3 -4 -4 -4 -4 -4 -3 -3 -3 -3 -3 -3 -3 -3 -3 -3 -3 -3 -3 -3 -3 -3 -3 -3 -3 -3 -3 -3 -3 -3 -3 -3 -3 -3 -3 -3 -3 -3 -3 -3 -3 -3 -3 -3 -3 -3 -3 -3 -3 -2 -2 -2 -2 -2 -2 -2 -2 -2 -2 -2 -2 -2 -2 -2 -2 -2 -2 -2 -2 -2 -2 -2 -2
-999 -999 -999 -999 -999 -999 -999 -999 -999 -999 -999 -999 -3 -4 -4 -4 -4 -3 -3 -3 -3 -3 -3 -3 -3 -3 -3 -3 -3 -3 -3 -3 -3 -3 -3 -3 -3 -3 -3 -3 -3 -3 -3 -3 -3 -3 -3 -3 -3 -3 -3 -3 -3 -3 -3 -3 -3 -3 -3 -3 -3 -3 -3 -2 -2 -2 -2 -2 -2 -2 -2 -2 -2 -2 -2 -2 -2 -2 -2 -2 -2 -2 -2 -2 -2
-999 -999 -999 -999 -999 -999 -999 -999 -999 -999 -999 -999 -3 -4 -4 -4 -4 -3 -3 -3 -3 -3 -3 -3 -3 -3 -3 -3 -3 -3 -3 -3 -3 -3 -3 -3 -3 -3 -3 -3 -3 -3 -3 -3 -3 -3 -3 -3 -3 -3 -3 -3 -3 -3 -3 -3 -3 -3 -3 -3 -3 -3 -3 -2 -2 -2 -2 -2 -2 -2 -2 -2 -2 -2 -2 -2 -2 -2 -2 -2 -2 -2 -2 -2 -2
-999 -999 -999 -999 -999 -999 -999 -999 -999 -999 -999 -999 -4 -4 -4 -4 -4 -4 -4 -3 -3 -3 -3 -3 -3 -3 -3 -3 -3 -3 -3 -3 -3 -3 -3 -3 -3 -3 -3 -3 -3 -3 -3 -3 -3 -3 -3 -3 -3 -3 -3 -3 -3 -3 -3 -3 -3 -3 -3 -3 -3 -3 -3 -3 -2 -2 -2 -2 -2 -2 -2 -2 -2 -2 -2 -2 -2 -2 -2 -2 -2 -2 -2 -2 -2
-999 -999 -999 -999 -999 -999 -999 -999 -999 -999 -999 -999 -4 -4 -4 -4 -4 -4 -3 -3 -3 -3 -3 -3 -3 -3 -3 -3 -3 -3 -3 -3 -3 -3 -3 -3 -3 -3 -3 -3 -3 -3 -3 -3 -3 -3 -3 -3 -3 -3 -3 -3 -3 -3 -3 -3 -3 -3 -3 -3 -3 -3 -3 -3 -3 -2 -2 -2 -2 -2 -2 -2 -2 -2 -2 -2 -2 -2 -2 -2 -2 -2 -2 -2 -2
