-999 -999 -999 -999 -999 -999 -999 -999 -999 -999 -999 -999 -999 -999 -999 -999 -999 -999 -999 -999 -999 -999 -999 -999 -999 -999 -999 430 430 430 427 -999 -999 -999 -999 -999 -999 -999 -999 -999 -999 -999 -999 -999 -999 -999 -999 -999 -999 -999 -999 -999 -999 -999 -999 -999 -999 -999 -999 -999 -999 -999 -999 -999 -999 -999 -999 -999 -999 -999 -999 -999 -999 -999 -999 -999 -999 -999 -999 -999 -999 -999 -999 -999 -999
-999 -999 -999 -999 -999 -999 -999 -999 -999 -999 -999 -999 -999 -999 -999 -999 -999 -999 -999 -999 -999 -999 -999 -999 -999 -999 429 429 429 429 429 425 422 -999 -999 -999 -999 -999 -999 -999 -999 -999 -999 -999 -999 -999 -999 -999 -999 -999 -999 -999 -999 -999 -999 -999 -999 -999 -999 -999 -999 -999 -999 -999 -999 -999 -999 -999 -999 -999 -999 -999 -999 -999 -999 -999 -999 -999 -999 -999 -999 -999 -999 -999 -999
-999 -999 -999 -999 -999 -999 -999 -999 -999 -999 -999 -999 -999 -999 -999 -999 -999 -999 -999 -999 -999 -999 -999 -999 -999 -999 428 428 428 428 428 426 424 -999 -999 -999 -999 -999 -999 -999 -999 -999 -999 -999 -999 -999 -999 -999 -999 -999 -999 -999 -999 -999 -999 -999 -999 -999 -999 -999 -999 -999 -999 -999 -999 -999 -999 -999 -999 -999 -999 -999 -999 -999 -999 -999 -999 -999 -999 -999 -999 -999 -999 -999 -999
-999 -999 -999 -999 -999 -999 -999 -999 -999 -999 -999 -999 -999 -999 -999 -999 -999 -999 -999 -999 -999 -999 -999 -999 -999 424 425 422 426 426 427 426 425 419 -999 -999 -999 -999 -999 -999 -999 -999 -999 -999 -999 -999 -999 -999 -999 -999 -999 -999 -999 -999 -999 -999 -999 -999 -999 -999 -999 -999 -999 -999 -999 -999 -999 -999 -999 -999 -999 -999 -999 -999 -999 -999 -999 -999 -999 -999 -999 -999 -999 -999 -999
-999 -999 -999 -999 -999 -999 -999 -999 -999 -999 -999 -999 -999 -999 -999 -999 -999 -999 -999 -999 -999 -999 -999 416 416 418 422 420 424 424 424 424 423 422 417 -999 -999 -999 -999 -999 -999 -999 -999 -999 -999 -999 -999 -999 -999 -999 -999 -999 -999 -999 -999 -999 -999 -999 -999 -999 -999 -999 -999 -999 -999 -999 -999 -999 -999 -999 -999 -999 -999 -999 -999 -999 -999 -999 -999 -999 -999 -999 -999 -999 -999
-999 -999 -999 -999 -999 -999 -999 -999 -999 -999 -999 -999 -999 -999 -999 -999 -999 -999 -999 -999 -999 424 421 415 413 414 415 421 422 422 422 422 421 420 418 -999 -999 -999 -999 -999 -999 -999 -999 -999 -999 -999 -999 -999 -999 -999 -999 -999 -999 -999 -999 -999 -999 -999 -999 -999 -999 -999 -999 -999 -999 -999 -999 -999 -999 -999 -999 -999 -999 -999 -999 -999 -999 -999 -999 -999 -999 -999 -999 -999 -999
-999 -999 -999 -999 -999 -999 -999 -999 -999 -999 -999 -999 -999 -999 -999 -999 471 463 453 443 434 426 422 418 412 416 417 419 419 420 420 420 419 419 418 415 -999 -999 -999 -999 -999 -999 -999 -999 -999 -999 -999 -999 -999 -999 -999 -999 -999 -999 -999 -999 -999 -999 -999 -999 -999 -999 -999 -999 -999 -999 -999 -999 -999 -999 -999 -999 -999 -999 -999 -999 -999 -999 -999 -999 -999 -999 -999 -999 -999
-999 -999 -999 -999 -999 -999 -999 -999 -999 -999 -999 -999 -999 -999 -999 487 478 465 453 443 434 426 421 418 415 415 416 417 417 417 418 418 417 417 416 415 414 -999 -999 -999 -999 -999 -999 -999 -999 -999 -999 -999 -999 -999 -999 -999 -999 -999 -999 -999 -999 -999 -999 -999 -999 -999 -999 -999 -999 -999 -999 -999 -999 -999 -999 -999 -999 -999 -999 -999 -999 -999 -999 -999 -999 -999 -999 -999 -999
-999 -999 -999 -999 -999 -999 -999 -999 -999 -999 -999 -999 -999 -999 -999 489 478 464 452 442 433 425 419 416 413 414 414 414 414 413 415 415 415 415 415 414 413 -999 -999 -999 -999 -999 -999 -999 -999 -999 -999 -999 -999 -999 -999 -999 -999 -999 -999 -999 -999 -999 -999 -999 -999 -999 -999 -999 -999 -999 -999 -999 -999 -999 -999 -999 -999 -999 -999 -999 -999 -999 -999 -999 -999 -999 -999 -999 -999
-999 -999 -999 -999 -999 -999 -999 -999 -999 -999 -999 -999 -999 -999 -999 -999 462 459 449 440 432 424 418 414 413 412 412 408 410 411 412 412 412 413 412 412 411 -999 -999 -999 -999 -999 -999 -999 -999 -999 -999 -999 -999 -999 -999 -999 -999 -999 -999 -999 -999 -999 -999 -999 -999 -999 -999 -999 -999 -999 -999 -999 -999 -999 -999 -999 -999 -999 -999 -999 -999 -999 -999 -999 -999 -999 -999 -999 -999
-999 -999 -999 -999 -999 -999 -999 -999 -999 -999 -999 -999 -999 -999 -999 -999 461 459 448 439 431 422 416 413 411 410 409 409 408 408 409 409 410 410 410 409 408 407 -999 -999 -999 -999 -999 -999 -999 -999 -999 -999 -999 -999 -999 -999 -999 -999 -999 -999 -999 -999 -999 -999 -999 -999 -999 -999 -999 -999 -999 -999 -999 -999 -999 -999 -999 -999 -999 -999 -999 -999 -999 -999 -999 -999 -999 -999 -999
-999 -999 -999 -999 -999 -999 -999 -999 -999 -999 -999 -999 -999 -999 -999 -999 -999 458 457 439 430 421 414 411 409 407 406 406 404 404 405 406 406 407 407 407 407 406 -999 -999 -999 -999 -999 -999 -999 -999 -999 -999 -999 -999 -999 -999 -999 -999 -999 -999 -999 -999 -999 -999 -999 -999 -999 -999 -999 -999 -999 -999 -999 -999 -999 -999 -999 -999 -999 -999 -999 -999 -999 -999 -999 -999 -999 -999 -999
-999 -999 -999 -999 -999 -999 -999 -999 -999 -999 -999 -999 -999 -999 -999 -999 -999 459 458 455 430 419 412 408 406 402 403 403 403 402 403 403 404 404 405 405 405 405 404 -999 -999 -999 -999 -999 -999 -999 -999 -999 -999 -999 -999 -999 -999 -999 -999 -999 -999 -999 -999 -999 -999 -999 -999 -999 -999 -999 -999 -999 -999 -999 -999 -999 -999 -999 -999 -999 -999 -999 -999 -999 -999 -999 -999 -999 -999
-999 -999 -999 -999 -999 -999 -999 -999 -999 -999 -999 -999 -999 -999 -999 -999 -999 459 460 458 452 420 410 405 402 401 401 402 401 401 401 402 402 403 403 402 403 403 403 -999 -999 -999 -999 -999 -999 -999 -999 -999 -999 -999 -999 -999 -999 -999 -999 -999 -999 -999 -999 -999 -999 -999 -999 -999 -999 -999 -999 -999 -999 -999 -999 -999 -999 -999 -999 -999 -999 -999 -999 -999 -999 -999 -999 -999 -999
-999 -999 -999 -999 -999 -999 -999 -999 -999 -999 -999 -999 -999 -999 -999 -999 -999 -999 465 463 457 448 411 404 402 402 401 401 400 400 399 400 401 402 402 402 402 402 401 400 -999 -999 -999 -999 -999 -999 -999 -999 -999 -999 -999 -999 -999 -999 -999 -999 -999 -999 -999 -999 -999 -999 -999 -999 -999 -999 -999 -999 -999 -999 -999 -999 -999 -999 -999 -999 -999 -999 -999 -999 -999 -999 -999 -999 -999
-999 -999 -999 -999 -999 -999 -999 -999 -999 -999 -999 -999 -999 -999 -999 -999 -999 -999 472 469 462 453 442 404 401 401 401 401 400 400 400 401 401 402 401 401 401 401 400 399 398 -999 -999 -999 -999 -999 -999 -999 -999 -999 -999 -999 -999 -999 -999 -999 -999 -999 -999 -999 -999 -999 -999 -999 -999 -999 -999 -999 -999 -999 -999 -999 -999 -999 -999 -999 -999 -999 -999 -999 -999 -999 -999 -999 -999
-999 -999 -999 -999 -999 -999 -999 -999 -999 -999 -999 -999 -999 -999 -999 -999 -999 485 481 476 468 458 448 439 402 398 398 400 401 401 401 401 401 401 400 400 400 400 399 399 398 -999 -999 -999 -999 -999 -999 -999 -999 -999 -999 -999 -999 -999 -999 -999 -999 -999 -999 -999 -999 -999 -999 -999 -999 -999 -999 -999 -999 -999 -999 -999 -999 -999 -999 -999 -999 -999 -999 -999 -999 -999 -999 -999 -999
-999 -999 -999 -999 -999 -999 -999 -999 -999 -999 -999 -999 -999 -999 -999 -999 -999 488 486 482 474 464 455 448 404 402 402 399 400 401 401 401 400 400 400 400 400 399 398 397 396 -999 -999 -999 -999 -999 -999 -999 -999 -999 -999 -999 -999 -999 -999 -999 -999 -999 -999 -999 -999 -999 -999 -999 -999 -999 -999 -999 -999 -999 -999 -999 -999 -999 -999 -999 -999 -999 -999 -999 -999 -999 -999 -999 -999
-999 -999 -999 -999 -999 -999 -999 -999 -999 -999 -999 -999 -999 -999 -999 -999 -999 492 492 490 482 472 464 458 454 407 406 405 404 403 402 401 400 399 399 399 399 398 397 396 394 -999 -999 -999 -999 -999 -999 -999 -999 -999 -999 -999 -999 -999 -999 -999 -999 -999 -999 -999 -999 -999 -999 -999 -999 -999 -999 -999 -999 -999 -999 -999 -999 -999 -999 -999 -999 -999 -999 -999 -999 -999 -999 -999 -999
-999 -999 -999 -999 -999 -999 -999 -999 -999 -999 -999 -999 -999 -999 -999 -999 -999 501 502 499 491 480 471 465 461 457 415 413 410 408 404 401 400 399 399 399 398 397 395 394 392 -999 -999 -999 -999 -999 -999 -999 -999 -999 -999 -999 -999 -999 -999 -999 -999 -999 -999 -999 -999 -999 -999 -999 -999 -999 -999 -999 -999 -999 -999 -999 -999 -999 -999 -999 -999 -999 -999 -999 -999 -999 -999 -999 -999
-999 -999 -999 -999 -999 -999 -999 -999 -999 -999 -999 -999 -999 -999 -999 -999 519 517 514 507 497 486 477 470 465 461 458 426 419 414 410 403 400 399 399 398 397 395 394 391 389 -999 -999 -999 -999 -999 -999 -999 -999 -999 -999 -999 -999 -999 -999 -999 -999 -999 -999 -999 -999 -999 -999 -999 -999 -999 -999 -999 -999 -999 -999 -999 -999 -999 -999 -999 -999 -999 -999 -999 -999 -999 -999 -999 -999
-999 -999 -999 -999 -999 -999 -999 -999 -999 -999 -999 -999 -999 -999 -999 -999 524 524 519 511 500 488 479 473 468 464 460 457 431 419 409 403 400 399 398 397 395 393 391 388 385 -999 -999 -999 -999 -999 -999 -999 -999 -999 -999 -999 -999 -999 -999 -999 -999 -999 -999 -999 -999 -999 -999 -999 -999 -999 -999 -999 -999 -999 -999 -999 -999 -999 -999 -999 -999 -999 -999 -999 -999 -999 -999 -999 -999
-999 -999 -999 -999 -999 -999 -999 -999 -999 -999 -999 -999 -999 -999 -999 -999 523 523 519 511 501 490 481 475 470 466 462 458 441 424 408 402 400 399 397 396 394 391 388 385 380 -999 -999 -999 -999 -999 -999 -999 -999 -999 -999 -999 -999 -999 -999 -999 -999 -999 -999 -999 -999 -999 -999 -999 -999 -999 -999 -999 -999 -999 -999 -999 -999 -999 -999 -999 -999 -999 -999 -999 -999 -999 -999 -999 -999
-999 -999 -999 -999 -999 -999 -999 -999 -999 -999 -999 -999 -999 -999 -999 519 522 520 517 510 501 491 482 475 471 467 462 458 454 432 413 403 399 398 397 395 392 389 385 381 375 -999 -999 -999 -999 -999 -999 -999 -999 -999 -999 -999 -999 -999 -999 -999 -999 -999 -999 -999 -999 -999 -999 -999 -999 -999 -999 -999 -999 -999 -999 -999 -999 -999 -999 -999 -999 -999 -999 -999 -999 -999 -999 -999 -999
-999 -999 -999 -999 -999 -999 -999 -999 -999 -999 -999 -999 -999 -999 -999 519 520 519 515 509 501 491 482 476 472 468 462 457 453 436 416 404 398 397 395 393 390 386 382 378 373 364 -999 -999 -999 -999 -999 -999 -999 -999 -999 -999 -999 -999 -999 -999 -999 -999 -999 -999 -999 -999 -999 -999 -999 -999 -999 -999 -999 -999 -999 -999 -999 -999 -999 -999 -999 -999 -999 -999 -999 -999 -999 -999 -999
-999 -999 -999 -999 -999 -999 -999 -999 -999 -999 -999 -999 -999 -999 -999 518 519 518 514 508 501 492 484 477 472 467 462 455 448 441 417 401 394 394 393 391 387 382 379 375 369 362 -999 -999 -999 -999 -999 -999 -999 -999 -999 -999 -999 -999 -999 -999 -999 -999 -999 -999 -999 -999 -999 -999 -999 -999 -999 -999 -999 -999 -999 -999 -999 -999 -999 -999 -999 -999 -999 -999 -999 -999 -999 -999 -999
-999 -999 -999 -999 -999 -999 -999 -999 -999 -999 -999 -999 -999 -999 -999 516 517 516 512 507 501 494 486 479 473 467 460 452 444 437 413 395 390 392 391 389 385 379 375 370 364 357 -999 -999 -999 -999 -999 -999 -999 -999 -999 -999 -999 -999 -999 -999 -999 -999 -999 -999 -999 -999 -999 -999 -999 -999 -999 -999 -999 -999 -999 -999 -999 -999 -999 -999 -999 -999 -999 -999 -999 -999 -999 -999 -999
-999 -999 -999 -999 -999 -999 -999 -999 -999 -999 -999 -999 -999 -999 -999 511 513 512 509 506 500 494 488 481 473 465 456 446 435 423 406 386 384 388 389 386 382 376 370 366 360 355 355 -999 -999 -999 -999 -999 -999 -999 -999 -999 -999 -999 -999 -999 -999 -999 -999 -999 -999 -999 -999 -999 -999 -999 -999 -999 -999 -999 -999 -999 -999 -999 -999 -999 -999 -999 -999 -999 -999 -999 -999 -999 -999
-999 -999 -999 -999 -999 -999 -999 -999 -999 -999 -999 -999 -999 -999 491 500 506 505 504 501 497 492 488 481 473 462 450 438 424 409 387 382 365 379 386 384 378 371 368 365 363 362 359 -999 -999 -999 -999 -999 -999 -999 -999 -999 -999 -999 -999 -999 -999 -999 -999 -999 -999 -999 -999 -999 -999 -999 -999 -999 -999 -999 -999 -999 -999 -999 -999 -999 -999 -999 -999 -999 -999 -999 -999 -999 -999
-999 -999 -999 -999 -999 -999 -999 -999 -999 -999 -999 -999 -999 -999 484 488 492 493 493 491 488 485 482 477 469 457 444 429 413 399 384 381 364 368 383 381 376 368 366 366 365 366 362 -999 -999 -999 -999 -999 -999 -999 -999 -999 -999 -999 -999 -999 -999 -999 -999 -999 -999 -999 -999 -999 -999 -999 -999 -999 -999 -999 -999 -999 -999 -999 -999 -999 -999 -999 -999 -999 -999 -999 -999 -999 -999
-999 -999 -999 -999 -999 -999 -999 -999 -999 -999 -999 -999 -999 -999 471 473 475 476 478 475 473 470 468 466 459 449 435 420 405 396 394 382 381 380 383 380 374 366 365 367 367 369 364 -999 -999 -999 -999 -999 -999 -999 -999 -999 -999 -999 -999 -999 -999 -999 -999 -999 -999 -999 -999 -999 -999 -999 -999 -999 -999 -999 -999 -999 -999 -999 -999 -999 -999 -999 -999 -999 -999 -999 -999 -999 -999
-999 -999 -999 -999 -999 -999 -999 -999 -999 -999 -999 -999 -999 -999 455 455 455 455 455 455 453 449 447 446 429 437 426 411 397 389 387 383 382 383 383 379 372 364 364 366 371 371 367 -999 -999 -999 -999 -999 -999 -999 -999 -999 -999 -999 -999 -999 -999 -999 -999 -999 -999 -999 -999 -999 -999 -999 -999 -999 -999 -999 -999 -999 -999 -999 -999 -999 -999 -999 -999 -999 -999 -999 -999 -999 -999
-999 -999 -999 -999 -999 -999 -999 -999 -999 -999 -999 -999 -999 -999 439 439 438 437 437 436 434 432 431 428 418 425 416 403 391 383 384 383 383 383 385 378 371 360 362 366 373 374 370 -999 -999 -999 -999 -999 -999 -999 -999 -999 -999 -999 -999 -999 -999 -999 -999 -999 -999 -999 -999 -999 -999 -999 -999 -999 -999 -999 -999 -999 -999 -999 -999 -999 -999 -999 -999 -999 -999 -999 -999 -999 -999
-999 -999 -999 -999 -999 -999 -999 -999 -999 -999 -999 -999 -999 -999 426 425 425 424 423 423 421 418 416 416 415 415 406 395 385 375 381 382 383 384 385 386 383 355 360 370 374 375 372 -999 -999 -999 -999 -999 -999 -999 -999 -999 -999 -999 -999 -999 -999 -999 -999 -999 -999 -999 -999 -999 -999 -999 -999 -999 -999 -999 -999 -999 -999 -999 -999 -999 -999 -999 -999 -999 -999 -999 -999 -999 -999
-999 -999 -999 -999 -999 -999 -999 -999 -999 -999 -999 -999 -999 -999 417 415 414 413 413 412 411 408 405 406 408 408 400 389 378 369 378 381 383 384 385 386 385 381 362 373 376 377 374 -999 -999 -999 -999 -999 -999 -999 -999 -999 -999 -999 -999 -999 -999 -999 -999 -999 -999 -999 -999 -999 -999 -999 -999 -999 -999 -999 -999 -999 -999 -999 -999 -999 -999 -999 -999 -999 -999 -999 -999 -999 -999
-999 -999 -999 -999 -999 -999 -999 -999 -999 -999 -999 -999 -999 -999 410 407 405 404 404 403 402 400 398 399 402 401 394 380 366 366 376 380 382 384 385 386 386 384 382 376 377 377 376 -999 -999 -999 -999 -999 -999 -999 -999 -999 -999 -999 -999 -999 -999 -999 -999 -999 -999 -999 -999 -999 -999 -999 -999 -999 -999 -999 -999 -999 -999 -999 -999 -999 -999 -999 -999 -999 -999 -999 -999 -999 -999
-999 -999 -999 -999 -999 -999 -999 -999 -999 -999 -999 -999 -999 -999 -999 399 399 398 397 397 395 393 391 392 396 396 387 373 356 369 375 379 381 383 384 386 386 384 382 380 376 376 376 -999 -999 -999 -999 -999 -999 -999 -999 -999 -999 -999 -999 -999 -999 -999 -999 -999 -999 -999 -999 -999 -999 -999 -999 -999 -999 -999 -999 -999 -999 -999 -999 -999 -999 -999 -999 -999 -999 -999 -999 -999 -999
-999 -999 -999 -999 -999 -999 -999 -999 -999 -999 -999 -999 -999 -999 -999 395 394 394 393 392 390 387 385 386 392 392 381 367 352 368 374 377 379 382 383 384 384 383 381 379 375 374 375 -999 -999 -999 -999 -999 -999 -999 -999 -999 -999 -999 -999 -999 -999 -999 -999 -999 -999 -999 -999 -999 -999 -999 -999 -999 -999 -999 -999 -999 -999 -999 -999 -999 -999 -999 -999 -999 -999 -999 -999 -999 -999
-999 -999 -999 -999 -999 -999 -999 -999 -999 -999 -999 -999 -999 -999 -999 393 392 391 390 388 385 381 378 379 384 383 372 359 349 367 374 377 378 380 382 383 383 382 379 377 374 369 373 -999 -999 -999 -999 -999 -999 -999 -999 -999 -999 -999 -999 -999 -999 -999 -999 -999 -999 -999 -999 -999 -999 -999 -999 -999 -999 -999 -999 -999 -999 -999 -999 -999 -999 -999 -999 -999 -999 -999 -999 -999 -999
-999 -999 -999 -999 -999 -999 -999 -999 -999 -999 -999 -999 -999 -999 -999 -999 389 388 386 383 379 374 370 369 371 369 359 345 346 366 373 376 377 379 380 381 381 378 376 374 371 369 374 -999 -999 -999 -999 -999 -999 -999 -999 -999 -999 -999 -999 -999 -999 -999 -999 -999 -999 -999 -999 -999 -999 -999 -999 -999 -999 -999 -999 -999 -999 -999 -999 -999 -999 -999 -999 -999 -999 -999 -999 -999 -999
-999 -999 -999 -999 -999 -999 -999 -999 -999 -999 -999 -999 -999 -999 -999 -999 387 385 382 377 372 366 361 359 358 354 342 337 355 366 372 375 376 377 378 377 376 373 371 369 366 364 -999 -999 -999 -999 -999 -999 -999 -999 -999 -999 -999 -999 -999 -999 -999 -999 -999 -999 -999 -999 -999 -999 -999 -999 -999 -999 -999 -999 -999 -999 -999 -999 -999 -999 -999 -999 -999 -999 -999 -999 -999 -999 -999
-999 -999 -999 -999 -999 -999 -999 -999 -999 -999 -999 -999 -999 -999 -999 -999 -999 380 376 370 364 358 352 349 347 345 340 346 358 366 371 373 374 374 374 372 369 366 364 362 360 358 -999 -999 -999 -999 -999 -999 -999 -999 -999 -999 -999 -999 -999 -999 -999 -999 -999 -999 -999 -999 -999 -999 -999 -999 -999 -999 -999 -999 -999 -999 -999 -999 -999 -999 -999 -999 -999 -999 -999 -999 -999 -999 -999
-999 -999 -999 -999 -999 -999 -999 -999 -999 -999 -999 -999 -999 -999 -999 -999 -999 -999 368 361 355 349 344 340 339 337 333 347 358 365 369 371 371 370 369 365 361 359 357 356 354 351 346 -999 -999 -999 -999 -999 -999 -999 -999 -999 -999 -999 -999 -999 -999 -999 -999 -999 -999 -999 -999 -999 -999 -999 -999 -999 -999 -999 -999 -999 -999 -999 -999 -999 -999 -999 -999 -999 -999 -999 -999 -999 -999
-999 -999 -999 -999 -999 -999 -999 -999 -999 -999 -999 -999 -999 -999 -999 -999 -999 -999 -999 350 346 341 337 333 332 331 330 346 357 364 367 368 368 366 364 360 355 353 352 350 349 347 343 339 -999 -999 -999 -999 -999 -999 -999 -999 -999 -999 -999 -999 -999 -999 -999 -999 -999 -999 -999 -999 -999 -999 -999 -999 -999 -999 -999 -999 -999 -999 -999 -999 -999 -999 -999 -999 -999 -999 -999 -999 -999
-999 -999 -999 -999 -999 -999 -999 -999 -999 -999 -999 -999 -999 -999 -999 -999 -999 -999 -999 344 338 334 330 327 324 323 329 345 356 362 365 366 365 363 360 356 352 349 348 347 346 344 340 337 336 -999 -999 -999 -999 -999 -999 -999 -999 -999 -999 -999 -999 -999 -999 -999 -999 -999 -999 -999 -999 -999 -999 -999 -999 -999 -999 -999 -999 -999 -999 -999 -999 -999 -999 -999 -999 -999 -999 -999 -999
-999 -999 -999 -999 -999 -999 -999 -999 -999 -999 -999 -999 -999 -999 -999 -999 -999 -999 -999 -999 329 327 324 322 320 324 333 345 355 361 364 364 363 361 358 353 350 347 346 345 343 341 339 337 337 335 -999 -999 -999 -999 -999 -999 -999 -999 -999 -999 -999 -999 -999 -999 -999 -999 -999 -999 -999 -999 -999 -999 -999 -999 -999 -999 -999 -999 -999 -999 -999 -999 -999 -999 -999 -999 -999 -999 -999
-999 -999 -999 -999 -999 -999 -999 -999 -999 -999 -999 -999 -999 -999 -999 -999 -999 -999 -999 -999 324 322 320 317 316 323 334 345 354 360 363 363 362 359 356 352 348 346 344 342 340 339 338 337 338 338 339 340 -999 -999 -999 -999 -999 -999 -999 -999 -999 -999 -999 -999 -999 -999 -999 -999 -999 -999 -999 -999 -999 -999 -999 -999 -999 -999 -999 -999 -999 -999 -999 -999 -999 -999 -999 -999 -999
-999 -999 -999 -999 -999 -999 -999 -999 -999 -999 -999 -999 -999 -999 -999 -999 -999 -999 -999 -999 319 318 315 311 311 322 333 344 353 359 361 362 360 358 354 350 346 343 341 338 337 336 336 337 338 340 341 340 -999 -999 -999 -999 -999 -999 -999 -999 -999 -999 -999 -999 -999 -999 -999 -999 -999 -999 -999 -999 -999 -999 -999 -999 -999 -999 -999 -999 -999 -999 -999 -999 -999 -999 -999 -999 -999
-999 -999 -999 -999 -999 -999 -999 -999 -999 -999 -999 -999 -999 -999 -999 -999 -999 -999 -999 -999 316 315 311 304 310 320 331 341 351 357 360 360 358 355 352 347 343 339 336 332 332 332 333 334 337 339 339 339 -999 -999 -999 -999 -999 -999 -999 -999 -999 -999 -999 -999 -999 -999 -999 -999 -999 -999 -999 -999 -999 -999 -999 -999 -999 -999 -999 -999 -999 -999 -999 -999 -999 -999 -999 -999 -999
-999 -999 -999 -999 -999 -999 -999 -999 -999 -999 -999 -999 -999 -999 -999 -999 -999 -999 -999 -999 314 313 308 301 307 316 327 338 347 354 357 357 356 352 348 344 338 334 331 328 327 327 328 331 332 335 337 336 -999 -999 -999 -999 -999 -999 -999 -999 -999 -999 -999 -999 -999 -999 -999 -999 -999 -999 -999 -999 -999 -999 -999 -999 -999 -999 -999 -999 -999 -999 -999 -999 -999 -999 -999 -999 -999
-999 -999 -999 -999 -999 -999 -999 -999 -999 -999 -999 -999 -999 -999 -999 -999 -999 -999 -999 -999 312 311 306 296 302 312 322 332 341 347 351 352 350 348 344 339 333 328 324 322 321 321 323 321 324 329 332 332 -999 -999 -999 -999 -999 -999 -999 -999 -999 -999 -999 -999 -999 -999 -999 -999 -999 -999 -999 -999 -999 -999 -999 -999 -999 -999 -999 -999 -999 -999 -999 -999 -999 -999 -999 -999 -999
-999 -999 -999 -999 -999 -999 -999 -999 -999 -999 -999 -999 -999 -999 -999 -999 -999 -999 -999 -999 310 308 304 292 297 305 315 324 332 338 342 343 343 341 337 332 326 321 317 315 314 314 315 311 313 322 326 327 -999 -999 -999 -999 -999 -999 -999 -999 -999 -999 -999 -999 -999 -999 -999 -999 -999 -999 -999 -999 -999 -999 -999 -999 -999 -999 -999 -999 -999 -999 -999 -999 -999 -999 -999 -999 -999
-999 -999 -999 -999 -999 -999 -999 -999 -999 -999 -999 -999 -999 -999 -999 -999 -999 -999 -999 -999 309 307 303 296 290 298 306 314 321 326 331 334 334 333 329 325 319 313 310 308 308 308 308 308 310 315 318 319 -999 -999 -999 -999 -999 -999 -999 -999 -999 -999 -999 -999 -999 -999 -999 -999 -999 -999 -999 -999 -999 -999 -999 -999 -999 -999 -999 -999 -999 -999 -999 -999 -999 -999 -999 -999 -999
-999 -999 -999 -999 -999 -999 -999 -999 -999 -999 -999 -999 -999 -999 -999 -999 -999 -999 -999 -999 307 306 302 298 289 291 298 303 308 313 318 322 324 323 321 317 312 307 304 302 301 300 300 301 303 306 309 311 -999 -999 -999 -999 -999 -999 -999 -999 -999 -999 -999 -999 -999 -999 -999 -999 -999 -999 -999 -999 -999 -999 -999 -999 -999 -999 -999 -999 -999 -999 -999 -999 -999 -999 -999 -999 -999
-999 -999 -999 -999 -999 -999 -999 -999 -999 -999 -999 -999 -999 -999 -999 -999 -999 -999 -999 -999 305 304 301 298 293 286 290 294 297 300 304 308 311 312 311 308 304 300 296 293 293 293 293 294 295 297 300 305 -999 -999 -999 -999 -999 -999 -999 -999 -999 -999 -999 -999 -999 -999 -999 -999 -999 -999 -999 -999 -999 -999 -999 -999 -999 -999 -999 -999 -999 -999 -999 -999 -999 -999 -999 -999 -999
-999 -999 -999 -999 -999 -999 -999 -999 -999 -999 -999 -999 -999 -999 -999 -999 -999 -999 -999 -999 304 303 301 298 294 287 286 286 287 288 291 295 299 301 301 299 296 291 285 286 287 287 287 288 288 289 290 -999 -999 -999 -999 -999 -999 -999 -999 -999 -999 -999 -999 -999 -999 -999 -999 -999 -999 -999 -999 -999 -999 -999 -999 -999 -999 -999 -999 -999 -999 -999 -999 -999 -999 -999 -999 -999 -999
-999 -999 -999 -999 -999 -999 -999 -999 -999 -999 -999 -999 -999 -999 -999 -999 -999 -999 -999 -999 303 302 301 299 294 290 284 280 278 277 278 283 287 291 291 291 288 284 278 280 281 282 282 282 283 283 284 -999 -999 -999 -999 -999 -999 -999 -999 -999 -999 -999 -999 -999 -999 -999 -999 -999 -999 -999 -999 -999 -999 -999 -999 -999 -999 -999 -999 -999 -999 -999 -999 -999 -999 -999 -999 -999 -999
-999 -999 -999 -999 -999 -999 -999 -999 -999 -999 -999 -999 -999 -999 -999 -999 -999 -999 -999 303 302 301 300 299 295 291 287 281 275 267 266 273 278 281 282 282 280 278 276 277 278 278 278 278 278 279 281 -999 -999 -999 -999 -999 -999 -999 -999 -999 -999 -999 -999 -999 -999 -999 -999 -999 -999 -999 -999 -999 -999 -999 -999 -999 -999 -999 -999 -999 -999 -999 -999 -999 -999 -999 -999 -999 -999
-999 -999 -999 -999 -999 -999 -999 -999 -999 -999 -999 -999 -999 -999 -999 -999 -999 -999 -999 303 302 301 300 298 296 291 287 282 273 265 263 267 270 272 274 274 273 272 273 274 274 275 275 275 275 275 -999 -999 -999 -999 -999 -999 -999 -999 -999 -999 -999 -999 -999 -999 -999 -999 -999 -999 -999 -999 -999 -999 -999 -999 -999 -999 -999 -999 -999 -999 -999 -999 -999 -999 -999 -999 -999 -999 -999
-999 -999 -999 -999 -999 -999 -999 -999 -999 -999 -999 -999 -999 -999 -999 -999 -999 -999 -999 303 303 301 300 298 296 290 286 281 274 264 263 263 265 265 266 265 265 265 268 270 272 272 273 273 273 273 -999 -999 -999 -999 -999 -999 -999 -999 -999 -999 -999 -999 -999 -999 -999 -999 -999 -999 -999 -999 -999 -999 -999 -999 -999 -999 -999 -999 -999 -999 -999 -999 -999 -999 -999 -999 -999 -999 -999
-999 -999 -999 -999 -999 -999 -999 -999 -999 -999 -999 -999 -999 -999 -999 -999 -999 -999 305 304 303 302 300 298 296 289 285 279 272 263 259 259 259 259 258 256 258 261 265 267 269 270 270 271 272 272 -999 -999 -999 -999 -999 -999 -999 -999 -999 -999 -999 -999 -999 -999 -999 -999 -999 -999 -999 -999 -999 -999 -999 -999 -999 -999 -999 -999 -999 -999 -999 -999 -999 -999 -999 -999 -999 -999 -999
-999 -999 -999 -999 -999 -999 -999 -999 -999 -999 -999 -999 -999 -999 -999 -999 -999 -999 305 305 304 302 301 299 296 287 282 277 270 261 255 254 253 252 250 249 254 258 262 265 267 268 269 269 270 271 -999 -999 -999 -999 -999 -999 -999 -999 -999 -999 -999 -999 -999 -999 -999 -999 -999 -999 -999 -999 -999 -999 -999 -999 -999 -999 -999 -999 -999 -999 -999 -999 -999 -999 -999 -999 -999 -999 -999
-999 -999 -999 -999 -999 -999 -999 -999 -999 -999 -999 -999 -999 -999 -999 -999 -999 306 306 305 304 303 302 300 297 292 278 274 269 262 255 250 248 246 243 247 251 255 259 262 264 266 267 267 268 -999 -999 -999 -999 -999 -999 -999 -999 -999 -999 -999 -999 -999 -999 -999 -999 -999 -999 -999 -999 -999 -999 -999 -999 -999 -999 -999 -999 -999 -999 -999 -999 -999 -999 -999 -999 -999 -999 -999 -999
-999 -999 -999 -999 -999 -999 -999 -999 -999 -999 -999 -999 -999 -999 -999 -999 306 306 306 305 305 304 303 301 298 293 275 271 267 261 254 246 243 241 240 245 249 253 256 259 262 264 265 265 265 -999 -999 -999 -999 -999 -999 -999 -999 -999 -999 -999 -999 -999 -999 -999 -999 -999 -999 -999 -999 -999 -999 -999 -999 -999 -999 -999 -999 -999 -999 -999 -999 -999 -999 -999 -999 -999 -999 -999 -999
-999 -999 -999 -999 -999 -999 -999 -999 -999 -999 -999 -999 -999 -999 -999 -999 306 306 306 306 305 305 304 302 299 294 273 268 264 259 253 245 239 237 240 244 248 251 254 257 260 262 263 263 263 -999 -999 -999 -999 -999 -999 -999 -999 -999 -999 -999 -999 -999 -999 -999 -999 -999 -999 -999 -999 -999 -999 -999 -999 -999 -999 -999 -999 -999 -999 -999 -999 -999 -999 -999 -999 -999 -999 -999 -999
-999 -999 -999 -999 -999 -999 -999 -999 -999 -999 -999 -999 -999 -999 -999 -999 306 306 306 306 306 305 305 303 300 294 285 264 261 257 251 245 238 235 238 242 246 250 253 255 258 260 261 261 260 -999 -999 -999 -999 -999 -999 -999 -999 -999 -999 -999 -999 -999 -999 -999 -999 -999 -999 -999 -999 -999 -999 -999 -999 -999 -999 -999 -999 -999 -999 -999 -999 -999 -999 -999 -999 -999 -999 -999 -999
-999 -999 -999 -999 -999 -999 -999 -999 -999 -999 -999 -999 -999 -999 -999 -999 306 306 306 306 306 305 305 304 301 295 287 261 258 254 249 243 235 235 238 241 245 249 252 254 256 258 260 260 258 -999 -999 -999 -999 -999 -999 -999 -999 -999 -999 -999 -999 -999 -999 -999 -999 -999 -999 -999 -999 -999 -999 -999 -999 -999 -999 -999 -999 -999 -999 -999 -999 -999 -999 -999 -999 -999 -999 -999 -999
-999 -999 -999 -999 -999 -999 -999 -999 -999 -999 -999 -999 -999 -999 -999 -999 306 306 306 306 305 305 304 303 301 297 289 258 255 251 246 239 231 232 236 240 244 247 251 253 255 258 259 259 -999 -999 -999 -999 -999 -999 -999 -999 -999 -999 -999 -999 -999 -999 -999 -999 -999 -999 -999 -999 -999 -999 -999 -999 -999 -999 -999 -999 -999 -999 -999 -999 -999 -999 -999 -999 -999 -999 -999 -999 -999
-999 -999 -999 -999 -999 -999 -999 -999 -999 -999 -999 -999 -999 -999 -999 -999 306 306 306 305 305 304 303 302 300 297 290 257 253 248 242 235 226 230 234 238 242 246 249 252 255 257 258 258 -999 -999 -999 -999 -999 -999 -999 -999 -999 -999 -999 -999 -999 -999 -999 -999 -999 -999 -999 -999 -999 -999 -999 -999 -999 -999 -999 -999 -999 -999 -999 -999 -999 -999 -999 -999 -999 -999 -999 -999 -999
-999 -999 -999 -999 -999 -999 -999 -999 -999 -999 -999 -999 -999 -999 -999 -999 -999 306 305 305 304 303 302 300 299 296 291 281 249 244 238 230 226 228 232 235 240 244 247 251 254 256 257 258 257 -999 -999 -999 -999 -999 -999 -999 -999 -999 -999 -999 -999 -999 -999 -999 -999 -999 -999 -999 -999 -999 -999 -999 -999 -999 -999 -999 -999 -999 -999 -999 -999 -999 -999 -999 -999 -999 -999 -999 -999
-999 -999 -999 -999 -999 -999 -999 -999 -999 -999 -999 -999 -999 -999 -999 -999 -999 -999 305 305 303 302 300 299 297 295 291 284 246 241 233 221 223 225 228 232 236 241 245 249 252 254 256 256 256 -999 -999 -999 -999 -999 -999 -999 -999 -999 -999 -999 -999 -999 -999 -999 -999 -999 -999 -999 -999 -999 -999 -999 -999 -999 -999 -999 -999 -999 -999 -999 -999 -999 -999 -999 -999 -999 -999 -999 -999
-999 -999 -999 -999 -999 -999 -999 -999 -999 -999 -999 -999 -999 -999 -999 -999 -999 -999 -999 -999 302 301 299 297 295 294 291 284 243 237 228 216 218 221 224 228 232 236 241 246 249 252 253 253 255 -999 -999 -999 -999 -999 -999 -999 -999 -999 -999 -999 -999 -999 -999 -999 -999 -999 -999 -999 -999 -999 -999 -999 -999 -999 -999 -999 -999 -999 -999 -999 -999 -999 -999 -999 -999 -999 -999 -999 -999
-999 -999 -999 -999 -999 -999 -999 -999 -999 -999 -999 -999 -999 -999 -999 -999 -999 -999 -999 -999 -999 -999 297 295 294 293 290 284 242 234 225 214 213 214 217 221 226 231 236 241 245 248 250 252 253 -999 -999 -999 -999 -999 -999 -999 -999 -999 -999 -999 -999 -999 -999 -999 -999 -999 -999 -999 -999 -999 -999 -999 -999 -999 -999 -999 -999 -999 -999 -999 -999 -999 -999 -999 -999 -999 -999 -999 -999
-999 -999 -999 -999 -999 -999 -999 -999 -999 -999 -999 -999 -999 -999 -999 -999 -999 -999 -999 -999 -999 -999 -999 294 293 292 290 284 241 231 221 208 205 205 208 212 217 223 228 234 239 243 245 247 251 -999 -999 -999 -999 -999 -999 -999 -999 -999 -999 -999 -999 -999 -999 -999 -999 -999 -999 -999 -999 -999 -999 -999 -999 -999 -999 -999 -999 -999 -999 -999 -999 -999 -999 -999 -999 -999 -999 -999 -999
-999 -999 -999 -999 -999 -999 -999 -999 -999 -999 -999 -999 -999 -999 -999 -999 -999 -999 -999 -999 -999 -999 -999 293 292 291 289 283 270 228 217 198 195 192 194 200 207 213 219 225 231 235 238 237 -999 -999 -999 -999 -999 -999 -999 -999 -999 -999 -999 -999 -999 -999 -999 -999 -999 -999 -999 -999 -999 -999 -999 -999 -999 -999 -999 -999 -999 -999 -999 -999 -999 -999 -999 -999 -999 -999 -999 -999 -999
-999 -999 -999 -999 -999 -999 -999 -999 -999 -999 -999 -999 -999 -999 -999 -999 -999 -999 -999 -999 -999 -999 -999 -999 290 288 286 281 271 226 217 206 197 187 175 187 195 201 207 213 220 225 230 232 -999 -999 -999 -999 -999 -999 -999 -999 -999 -999 -999 -999 -999 -999 -999 -999 -999 -999 -999 -999 -999 -999 -999 -999 -999 -999 -999 -999 -999 -999 -999 -999 -999 -999 -999 -999 -999 -999 -999 -999 -999
-999 -999 -999 -999 -999 -999 -999 -999 -999 -999 -999 -999 -999 -999 -999 -999 -999 -999 -999 -999 -999 -999 -999 -999 288 283 280 276 267 223 216 208 200 189 175 178 184 189 194 200 207 214 219 227 -999 -999 -999 -999 -999 -999 -999 -999 -999 -999 -999 -999 -999 -999 -999 -999 -999 -999 -999 -999 -999 -999 -999 -999 -999 -999 -999 -999 -999 -999 -999 -999 -999 -999 -999 -999 -999 -999 -999 -999 -999
-999 -999 -999 -999 -999 -999 -999 -999 -999 -999 -999 -999 -999 -999 -999 -999 -999 -999 -999 -999 -999 -999 -999 -999 -999 271 269 266 259 219 213 206 200 191 176 170 174 177 180 185 191 198 203 -999 -999 -999 -999 -999 -999 -999 -999 -999 -999 -999 -999 -999 -999 -999 -999 -999 -999 -999 -999 -999 -999 -999 -999 -999 -999 -999 -999 -999 -999 -999 -999 -999 -999 -999 -999 -999 -999 -999 -999 -999 -999
-999 -999 -999 -999 -999 -999 -999 -999 -999 -999 -999 -999 -999 -999 -999 -999 -999 -999 -999 -999 -999 -999 -999 -999 -999 256 254 252 247 215 208 203 198 191 181 167 164 166 167 169 176 182 187 -999 -999 -999 -999 -999 -999 -999 -999 -999 -999 -999 -999 -999 -999 -999 -999 -999 -999 -999 -999 -999 -999 -999 -999 -999 -999 -999 -999 -999 -999 -999 -999 -999 -999 -999 -999 -999 -999 -999 -999 -999 -999
-999 -999 -999 -999 -999 -999 -999 -999 -999 -999 -999 -999 -999 -999 -999 -999 -999 -999 -999 -999 -999 -999 -999 -999 -999 237 236 234 229 219 201 198 195 190 182 170 159 158 155 156 161 166 174 -999 -999 -999 -999 -999 -999 -999 -999 -999 -999 -999 -999 -999 -999 -999 -999 -999 -999 -999 -999 -999 -999 -999 -999 -999 -999 -999 -999 -999 -999 -999 -999 -999 -999 -999 -999 -999 -999 -999 -999 -999 -999
-999 -999 -999 -999 -999 -999 -999 -999 -999 -999 -999 -999 -999 -999 -999 -999 -999 -999 -999 -999 -999 -999 -999 -999 -999 216 216 214 211 206 196 194 191 187 180 171 161 152 147 146 149 153 164 168 -999 -999 -999 -999 -999 -999 -999 -999 -999 -999 -999 -999 -999 -999 -999 -999 -999 -999 -999 -999 -999 -999 -999 -999 -999 -999 -999 -999 -999 -999 -999 -999 -999 -999 -999 -999 -999 -999 -999 -999 -999
-999 -999 -999 -999 -999 -999 -999 -999 -999 -999 -999 -999 -999 -999 -999 -999 -999 -999 -999 -999 -999 -999 -999 -999 -999 199 197 195 192 190 190 189 186 182 175 167 157 146 139 139 142 148 158 166 -999 -999 -999 -999 -999 -999 -999 -999 -999 -999 -999 -999 -999 -999 -999 -999 -999 -999 -999 -999 -999 -999 -999 -999 -999 -999 -999 -999 -999 -999 -999 -999 -999 -999 -999 -999 -999 -999 -999 -999 -999
-999 -999 -999 -999 -999 -999 -999 -999 -999 -999 -999 -999 -999 -999 -999 -999 -999 -999 -999 -999 -999 -999 -999 -999 -999 185 183 180 177 175 183 182 179 174 168 160 150 139 132 131 134 143 154 164 170 -999 -999 -999 -999 -999 -999 -999 -999 -999 -999 -999 -999 -999 -999 -999 -999 -999 -999 -999 -999 -999 -999 -999 -999 -999 -999 -999 -999 -999 -999 -999 -999 -999 -999 -999 -999 -999 -999 -999 -999
-999 -999 -999 -999 -999 -999 -999 -999 -999 -999 -999 -999 -999 -999 -999 -999 -999 -999 -999 -999 -999 -999 -999 -999 -999 175 173 171 167 165 172 172 169 166 160 153 143 134 127 125 129 138 148 161 168 -999 -999 -999 -999 -999 -999 -999 -999 -999 -999 -999 -999 -999 -999 -999 -999 -999 -999 -999 -999 -999 -999 -999 -999 -999 -999 -999 -999 -999 -999 -999 -999 -999 -999 -999 -999 -999 -999 -999 -999
-999 -999 -999 -999 -999 -999 -999 -999 -999 -999 -999 -999 -999 -999 -999 -999 -999 -999 -999 -999 -999 -999 -999 -999 -999 167 166 163 160 158 156 157 157 156 153 147 139 131 125 122 125 135 147 159 168 173 -999 -999 -999 -999 -999 -999 -999 -999 -999 -999 -999 -999 -999 -999 -999 -999 -999 -999 -999 -999 -999 -999 -999 -999 -999 -999 -999 -999 -999 -999 -999 -999 -999 -999 -999 -999 -999 -999 -999
-999 -999 -999 -999 -999 -999 -999 -999 -999 -999 -999 -999 -999 -999 -999 -999 -999 -999 -999 -999 -999 -999 -999 -999 -999 160 159 158 155 153 151 150 150 149 147 143 136 129 123 120 124 133 145 156 165 171 -999 -999 -999 -999 -999 -999 -999 -999 -999 -999 -999 -999 -999 -999 -999 -999 -999 -999 -999 -999 -999 -999 -999 -999 -999 -999 -999 -999 -999 -999 -999 -999 -999 -999 -999 -999 -999 -999 -999
-999 -999 -999 -999 -999 -999 -999 -999 -999 -999 -999 -999 -999 -999 -999 -999 -999 -999 -999 -999 -999 -999 -999 -999 -999 155 155 154 152 150 149 148 147 146 144 139 134 127 122 120 124 132 143 153 162 169 -999 -999 -999 -999 -999 -999 -999 -999 -999 -999 -999 -999 -999 -999 -999 -999 -999 -999 -999 -999 -999 -999 -999 -999 -999 -999 -999 -999 -999 -999 -999 -999 -999 -999 -999 -999 -999 -999 -999
-999 -999 -999 -999 -999 -999 -999 -999 -999 -999 -999 -999 -999 -999 -999 -999 -999 -999 -999 -999 -999 -999 -999 -999 150 152 151 151 150 149 148 147 146 145 142 137 132 126 122 120 124 131 140 149 155 -999 -999 -999 -999 -999 -999 -999 -999 -999 -999 -999 -999 -999 -999 -999 -999 -999 -999 -999 -999 -999 -999 -999 -999 -999 -999 -999 -999 -999 -999 -999 -999 -999 -999 -999 -999 -999 -999 -999 -999
-999 -999 -999 -999 -999 -999 -999 -999 -999 -999 -999 -999 -999 -999 -999 -999 -999 -999 -999 -999 -999 -999 -999 -999 149 149 149 149 148 147 147 146 145 143 140 136 130 125 121 120 123 128 136 144 149 -999 -999 -999 -999 -999 -999 -999 -999 -999 -999 -999 -999 -999 -999 -999 -999 -999 -999 -999 -999 -999 -999 -999 -999 -999 -999 -999 -999 -999 -999 -999 -999 -999 -999 -999 -999 -999 -999 -999 -999
-999 -999 -999 -999 -999 -999 -999 -999 -999 -999 -999 -999 -999 -999 -999 -999 -999 -999 -999 -999 -999 -999 -999 -999 148 148 147 147 146 146 145 145 143 142 139 134 130 124 121 120 122 126 131 137 145 -999 -999 -999 -999 -999 -999 -999 -999 -999 -999 -999 -999 -999 -999 -999 -999 -999 -999 -999 -999 -999 -999 -999 -999 -999 -999 -999 -999 -999 -999 -999 -999 -999 -999 -999 -999 -999 -999 -999 -999
-999 -999 -999 -999 -999 -999 -999 -999 -999 -999 -999 -999 -999 -999 -999 -999 -999 -999 -999 -999 -999 -999 -999 -999 146 146 146 145 145 144 144 143 141 139 136 133 128 124 121 120 121 123 127 131 -999 -999 -999 -999 -999 -999 -999 -999 -999 -999 -999 -999 -999 -999 -999 -999 -999 -999 -999 -999 -999 -999 -999 -999 -999 -999 -999 -999 -999 -999 -999 -999 -999 -999 -999 -999 -999 -999 -999 -999 -999
-999 -999 -999 -999 -999 -999 -999 -999 -999 -999 -999 -999 -999 -999 -999 -999 -999 -999 -999 -999 -999 -999 -999 -999 144 144 144 143 143 142 141 140 138 136 133 130 126 123 120 119 120 121 124 128 -999 -999 -999 -999 -999 -999 -999 -999 -999 -999 -999 -999 -999 -999 -999 -999 -999 -999 -999 -999 -999 -999 -999 -999 -999 -999 -999 -999 -999 -999 -999 -999 -999 -999 -999 -999 -999 -999 -999 -999 -999
-999 -999 -999 -999 -999 -999 -999 -999 -999 -999 -999 -999 -999 -999 -999 -999 -999 -999 -999 -999 -999 -999 -999 -999 141 141 141 141 141 140 139 137 135 133 130 127 124 122 119 119 119 120 121 -999 -999 -999 -999 -999 -999 -999 -999 -999 -999 -999 -999 -999 -999 -999 -999 -999 -999 -999 -999 -999 -999 -999 -999 -999 -999 -999 -999 -999 -999 -999 -999 -999 -999 -999 -999 -999 -999 -999 -999 -999 -999
-999 -999 -999 -999 -999 -999 -999 -999 -999 -999 -999 -999 -999 -999 -999 -999 -999 -999 -999 -999 -999 -999 -999 136 138 138 138 138 138 137 136 134 131 129 126 124 122 120 118 118 118 118 119 -999 -999 -999 -999 -999 -999 -999 -999 -999 -999 -999 -999 -999 -999 -999 -999 -999 -999 -999 -999 -999 -999 -999 -999 -999 -999 -999 -999 -999 -999 -999 -999 -999 -999 -999 -999 -999 -999 -999 -999 -999 -999
-999 -999 -999 -999 -999 -999 -999 -999 -999 -999 -999 -999 -999 -999 -999 -999 -999 -999 -999 -999 -999 -999 -999 134 134 135 135 135 134 133 132 130 127 125 123 121 119 118 117 117 117 117 117 -999 -999 -999 -999 -999 -999 -999 -999 -999 -999 -999 -999 -999 -999 -999 -999 -999 -999 -999 -999 -999 -999 -999 -999 -999 -999 -999 -999 -999 -999 -999 -999 -999 -999 -999 -999 -999 -999 -999 -999 -999 -999
-999 -999 -999 -999 -999 -999 -999 -999 -999 -999 -999 -999 -999 -999 -999 -999 -999 -999 -999 -999 -999 -999 -999 131 131 131 131 131 130 129 128 126 124 122 120 118 117 117 116 116 116 116 117 -999 -999 -999 -999 -999 -999 -999 -999 -999 -999 -999 -999 -999 -999 -999 -999 -999 -999 -999 -999 -999 -999 -999 -999 -999 -999 -999 -999 -999 -999 -999 -999 -999 -999 -999 -999 -999 -999 -999 -999 -999 -999
-999 -999 -999 -999 -999 -999 -999 -999 -999 -999 -999 -999 -999 -999 -999 -999 -999 -999 -999 -999 -999 -999 -999 127 127 127 127 127 126 125 124 122 120 118 117 116 115 115 114 114 115 115 117 -999 -999 -999 -999 -999 -999 -999 -999 -999 -999 -999 -999 -999 -999 -999 -999 -999 -999 -999 -999 -999 -999 -999 -999 -999 -999 -999 -999 -999 -999 -999 -999 -999 -999 -999 -999 -999 -999 -999 -999 -999 -999
-999 -999 -999 -999 -999 -999 -999 -999 -999 -999 -999 -999 -999 -999 -999 -999 -999 -999 -999 -999 -999 -999 -999 123 123 123 123 123 123 122 121 119 118 116 115 114 114 114 113 113 113 114 -999 -999 -999 -999 -999 -999 -999 -999 -999 -999 -999 -999 -999 -999 -999 -999 -999 -999 -999 -999 -999 -999 -999 -999 -999 -999 -999 -999 -999 -999 -999 -999 -999 -999 -999 -999 -999 -999 -999 -999 -999 -999 -999
-999 -999 -999 -999 -999 -999 -999 -999 -999 -999 -999 -999 -999 -999 -999 -999 -999 -999 -999 -999 -999 -999 -999 120 119 120 120 120 119 119 118 117 115 114 113 113 112 112 112 112 112 113 -999 -999 -999 -999 -999 -999 -999 -999 -999 -999 -999 -999 -999 -999 -999 -999 -999 -999 -999 -999 -999 -999 -999 -999 -999 -999 -999 -999 -999 -999 -999 -999 -999 -999 -999 -999 -999 -999 -999 -999 -999 -999 -999
-999 -999 -999 -999 -999 -999 -999 -999 -999 -999 -999 -999 -999 -999 -999 -999 -999 -999 -999 -999 -999 -999 -999 116 116 117 117 117 117 116 115 114 114 113 112 112 111 111 111 111 111 112 -999 -999 -999 -999 -999 -999 -999 -999 -999 -999 -999 -999 -999 -999 -999 -999 -999 -999 -999 -999 -999 -999 -999 -999 -999 -999 -999 -999 -999 -999 -999 -999 -999 -999 -999 -999 -999 -999 -999 -999 -999 -999 -999
-999 -999 -999 -999 -999 -999 -999 -999 -999 -999 -999 -999 -999 -999 -999 -999 -999 -999 -999 -999 -999 -999 -999 114 113 113 114 114 114 114 114 113 113 112 111 111 110 110 110 110 110 111 -999 -999 -999 -999 -999 -999 -999 -999 -999 -999 -999 -999 -999 -999 -999 -999 -999 -999 -999 -999 -999 -999 -999 -999 -999 -999 -999 -999 -999 -999 -999 -999 -999 -999 -999 -999 -999 -999 -999 -999 -999 -999 -999
-999 -999 -999 -999 -999 -999 -999 -999 -999 -999 -999 -999 -999 -999 -999 -999 -999 -999 -999 -999 -999 -999 -999 111 111 111 111 111 111 111 112 111 111 110 110 109 109 109 109 109 109 110 -999 -999 -999 -999 -999 -999 -999 -999 -999 -999 -999 -999 -999 -999 -999 -999 -999 -999 -999 -999 -999 -999 -999 -999 -999 -999 -999 -999 -999 -999 -999 -999 -999 -999 -999 -999 -999 -999 -999 -999 -999 -999 -999
-999 -999 -999 -999 -999 -999 -999 -999 -999 -999 -999 -999 -999 -999 -999 -999 -999 -999 -999 -999 -999 -999 -999 108 108 108 108 108 108 108 109 109 109 109 109 108 108 108 108 108 108 108 -999 -999 -999 -999 -999 -999 -999 -999 -999 -999 -999 -999 -999 -999 -999 -999 -999 -999 -999 -999 -999 -999 -999 -999 -999 -999 -999 -999 -999 -999 -999 -999 -999 -999 -999 -999 -999 -999 -999 -999 -999 -999 -999
-999 -999 -999 -999 -999 -999 -999 -999 -999 -999 -999 -999 -999 -999 -999 -999 -999 -999 -999 -999 -999 -999 -999 106 106 106 106 106 106 105 106 107 107 107 107 107 107 107 106 106 106 107 -999 -999 -999 -999 -999 -999 -999 -999 -999 -999 -999 -999 -999 -999 -999 -999 -999 -999 -999 -999 -999 -999 -999 -999 -999 -999 -999 -999 -999 -999 -999 -999 -999 -999 -999 -999 -999 -999 -999 -999 -999 -999 -999
-999 -999 -999 -999 -999 -999 -999 -999 -999 -999 -999 -999 -999 -999 -999 -999 -999 -999 -999 -999 -999 -999 103 104 104 104 104 104 103 100 103 105 105 106 106 105 105 105 105 105 105 105 -999 -999 -999 -999 -999 -999 -999 -999 -999 -999 -999 -999 -999 -999 -999 -999 -999 -999 -999 -999 -999 -999 -999 -999 -999 -999 -999 -999 -999 -999 -999 -999 -999 -999 -999 -999 -999 -999 -999 -999 -999 -999 -999
-999 -999 -999 -999 -999 -999 -999 -999 -999 -999 -999 -999 -999 -999 -999 -999 -999 -999 -999 -999 -999 -999 103 103 103 103 103 103 103 102 103 103 104 104 104 104 104 104 104 104 104 104 -999 -999 -999 -999 -999 -999 -999 -999 -999 -999 -999 -999 -999 -999 -999 -999 -999 -999 -999 -999 -999 -999 -999 -999 -999 -999 -999 -999 -999 -999 -999 -999 -999 -999 -999 -999 -999 -999 -999 -999 -999 -999 -999
-999 -999 -999 -999 -999 -999 -999 -999 -999 -999 -999 -999 -999 -999 -999 -999 -999 -999 -999 -999 -999 -999 102 102 102 102 102 102 102 102 102 102 103 103 103 103 103 103 103 103 103 102 -999 -999 -999 -999 -999 -999 -999 -999 -999 -999 -999 -999 -999 -999 -999 -999 -999 -999 -999 -999 -999 -999 -999 -999 -999 -999 -999 -999 -999 -999 -999 -999 -999 -999 -999 -999 -999 -999 -999 -999 -999 -999 -999
-999 -999 -999 -999 -999 -999 -999 -999 -999 -999 -999 -999 -999 -999 -999 -999 -999 -999 -999 -999 -999 -999 102 102 102 102 102 101 101 101 101 101 102 102 102 102 102 102 102 102 102 100 -999 -999 -999 -999 -999 -999 -999 -999 -999 -999 -999 -999 -999 -999 -999 -999 -999 -999 -999 -999 -999 -999 -999 -999 -999 -999 -999 -999 -999 -999 -999 -999 -999 -999 -999 -999 -999 -999 -999 -999 -999 -999 -999
-999 -999 -999 -999 -999 -999 -999 -999 -999 -999 -999 -999 -999 -999 -999 -999 -999 -999 -999 -999 -999 -999 101 101 101 101 101 101 101 101 100 101 101 101 101 101 101 101 101 101 101 97 96 -999 -999 -999 -999 -999 -999 -999 -999 -999 -999 -999 -999 -999 -999 -999 -999 -999 -999 -999 -999 -999 -999 -999 -999 -999 -999 -999 -999 -999 -999 -999 -999 -999 -999 -999 -999 -999 -999 -999 -999 -999 -999
-999 -999 -999 -999 -999 -999 -999 -999 -999 -999 -999 -999 -999 -999 -999 -999 -999 -999 -999 -999 -999 100 100 101 101 101 100 100 100 100 100 100 100 100 100 100 100 101 101 101 100 96 96 -999 -999 -999 -999 -999 -999 -999 -999 -999 -999 -999 -999 -999 -999 -999 -999 -999 -999 -999 -999 -999 -999 -999 -999 -999 -999 -999 -999 -999 -999 -999 -999 -999 -999 -999 -999 -999 -999 -999 -999 -999 -999
-999 -999 -999 -999 -999 -999 -999 -999 -999 -999 -999 -999 -999 -999 -999 -999 -999 -999 -999 -999 -999 100 100 100 100 100 100 100 99 99 99 99 99 99 99 99 99 100 100 99 99 95 97 101 106 -999 -999 -999 -999 -999 -999 -999 -999 -999 -999 -999 -999 -999 -999 -999 -999 -999 -999 -999 -999 -999 -999 -999 -999 -999 -999 -999 -999 -999 -999 -999 -999 -999 -999 -999 -999 -999 -999 -999 -999
-999 -999 -999 -999 -999 -999 -999 -999 -999 -999 -999 -999 -999 -999 -999 -999 -999 -999 -999 -999 -999 99 99 100 100 99 99 99 98 98 98 97 97 97 97 98 98 98 98 98 97 95 97 102 109 120 -999 -999 -999 -999 -999 -999 -999 -999 -999 -999 -999 -999 -999 -999 -999 -999 -999 -999 -999 -999 -999 -999 -999 -999 -999 -999 -999 -999 -999 -999 -999 -999 -999 -999 -999 -999 -999 -999 -999
-999 -999 -999 -999 -999 -999 -999 -999 -999 -999 -999 -999 -999 -999 -999 -999 -999 -999 -999 -999 98 99 99 99 99 99 98 98 97 97 96 96 96 96 96 96 96 96 95 95 94 93 96 103 112 124 -999 -999 -999 -999 -999 -999 -999 -999 -999 -999 -999 -999 -999 -999 -999 -999 -999 -999 -999 -999 -999 -999 -999 -999 -999 -999 -999 -999 -999 -999 -999 -999 -999 -999 -999 -999 -999 -999 -999
-999 -999 -999 -999 -999 -999 -999 -999 -999 -999 -999 -999 -999 -999 -999 -999 -999 -999 -999 -999 98 98 98 98 98 98 97 97 96 96 95 95 94 94 94 93 93 92 92 91 91 91 95 104 116 132 -999 -999 -999 -999 -999 -999 -999 -999 -999 -999 -999 -999 -999 -999 -999 -999 -999 -999 -999 -999 -999 -999 -999 -999 -999 -999 -999 -999 -999 -999 -999 -999 -999 -999 -999 -999 -999 -999 -999
-999 -999 -999 -999 -999 -999 -999 -999 -999 -999 -999 -999 -999 -999 -999 -999 -999 -999 -999 -999 98 98 98 98 97 97 96 96 95 95 94 93 93 93 92 91 90 89 88 87 87 89 94 104 119 140 -999 -999 -999 -999 -999 -999 -999 -999 -999 -999 -999 -999 -999 -999 -999 -999 -999 -999 -999 -999 -999 -999 -999 -999 -999 -999 -999 -999 -999 -999 -999 -999 -999 -999 -999 -999 -999 -999 -999
-999 -999 -999 -999 -999 -999 -999 -999 -999 -999 -999 -999 -999 -999 -999 -999 -999 -999 -999 -999 97 97 97 97 96 96 95 95 94 94 93 92 92 91 90 89 87 86 84 84 85 87 91 101 118 143 -999 -999 -999 -999 -999 -999 -999 -999 -999 -999 -999 -999 -999 -999 -999 -999 -999 -999 -999 -999 -999 -999 -999 -999 -999 -999 -999 -999 -999 -999 -999 -999 -999 -999 -999 -999 -999 -999 -999
-999 -999 -999 -999 -999 -999 -999 -999 -999 -999 -999 -999 -999 -999 -999 -999 -999 -999 -999 -999 97 97 97 96 96 95 94 94 93 93 92 91 91 90 88 87 85 82 75 77 83 85 88 95 108 127 143 -999 -999 -999 -999 -999 -999 -999 -999 -999 -999 -999 -999 -999 -999 -999 -999 -999 -999 -999 -999 -999 -999 -999 -999 -999 -999 -999 -999 -999 -999 -999 -999 -999 -999 -999 -999 -999 -999
-999 -999 -999 -999 -999 -999 -999 -999 -999 -999 -999 -999 -999 -999 -999 -999 -999 -999 -999 -999 97 97 96 96 95 94 94 93 92 92 91 90 89 88 87 85 83 79 77 78 82 82 84 88 97 109 125 -999 -999 -999 -999 -999 -999 -999 -999 -999 -999 -999 -999 -999 -999 -999 -999 -999 -999 -999 -999 -999 -999 -999 -999 -999 -999 -999 -999 -999 -999 -999 -999 -999 -999 -999 -999 -999 -999
-999 -999 -999 -999 -999 -999 -999 -999 -999 -999 -999 -999 -999 -999 -999 -999 -999 -999 -999 -999 97 96 96 95 95 94 93 92 91 90 90 89 88 86 85 83 82 80 78 78 79 78 79 82 86 93 102 -999 -999 -999 -999 -999 -999 -999 -999 -999 -999 -999 -999 -999 -999 -999 -999 -999 -999 -999 -999 -999 -999 -999 -999 -999 -999 -999 -999 -999 -999 -999 -999 -999 -999 -999 -999 -999 -999
-999 -999 -999 -999 -999 -999 -999 -999 -999 -999 -999 -999 -999 -999 -999 -999 -999 -999 -999 97 97 96 95 95 94 93 93 92 91 89 88 87 86 85 83 82 80 78 78 77 75 75 75 76 77 79 82 80 -999 -999 -999 -999 -999 -999 -999 -999 -999 -999 -999 -999 -999 -999 -999 -999 -999 -999 -999 -999 -999 -999 -999 -999 -999 -999 -999 -999 -999 -999 -999 -999 -999 -999 -999 -999 -999
-999 -999 -999 -999 -999 -999 -999 -999 -999 -999 -999 -999 -999 -999 -999 -999 -999 -999 -999 99 97 96 95 94 93 93 92 91 90 88 87 86 85 83 82 80 78 77 74 72 72 72 71 71 71 72 71 71 -999 -999 -999 -999 -999 -999 -999 -999 -999 -999 -999 -999 -999 -999 -999 -999 -999 -999 -999 -999 -999 -999 -999 -999 -999 -999 -999 -999 -999 -999 -999 -999 -999 -999 -999 -999 -999
-999 -999 -999 -999 -999 -999 -999 -999 -999 -999 -999 -999 -999 -999 -999 -999 -999 -999 -999 98 96 95 94 93 93 92 92 91 89 88 86 85 84 82 80 79 77 76 72 70 69 69 69 68 68 68 67 67 67 -999 -999 -999 -999 -999 -999 -999 -999 -999 -999 -999 -999 -999 -999 -999 -999 -999 -999 -999 -999 -999 -999 -999 -999 -999 -999 -999 -999 -999 -999 -999 -999 -999 -999 -999 -999
-999 -999 -999 -999 -999 -999 -999 -999 -999 -999 -999 98 98 -999 -999 -999 -999 -999 96 96 96 95 94 93 92 91 91 90 89 87 85 84 83 81 79 77 76 72 69 68 67 67 67 66 66 66 65 65 65 -999 -999 -999 -999 -999 -999 -999 -999 -999 -999 -999 -999 -999 -999 -999 -999 -999 -999 -999 -999 -999 -999 -999 -999 -999 -999 -999 -999 -999 -999 -999 -999 -999 -999 -999 -999
-999 -999 -999 -999 -999 -999 -999 -999 -999 -999 -999 98 98 -999 -999 -999 -999 -999 95 95 95 94 93 92 92 91 90 90 88 87 85 83 82 80 78 76 75 70 67 66 65 65 65 65 65 65 64 64 63 58 -999 -999 -999 -999 -999 -999 -999 -999 -999 -999 -999 -999 -999 -999 -999 -999 -999 -999 -999 -999 -999 -999 -999 -999 -999 -999 -999 -999 -999 -999 -999 -999 -999 -999 -999
-999 -999 -999 -999 -999 -999 -999 -999 -999 -999 -999 98 98 -999 -999 -999 -999 -999 95 95 94 94 93 92 91 90 90 89 88 86 84 82 80 78 77 75 74 67 64 64 64 64 64 64 64 64 64 64 64 63 65 -999 -999 -999 -999 -999 -999 -999 -999 -999 -999 -999 -999 -999 -999 -999 -999 -999 -999 -999 -999 -999 -999 -999 -999 -999 -999 -999 -999 -999 -999 -999 -999 -999 -999
-999 -999 -999 -999 -999 -999 -999 -999 -999 -999 -999 98 98 98 -999 -999 -999 95 95 94 94 93 93 92 91 90 89 88 87 85 83 81 79 77 75 74 73 66 62 62 63 63 63 64 64 64 64 65 65 65 66 67 69 -999 -999 -999 -999 -999 -999 -999 -999 -999 -999 -999 -999 -999 -999 -999 -999 -999 -999 -999 -999 -999 -999 -999 -999 -999 -999 -999 -999 -999 -999 -999 -999
-999 -999 -999 -999 -999 -999 -999 -999 -999 -999 -999 98 98 98 -999 -999 -999 95 94 94 93 92 91 91 90 89 88 87 86 84 82 79 77 76 74 73 69 62 60 61 62 62 63 64 64 64 65 65 66 66 67 68 69 71 72 75 79 -999 -999 -999 -999 -999 -999 -999 -999 -999 -999 -999 -999 -999 -999 -999 -999 -999 -999 -999 -999 -999 -999 -999 -999 -999 -999 -999 -999
-999 -999 -999 -999 -999 -999 -999 -999 -999 -999 -999 98 98 98 -999 -999 -999 95 94 93 92 91 90 90 89 88 87 86 84 83 80 78 76 74 73 72 66 59 58 60 61 62 63 63 64 64 65 65 66 67 68 69 70 71 72 76 83 99 114 127 -999 -999 -999 -999 -999 -999 -999 -999 -999 -999 -999 -999 -999 -999 -999 -999 -999 -999 -999 -999 -999 -999 -999 -999 -999
-999 -999 -999 -999 -999 -999 -999 -999 -999 -999 -999 -999 97 97 -999 -999 96 95 94 93 92 91 89 88 87 86 85 84 83 81 79 77 75 73 72 68 60 55 57 59 60 61 62 63 64 65 65 66 67 68 68 69 71 72 73 77 84 98 112 111 99 90 83 79 -999 -999 -999 -999 -999 -999 -999 -999 -999 -999 -999 -999 -999 -999 -999 -999 -999 -999 -999 -999 -999
-999 -999 -999 -999 -999 -999 -999 -999 -999 -999 -999 -999 97 97 97 -999 96 95 94 93 91 90 88 87 86 85 83 82 81 80 78 77 75 74 69 63 56 52 56 58 59 61 62 63 64 64 65 66 67 68 69 70 71 73 75 78 85 98 108 101 93 86 79 74 69 67 -999 -999 -999 -999 -999 -999 -999 -999 -999 -999 -999 -999 -999 -999 -999 -999 -999 -999 -999
-999 -999 -999 -999 -999 -999 -999 -999 -999 -999 -999 96 96 96 97 97 96 95 93 92 90 89 87 86 84 83 82 81 80 79 78 72 72 69 64 58 51 50 53 56 58 60 61 63 64 64 65 66 67 68 69 70 71 73 77 80 87 100 99 92 86 79 74 69 67 64 63 -999 -999 -999 -999 -999 -999 -999 -999 -999 -999 -999 -999 -999 -999 -999 -999 -999 -999
-999 -999 -999 -999 -999 -999 -999 -999 -999 -999 -999 95 95 96 96 96 95 94 93 91 89 87 85 84 83 81 80 79 78 76 72 68 65 63 58 51 44 45 50 55 57 59 60 62 63 64 65 66 67 68 68 69 70 72 76 82 90 98 88 82 77 73 69 66 64 63 63 62 -999 -999 -999 -999 -999 -999 -999 -999 -999 -999 -999 -999 -999 -999 -999 -999 -999
-999 -999 -999 -999 -999 -999 -999 -999 -999 -999 95 95 95 95 95 95 94 93 92 90 88 86 84 82 81 80 79 77 76 70 59 57 61 56 48 41 39 40 44 51 55 57 59 61 62 64 65 66 66 67 67 68 69 70 73 76 78 74 73 71 69 67 65 64 63 62 62 61 -999 -999 -999 -999 -999 -999 -999 -999 -999 -999 -999 -999 -999 -999 -999 -999 -999
-999 -999 -999 -999 -999 -999 -999 -999 -999 -999 94 94 94 94 94 93 92 91 89 87 84 82 81 79 78 78 77 75 74 71 51 52 51 50 40 33 33 33 38 44 49 54 58 59 61 63 65 65 65 66 66 67 67 67 62 63 64 67 68 67 66 65 63 62 61 61 60 60 -999 -999 -999 -999 -999 -999 -999 -999 -999 -999 -999 -999 -999 -999 -999 -999 -999
-999 -999 -999 -999 -999 -999 -999 -999 -999 94 94 94 94 93 93 92 91 89 86 83 81 79 78 77 76 75 74 73 71 69 52 49 48 54 32 27 29 30 34 38 43 47 52 55 57 59 60 59 59 57 55 54 54 54 55 56 58 60 61 62 62 61 60 60 59 59 59 59 -999 -999 -999 -999 -999 -999 -999 -999 -999 -999 -999 -999 -999 -999 -999 -999 -999
-999 -999 -999 -999 -999 -999 -999 -999 -999 94 94 93 93 92 91 90 88 86 83 80 78 76 75 74 74 73 72 71 69 67 50 39 48 49 33 25 26 27 30 33 37 42 46 50 53 55 56 55 53 51 49 49 48 48 49 50 51 52 53 55 55 56 56 56 57 57 57 57 -999 -999 -999 -999 -999 -999 -999 -999 -999 -999 -999 -999 -999 -999 -999 -999 -999
-999 -999 -999 -999 -999 -999 -999 -999 -999 94 94 93 92 91 89 88 85 82 79 76 75 74 73 73 72 72 71 69 67 65 62 44 47 47 41 24 22 25 27 30 33 37 41 45 49 51 51 49 48 46 44 43 43 43 43 43 44 44 46 47 48 50 51 52 53 54 55 55 -999 -999 -999 -999 -999 -999 -999 -999 -999 -999 -999 -999 -999 -999 -999 -999 -999
-999 -999 -999 -999 -999 -999 -999 -999 -999 94 93 92 91 89 87 85 82 78 75 73 72 72 71 71 71 70 69 67 65 62 59 50 47 43 29 20 19 22 25 27 29 33 37 41 45 46 44 43 42 41 39 38 38 37 37 37 37 37 38 39 41 43 45 48 50 51 53 53 -999 -999 -999 -999 -999 -999 -999 -999 -999 -999 -999 -999 -999 -999 -999 -999 -999
-999 -999 -999 -999 -999 -999 -999 -999 -999 93 92 91 89 87 84 82 78 75 73 71 70 70 70 69 69 68 67 65 62 59 55 50 46 40 26 18 17 19 21 24 26 29 33 36 40 39 37 36 36 35 33 33 32 32 31 31 31 31 31 32 34 37 40 43 46 48 50 51 -999 -999 -999 -999 -999 -999 -999 -999 -999 -999 -999 -999 -999 -999 -999 -999 -999
-999 -999 -999 -999 -999 -999 -999 -999 -999 92 91 89 87 84 81 78 75 73 71 69 68 68 68 68 67 66 65 62 60 56 52 49 42 36 22 16 15 16 18 21 23 26 29 31 33 32 32 31 30 30 29 28 28 27 27 26 26 26 26 27 29 31 34 37 41 44 47 49 -999 -999 -999 -999 -999 -999 -999 -999 -999 -999 -999 -999 -999 -999 -999 -999 -999
-999 -999 -999 -999 -999 -999 -999 -999 -999 91 89 87 85 81 78 76 73 71 69 68 67 67 66 66 65 64 62 60 57 54 51 48 41 32 24 18 14 15 16 18 21 23 25 27 28 28 27 27 26 26 26 24 23 23 22 22 22 22 22 22 23 25 28 31 36 40 44 46 -999 -999 -999 -999 -999 -999 -999 -999 -999 -999 -999 -999 -999 -999 -999 -999 -999
-999 -999 -999 -999 -999 -999 -999 -999 -999 89 87 85 82 79 76 73 71 69 68 67 66 65 65 64 63 62 60 58 55 52 50 48 43 34 26 20 16 15 15 17 19 21 23 24 25 25 24 24 23 22 21 20 20 19 19 18 18 18 18 18 19 20 22 25 30 35 40 43 -999 -999 -999 -999 -999 -999 -999 -999 -999 -999 -999 -999 -999 -999 -999 -999 -999
-999 -999 -999 -999 -999 -999 -999 -999 -999 87 85 82 79 76 73 71 69 68 67 66 65 64 63 63 62 60 58 56 54 51 49 47 46 39 29 21 17 15 15 16 18 20 21 22 23 23 22 22 21 20 18 17 17 16 16 16 15 15 15 15 15 16 17 19 23 29 36 39 -999 -999 -999 -999 -999 -999 -999 -999 -999 -999 -999 -999 -999 -999 -999 -999 -999
-999 -999 -999 -999 -999 -999 -999 -999 -999 85 83 80 77 74 72 70 68 67 66 66 64 63 62 61 60 59 57 55 52 50 47 46 45 40 30 23 17 15 14 15 17 18 20 21 21 21 21 20 19 17 16 14 14 14 13 13 13 13 13 13 13 13 13 15 18 22 30 33 -999 -999 -999 -999 -999 -999 -999 -999 -999 -999 -999 -999 -999 -999 -999 -999 -999
-999 -999 -999 -999 -999 -999 -999 -999 -999 82 80 77 75 72 70 68 67 66 66 65 63 62 61 60 58 57 55 53 50 48 46 45 44 39 31 23 17 14 14 14 15 17 18 18 19 19 19 18 16 15 13 12 11 11 11 10 11 11 11 11 11 10 11 11 13 15 19 22 -999 -999 -999 -999 -999 -999 -999 -999 -999 -999 -999 -999 -999 -999 -999 -999 -999
-999 -999 -999 -999 -999 -999 -999 -999 -999 81 78 76 73 71 69 67 66 65 65 63 62 60 59 58 56 55 53 51 48 46 44 43 42 37 29 22 16 12 12 13 14 14 15 15 16 16 16 15 13 12 9 9 8 8 8 8 8 9 9 9 9 9 9 9 10 12 13 15 -999 -999 -999 -999 -999 -999 -999 -999 -999 -999 -999 -999 -999 -999 -999 -999 -999
-999 -999 -999 -999 -999 -999 -999 -999 -999 -999 76 74 72 70 68 66 65 64 63 61 60 58 57 55 54 52 50 48 46 44 42 40 38 35 27 19 13 10 10 11 12 11 11 10 11 12 11 10 9 8 7 6 5 4 4 5 6 7 7 7 7 7 8 8 9 10 10 11 -999 -999 -999 -999 -999 -999 -999 -999 -999 -999 -999 -999 -999 -999 -999 -999 -999
-999 -999 -999 -999 -999 -999 -999 -999 -999 -999 -999 73 71 69 67 65 63 62 61 59 57 56 54 52 50 49 47 45 43 41 38 36 35 33 20 10 1 2 5 8 8 6 5 6 8 8 6 5 4 4 2 -0 -0 -0 1 2 4 5 6 6 6 7 7 7 8 9 9 10 -999 -999 -999 -999 -999 -999 -999 -999 -999 -999 -999 -999 -999 -999 -999 -999 -999
-999 -999 -999 -999 -999 -999 -999 -999 -999 -999 -999 -999 70 68 65 63 61 60 58 56 54 52 50 48 46 45 43 41 39 37 35 33 31 30 7 -5 -67 -42 -26 0 5 2 1 3 4 4 0 -5 -4 -2 -3 -5 -5 -5 -2 0 3 4 5 5 6 6 6 7 8 8 8 9 -999 -999 -999 -999 -999 -999 -999 -999 -999 -999 -999 -999 -999 -999 -999 -999 -999
-999 -999 -999 -999 -999 -999 -999 -999 -999 -999 -999 -999 -999 -999 64 62 59 57 55 53 50 48 46 44 42 41 39 37 36 34 32 30 28 27 -2 -8 -72 -63 -45 -23 1 1 -2 -1 1 1 -1 -7 -7 -7 -7 -9 -10 -10 -5 -1 2 3 4 5 5 6 6 7 7 8 8 8 -999 -999 -999 -999 -999 -999 -999 -999 -999 -999 -999 -999 -999 -999 -999 -999 -999
-999 -999 -999 -999 -999 -999 -999 -999 -999 -999 -999 -999 -999 -999 -999 60 57 53 51 48 46 44 41 40 38 37 35 34 32 31 29 25 24 22 20 -11 -79 -70 -46 -8 0 -0 -4 -3 -1 -1 -2 -5 -7 -9 -9 -10 -13 -11 -6 -3 1 3 4 4 5 5 6 6 7 8 8 8 9 -999 -999 -999 -999 -999 -999 -999 -999 -999 -999 -999 -999 -999 -999 -999 -999
-999 -999 -999 -999 -999 -999 -999 -999 -999 -999 -999 -999 -999 -999 -999 -999 54 49 46 43 41 39 37 36 35 33 32 31 29 28 27 25 23 20 18 -13 -85 -66 -45 -13 -7 -4 -5 -5 -3 -3 -3 -4 -6 -8 -8 -10 -12 -10 -6 -3 0 2 3 4 4 5 5 6 7 8 8 8 9 -999 -999 -999 -999 -999 -999 -999 -999 -999 -999 -999 -999 -999 -999 -999 -999
-999 -999 -999 -999 -999 -999 -999 -999 -999 -999 -999 -999 -999 -999 -999 -999 -999 43 41 39 37 35 33 32 31 30 29 28 27 26 25 23 21 19 18 -6 -36 -55 -42 -43 -24 -12 -10 -9 -7 -5 -4 -4 -5 -5 -6 -7 -9 -8 -5 -2 -0 1 2 3 3 4 5 5 6 7 8 9 9 -999 -999 -999 -999 -999 -999 -999 -999 -999 -999 -999 -999 -999 -999 -999 -999
-999 -999 -999 -999 -999 -999 -999 -999 -999 -999 -999 -999 -999 -999 -999 -999 -999 40 37 35 33 31 30 29 28 27 26 26 25 24 23 21 20 18 17 6 -2 -17 -22 -29 -20 -16 -15 -13 -11 -8 -6 -4 -4 -4 -4 -4 -5 -5 -2 -2 -1 -0 1 1 2 3 3 4 5 6 8 9 10 -999 -999 -999 -999 -999 -999 -999 -999 -999 -999 -999 -999 -999 -999 -999 -999
-999 -999 -999 -999 -999 -999 -999 -999 -999 -999 -999 -999 -999 -999 -999 -999 -999 -999 32 31 29 28 27 26 26 25 24 24 23 22 21 20 18 17 16 15 7 -1 -11 -13 -13 -14 -16 -16 -13 -10 -7 -4 -3 -2 -3 -3 -3 -3 -1 -3 -3 -2 -1 -1 0 1 2 2 3 4 7 11 13 -999 -999 -999 -999 -999 -999 -999 -999 -999 -999 -999 -999 -999 -999 -999 -999
-999 -999 -999 -999 -999 -999 -999 -999 -999 -999 -999 -999 -999 -999 -999 -999 -999 -999 29 28 27 26 25 24 24 23 23 22 21 21 19 18 17 16 16 15 10 4 -2 -5 -9 -11 -13 -13 -11 -9 -6 -4 -2 -2 -2 -2 -2 -1 -2 -4 -4 -4 -4 -3 -3 -2 -1 -1 -1 -1 7 13 18 22 -999 -999 -999 -999 -999 -999 -999 -999 -999 -999 -999 -999 -999 -999 -999
-999 -999 -999 -999 -999 -999 -999 -999 -999 -999 -999 -999 -999 -999 -999 -999 -999 -999 27 26 25 24 23 23 22 22 22 21 20 19 18 17 16 16 15 15 11 6 3 -0 -4 -8 -10 -10 -8 -6 -5 -3 -1 -1 -1 -2 -2 -2 -3 -5 -6 -6 -6 -6 -5 -5 -5 -6 -8 -7 6 16 21 24 -999 -999 -999 -999 -999 -999 -999 -999 -999 -999 -999 -999 -999 -999 -999
-999 -999 -999 -999 -999 -999 -999 -999 -999 -999 -999 -999 -999 -999 -999 -999 -999 -999 -999 24 23 23 22 22 21 21 21 20 19 19 18 17 16 15 15 14 12 8 5 2 -1 -4 -6 -6 -6 -5 -3 -2 -1 -1 -1 -1 -3 -2 -3 -6 -8 -9 -9 -9 -8 -7 -7 -9 -14 -22 4 18 23 25 -999 -999 -999 -999 -999 -999 -999 -999 -999 -999 -999 -999 -999 -999 -999
-999 -999 -999 -999 -999 -999 -999 -999 -999 -999 -999 -999 -999 -999 -999 -999 -999 -999 -999 22 22 22 21 21 21 20 20 19 19 18 17 16 16 15 14 14 13 10 6 4 1 -1 -2 -3 -3 -3 -2 -1 0 -0 -1 -1 -2 -2 -4 -7 -10 -12 -13 -12 -11 -10 -9 -9 -13 -19 5 19 24 25 -999 -999 -999 -999 -999 -999 -999 -999 -999 -999 -999 -999 -999 -999 -999
-999 -999 -999 -999 -999 -999 -999 -999 -999 -999 -999 -999 -999 -999 -999 -999 -999 -999 -999 21 21 21 21 20 20 20 19 19 18 18 17 16 15 14 14 13 13 10 7 5 3 1 0 -1 -1 -1 0 1 1 1 0 -0 -1 -2 -4 -8 -12 -15 -17 -16 -14 -11 -7 -4 -2 -1 11 20 23 20 -999 -999 -999 -999 -999 -999 -999 -999 -999 -999 -999 -999 -999 -999 -999
-999 -999 -999 -999 -999 -999 -999 -999 -999 -999 -999 -999 -999 -999 -999 -999 -999 -999 -999 21 21 20 20 20 20 19 19 18 18 17 16 16 15 14 14 13 13 11 8 6 4 2 1 0 1 1 2 3 3 2 1 0 -1 -2 -4 -9 -14 -19 -22 -21 -16 -11 -5 1 6 10 16 20 22 20 -999 -999 -999 -999 -999 -999 -999 -999 -999 -999 -999 -999 -999 -999 -999
-999 -999 -999 -999 -999 -999 -999 -999 -999 -999 -999 -999 -999 -999 -999 -999 -999 -999 -999 -999 20 20 19 19 19 19 18 18 17 17 16 15 14 14 13 13 12 11 8 6 4 2 1 0 1 2 4 4 5 4 2 1 -1 -2 -4 -10 -15 -22 -28 -28 -20 -11 -2 5 10 14 17 20 21 22 24 -999 -999 -999 -999 -999 -999 -999 -999 -999 -999 -999 -999 -999 -999
-999 -999 -999 -999 -999 -999 -999 -999 -999 -999 -999 -999 -999 -999 -999 -999 -999 -999 -999 -999 19 19 19 19 19 18 18 17 17 16 15 15 14 13 13 12 12 11 9 6 4 1 -2 -2 1 3 4 5 6 4 3 1 -0 -2 -4 -9 -15 -25 -37 -47 -26 -10 0 8 12 15 17 18 20 21 23 -999 -999 -999 -999 -999 -999 -999 -999 -999 -999 -999 -999 -999 -999
-999 -999 -999 -999 -999 -999 -999 -999 -999 -999 -999 -999 -999 -999 -999 -999 -999 -999 -999 -999 19 19 19 18 18 18 17 17 16 16 15 14 14 13 12 12 12 11 9 6 2 -2 -8 -6 -0 3 5 6 6 4 3 2 -0 -2 -4 -6 -15 -25 -48 -136 -36 -9 3 9 13 15 16 17 18 19 20 -999 -999 -999 -999 -999 -999 -999 -999 -999 -999 -999 -999 -999 -999
-999 -999 -999 -999 -999 -999 -999 -999 -999 -999 -999 -999 -999 -999 -999 -999 -999 -999 -999 -999 -999 19 18 18 18 18 17 17 16 15 15 14 13 13 12 12 11 11 9 6 1 -6 -13 -9 -1 3 5 6 5 4 3 2 0 -1 -3 -5 -11 -17 -26 -35 -15 -2 6 10 13 14 15 15 16 16 17 16 -999 -999 -999 -999 -999 -999 -999 -999 -999 -999 -999 -999 -999
-999 -999 -999 -999 -999 -999 -999 -999 -999 -999 -999 -999 -999 -999 -999 -999 -999 -999 -999 -999 -999 18 18 18 18 17 17 16 16 15 14 14 13 12 12 11 11 10 8 5 0 -7 -17 -10 -1 3 5 6 5 5 4 2 1 -1 -2 -4 -8 -10 -11 -10 -5 2 6 10 12 13 14 14 14 14 13 13 -999 -999 -999 -999 -999 -999 -999 -999 -999 -999 -999 -999 -999
-999 -999 -999 -999 -999 -999 -999 -999 -999 -999 -999 -999 -999 -999 -999 -999 -999 -999 -999 -999 -999 18 18 18 17 17 16 16 15 15 14 13 12 12 11 10 10 9 8 5 2 -2 -5 -3 1 4 5 7 6 5 4 2 1 -0 -2 -3 -4 -5 -5 -3 -1 3 6 8 10 11 12 12 11 10 10 10 -999 -999 -999 -999 -999 -999 -999 -999 -999 -999 -999 -999 -999
-999 -999 -999 -999 -999 -999 -999 -999 -999 -999 -999 -999 -999 -999 -999 -999 -999 -999 -999 -999 -999 18 18 17 17 17 16 16 15 14 13 13 12 11 10 9 9 8 7 4 3 1 0 1 2 4 5 6 7 5 3 2 1 -1 -2 -3 -3 -3 -3 -1 0 2 4 6 8 9 9 9 8 7 6 6 5 -999 -999 -999 -999 -999 -999 -999 -999 -999 -999 -999 -999
-999 -999 -999 -999 -999 -999 -999 -999 -999 -999 -999 -999 -999 -999 -999 -999 -999 -999 -999 -999 -999 18 18 17 17 16 16 15 14 14 13 12 11 10 9 8 7 5 5 3 2 2 2 2 2 3 4 6 6 4 3 1 0 -1 -2 -2 -3 -3 -2 -1 -0 1 3 4 5 6 6 6 5 4 2 3 4 -999 -999 -999 -999 -999 -999 -999 -999 -999 -999 -999 -999
-999 -999 -999 -999 -999 -999 -999 -999 -999 -999 -999 -999 -999 -999 -999 -999 -999 -999 -999 -999 -999 18 18 17 17 16 16 15 14 13 12 11 10 9 8 7 6 3 2 0 0 1 1 1 2 3 4 6 5 4 2 1 -0 -1 -2 -2 -3 -2 -2 -2 -1 -0 1 2 3 4 4 4 3 2 2 2 4 5 -999 -999 -999 -999 -999 -999 -999 -999 -999 -999 -999
-999 -999 -999 -999 -999 -999 -999 -999 -999 -999 -999 -999 -999 -999 -999 -999 -999 -999 -999 -999 -999 19 18 17 17 16 15 15 14 12 11 10 9 8 6 5 1 -0 -1 -1 -1 -1 -0 1 1 2 4 5 4 3 2 1 -0 -1 -2 -2 -3 -3 -2 -2 -2 -2 -0 1 1 2 2 2 2 1 1 2 3 5 -999 -999 -999 -999 -999 -999 -999 -999 -999 -999 -999
-999 -999 -999 -999 -999 -999 -999 -999 -999 -999 -999 -999 -999 -999 -999 -999 -999 -999 -999 -999 -999 19 18 17 17 16 15 14 13 12 10 9 8 6 4 -1 -3 -4 -4 -4 -3 -2 -1 0 1 2 4 4 3 2 1 0 -0 -1 -2 -2 -3 -3 -3 -2 -2 -2 -1 -1 -0 0 0 0 0 0 0 1 3 4 6 -999 -999 -999 -999 -999 -999 -999 -999 -999 -999
-999 -999 -999 -999 -999 -999 -999 -999 -999 -999 -999 -999 -999 -999 -999 -999 -999 -999 -999 -999 -999 20 19 18 17 16 15 14 12 11 9 7 5 3 -2 -5 -7 -7 -7 -7 -5 -3 -2 0 2 3 5 4 4 3 1 0 -0 -1 -2 -3 -3 -3 -3 -3 -3 -3 -2 -2 -2 -2 -2 -2 -2 -1 -1 0 1 3 4 5 -999 -999 -999 -999 -999 -999 -999 -999 -999
-999 -999 -999 -999 -999 -999 -999 -999 -999 -999 -999 -999 -999 -999 -999 -999 -999 -999 -999 -999 -999 21 20 18 17 16 15 14 12 10 7 5 3 -3 -6 -9 -11 -12 -12 -11 -9 -6 -3 -1 1 3 5 4 4 3 2 1 -0 -1 -2 -3 -3 -4 -4 -4 -4 -3 -3 -3 -3 -4 -4 -4 -3 -3 -2 -1 -0 1 3 3 4 -999 -999 -999 -999 -999 -999 -999 -999
-999 -999 -999 -999 -999 -999 -999 -999 -999 -999 -999 -999 -999 -999 -999 -999 -999 -999 -999 -999 -999 23 21 19 18 17 15 13 11 9 6 3 0 -7 -11 -14 -17 -18 -18 -17 -14 -10 -6 -2 1 4 4 4 3 3 2 1 -0 -2 -3 -4 -4 -5 -5 -5 -5 -5 -5 -5 -5 -6 -6 -6 -5 -5 -4 -3 -2 -1 1 2 2 2 -999 -999 -999 -999 -999 -999 -999
-999 -999 -999 -999 -999 -999 -999 -999 -999 -999 -999 -999 -999 -999 -999 -999 -999 -999 -999 -999 -999 24 22 20 19 17 15 13 10 7 4 1 -7 -12 -16 -20 -24 -26 -27 -25 -22 -16 -10 -5 -1 3 4 4 3 3 2 1 -1 -3 -4 -5 -6 -6 -6 -6 -6 -6 -6 -7 -7 -8 -8 -8 -7 -7 -6 -5 -3 -2 -1 -0 0 0 -0 -999 -999 -999 -999 -999 -999
-999 -999 -999 -999 -999 -999 -999 -999 -999 -999 -999 -999 -999 -999 -999 -999 -999 -999 -999 -999 -999 25 23 21 19 18 15 12 9 6 2 -6 -11 -16 -22 -27 -32 -37 -39 -38 -33 -25 -16 -9 -4 -0 3 4 4 3 2 0 -2 -3 -5 -7 -8 -8 -9 -9 -9 -8 -8 -9 -9 -10 -10 -10 -9 -8 -7 -6 -5 -4 -3 -2 -2 -1 -2 -2 -999 -999 -999 -999 -999
-999 -999 -999 -999 -999 -999 -999 -999 -999 -999 -999 -999 -999 -999 -999 -999 -999 -999 -999 -999 -999 -999 24 22 20 18 15 12 8 4 -5 -9 -14 -21 -28 -36 -43 -50 -54 -54 -48 -38 -25 -15 -8 -3 -0 3 4 3 1 -1 -3 -5 -7 -9 -11 -12 -12 -12 -11 -11 -11 -11 -11 -11 -11 -11 -11 -10 -9 -8 -7 -5 -4 -4 -3 -3 -3 -3 -4 -999 -999 -999 -999
-999 -999 -999 -999 -999 -999 -999 -999 -999 -999 -999 -999 -999 -999 -999 -999 -999 -999 -999 -999 -999 -999 25 22 20 18 15 11 6 2 -7 -12 -18 -26 -35 -45 -56 -66 -74 -75 -70 -56 -39 -23 -12 -6 -3 2 4 4 2 -1 -4 -7 -10 -13 -15 -17 -16 -16 -15 -14 -14 -13 -13 -12 -12 -12 -12 -11 -10 -9 -8 -7 -6 -6 -5 -5 -4 -4 -5 -5 -999 -999 -999
-999 -999 -999 -999 -999 -999 -999 -999 -999 -999 -999 -999 -999 -999 -999 -999 -999 -999 -999 -999 -999 -999 24 22 20 17 14 9 5 -3 -8 -13 -21 -30 -42 -56 -72 -87 -99 -105 -99 -82 -58 -35 -19 -10 -6 -1 2 3 4 -2 -6 -11 -15 -18 -20 -21 -22 -21 -20 -18 -17 -15 -14 -13 -13 -13 -12 -12 -11 -10 -10 -9 -8 -7 -7 -6 -6 -6 -6 -6 -6 -999 -999
-999 -999 -999 -999 -999 -999 -999 -999 -999 -999 -999 -999 -999 -999 -999 -999 -999 -999 -999 -999 -999 -999 24 22 19 16 11 7 0 -3 -8 -14 -22 -34 -49 -67 -89 -112 -132 -141 -134 -112 -82 -53 -30 -17 -9 -3 1 5 4 -5 -11 -16 -21 -24 -26 -27 -29 -28 -26 -23 -20 -18 -16 -15 -14 -14 -13 -13 -12 -11 -10 -10 -9 -8 -8 -7 -7 -7 -7 -7 -7 -7 -999
-999 -999 -999 -999 -999 -999 -999 -999 -999 -999 -999 -999 -999 -999 -999 -999 -999 -999 -999 -999 -999 -999 23 21 18 15 10 4 1 -3 -8 -14 -23 -36 -53 -76 -106 -139 -167 -179 -169 -140 -103 -68 -41 -22 -11 -3 4 4 -2 -11 -18 -24 -29 -32 -34 -35 -36 -37 -34 -29 -24 -21 -18 -16 -15 -15 -14 -13 -13 -12 -11 -10 -10 -9 -9 -8 -8 -8 -7 -7 -7 -7 -999
-999 -999 -999 -999 -999 -999 -999 -999 -999 -999 -999 -999 -999 -999 -999 -999 -999 -999 -999 -999 -999 -999 -999 20 18 15 9 6 2 -2 -7 -13 -23 -36 -55 -81 -117 -161 -199 -213 -196 -158 -112 -70 -40 -20 -9 -2 4 4 -8 -19 -27 -34 -38 -42 -44 -45 -45 -46 -41 -35 -29 -24 -20 -18 -17 -16 -15 -14 -13 -12 -12 -11 -10 -10 -9 -9 -8 -8 -8 -8 -8 -8 -999
-999 -999 -999 -999 -999 -999 -999 -999 -999 -999 -999 -999 -999 -999 -999 -999 -999 -999 -999 -999 -999 -999 -999 -999 17 15 11 8 4 -0 -5 -11 -20 -33 -52 -78 -119 -172 -219 -233 -205 -153 -98 -52 -22 -3 -0 2 4 3 -16 -29 -37 -44 -49 -52 -54 -55 -55 -54 -49 -41 -33 -27 -23 -20 -18 -17 -15 -14 -13 -12 -12 -11 -11 -10 -10 -9 -9 -8 -8 -8 -8 -8 -999
-999 -999 -999 -999 -999 -999 -999 -999 -999 -999 -999 -999 -999 -999 -999 -999 -999 -999 -999 -999 -999 -999 -999 -999 -999 -999 15 12 7 2 -3 -8 -16 -27 -44 -67 -105 -159 -211 -222 -183 -121 -61 -13 -7 -7 -6 -7 -10 -17 -29 -39 -47 -53 -59 -63 -66 -66 -65 -63 -56 -47 -38 -30 -25 -21 -19 -18 -16 -15 -14 -13 -12 -11 -11 -10 -10 -9 -9 -9 -8 -8 -8 -8 -999
-999 -999 -999 -999 -999 -999 -999 -999 -999 -999 -999 -999 -999 -999 -999 -999 -999 -999 -999 -999 -999 -999 -999 -999 -999 -999 -999 -999 11 6 0 -5 -11 -20 -33 -51 -80 -121 -164 -170 -131 -69 -13 -6 -9 -9 -11 -14 -20 -28 -38 -47 -55 -62 -69 -75 -78 -77 -75 -71 -65 -54 -43 -34 -27 -23 -20 -18 -17 -15 -14 -13 -12 -11 -11 -10 -10 -9 -9 -9 -8 -8 -8 -999 -999
-999 -999 -999 -999 -999 -999 -999 -999 -999 -999 -999 -999 -999 -999 -999 -999 -999 -999 -999 -999 -999 -999 -999 -999 -999 -999 -999 -999 -999 10 4 -1 -7 -14 -23 -37 -55 -79 -99 -103 -72 -16 -7 -9 -10 -11 -13 -18 -25 -34 -44 -53 -61 -70 -80 -87 -90 -90 -86 -79 -73 -61 -48 -38 -30 -25 -22 -19 -17 -16 -14 -13 -12 -11 -11 -10 -10 -9 -9 -9 -8 -8 -8 -999 -999
-999 -999 -999 -999 -999 -999 -999 -999 -999 -999 -999 -999 -999 -999 -999 -999 -999 -999 -999 -999 -999 -999 -999 -999 -999 -999 -999 -999 -999 -999 9 3 -3 -10 -17 -26 -38 -49 -58 -57 -40 -12 -12 -9 -9 -10 -13 -19 -27 -36 -46 -57 -67 -79 -91 -100 -105 -104 -99 -91 -81 -68 -54 -42 -33 -27 -23 -20 -18 -16 -15 -13 -12 -12 -11 -10 -10 -9 -9 -8 -8 -8 -8 -999 -999
-999 -999 -999 -999 -999 -999 -999 -999 -999 -999 -999 -999 -999 -999 -999 -999 -999 -999 -999 -999 -999 -999 -999 -999 -999 -999 -999 -999 -999 -999 14 7 -0 -7 -13 -20 -27 -33 -36 -35 -26 -12 -6 -4 -7 -8 -11 -17 -25 -35 -46 -58 -71 -86 -101 -114 -121 -121 -115 -105 -92 -76 -59 -46 -36 -30 -25 -22 -19 -18 -16 -14 -13 -12 -11 -10 -9 -9 -8 -8 -8 -8 -8 -999 -999
-999 -999 -999 -999 -999 -999 -999 -999 -999 -999 -999 -999 -999 -999 -999 -999 -999 -999 -999 -999 -999 -999 -999 -999 -999 -999 -999 -999 -999 -999 -999 11 2 -5 -11 -17 -22 -25 -26 -25 -20 -14 -9 -5 -6 -6 -9 -13 -20 -31 -43 -56 -72 -89 -109 -125 -136 -138 -132 -121 -100 -83 -65 -50 -39 -32 -27 -23 -21 -19 -17 -16 -14 -12 -11 -10 -9 -8 -8 -8 -8 -8 -8 -999 -999
-999 -999 -999 -999 -999 -999 -999 -999 -999 -999 -999 -999 -999 -999 -999 -999 -999 -999 -999 -999 -999 -999 -999 -999 -999 -999 -999 -999 -999 -999 -999 12 3 -5 -11 -16 -20 -22 -23 -21 -18 -15 -12 -10 -9 -8 -9 -10 -16 -25 -38 -52 -68 -87 -109 -129 -144 -148 -141 -125 -103 -84 -66 -51 -40 -33 -28 -24 -22 -21 -20 -18 -16 -13 -11 -9 -9 -8 -8 -8 -8 -8 -8 -999 -999
-999 -999 -999 -999 -999 -999 -999 -999 -999 -999 -999 -999 -999 -999 -999 -999 -999 -999 -999 -999 -999 -999 -999 -999 -999 -999 -999 -999 -999 -999 -999 11 1 -6 -12 -16 -20 -21 -21 -20 -18 -15 -13 -12 -11 -11 -10 -11 -13 -21 -32 -46 -61 -80 -102 -125 -142 -148 -141 -122 -100 -79 -61 -49 -39 -32 -27 -24 -22 -21 -21 -20 -18 -15 -11 -9 -8 -8 -8 -8 -8 -8 -8 -999 -999
-999 -999 -999 -999 -999 -999 -999 -999 -999 -999 -999 -999 -999 -999 -999 -999 -999 -999 -999 -999 -999 -999 -999 -999 -999 -999 -999 -999 -999 -999 15 5 -2 -9 -14 -18 -21 -22 -22 -20 -18 -16 -14 -12 -11 -11 -11 -11 -12 -18 -27 -39 -53 -70 -91 -113 -132 -140 -134 -115 -94 -73 -56 -43 -35 -29 -24 -22 -21 -21 -21 -21 -21 -16 -12 -9 -8 -8 -8 -8 -8 -8 -999 -999 -999
-999 -999 -999 -999 -999 -999 -999 -999 -999 -999 -999 -999 -999 -999 -999 -999 -999 -999 -999 -999 -999 -999 -999 -999 -999 -999 -999 -999 -999 -999 10 -0 -7 -13 -18 -21 -22 -23 -22 -21 -19 -16 -14 -13 -12 -11 -11 -11 -11 -15 -23 -33 -44 -58 -76 -95 -112 -123 -121 -105 -85 -65 -50 -38 -30 -24 -20 -19 -18 -19 -20 -22 -24 -19 -13 -9 -8 -8 -7 -7 -7 -7 -999 -999 -999
-999 -999 -999 -999 -999 -999 -999 -999 -999 -999 -999 -999 -999 -999 -999 -999 -999 -999 -999 -999 -999 -999 -999 -999 -999 -999 -999 -999 -999 -999 5 -7 -14 -19 -22 -24 -25 -24 -23 -22 -20 -17 -15 -13 -12 -12 -11 -11 -10 -12 -18 -25 -35 -46 -59 -74 -87 -97 -100 -91 -74 -56 -43 -33 -26 -22 -19 -17 -16 -16 -18 -23 -30 -21 -14 -10 -9 -8 -8 -8 -8 -7 -999 -999 -999
-999 -999 -999 -999 -999 -999 -999 -999 -999 -999 -999 -999 -999 -999 -999 -999 -999 -999 -999 -999 -999 -999 -999 -999 -999 -999 -999 -999 -999 6 -6 -16 -22 -25 -27 -27 -27 -26 -25 -23 -21 -18 -16 -14 -13 -12 -11 -10 -9 -9 -12 -17 -25 -34 -44 -54 -63 -69 -71 -68 -60 -46 -35 -28 -23 -19 -17 -15 -14 -13 -14 -17 -21 -17 -13 -11 -9 -9 -8 -8 -8 -8 -999 -999 -999
-999 -999 -999 -999 -999 -999 -999 -999 -999 -999 -999 -999 -999 -999 -999 -999 -999 -999 -999 -999 -999 -999 -999 -999 -999 -999 -999 -999 -999 -2 -17 -26 -30 -32 -32 -31 -30 -28 -27 -25 -22 -19 -16 -14 -13 -12 -11 -10 -9 -7 -6 -9 -14 -22 -30 -38 -43 -47 -47 -45 -41 -34 -28 -23 -20 -17 -15 -14 -13 -12 -12 -12 -13 -13 -11 -10 -10 -9 -9 -9 -8 -999 -999 -999 -999
-999 -999 -999 -999 -999 -999 -999 -999 -999 -999 -999 -999 -999 -999 -999 -999 -999 -999 -999 -999 -999 -999 -999 -999 -999 -999 -999 -999 -999 -10 -27 -36 -39 -39 -37 -34 -32 -30 -28 -26 -23 -20 -17 -15 -13 -12 -11 -10 -9 -7 -6 -6 -6 -13 -20 -26 -30 -31 -31 -30 -28 -25 -22 -19 -17 -15 -14 -13 -12 -11 -11 -10 -10 -10 -10 -9 -9 -9 -9 -9 -9 -999 -999 -999 -999
-999 -999 -999 -999 -999 -999 -999 -999 -999 -999 -999 -999 -999 -999 -999 -999 -999 -999 -999 -999 -999 -999 -999 -999 -999 -999 -999 -999 -999 -14 -35 -45 -47 -45 -41 -37 -34 -31 -29 -27 -24 -21 -17 -15 -13 -12 -11 -10 -9 -7 -6 -5 -3 -8 -14 -18 -21 -22 -22 -22 -21 -20 -18 -17 -15 -14 -13 -12 -11 -10 -10 -9 -9 -9 -8 -9 -9 -9 -9 -9 -999 -999 -999 -999 -999
-999 -999 -999 -999 -999 -999 -999 -999 -999 -999 -999 -999 -999 -999 -999 -999 -999 -999 -999 -999 -999 -999 -999 -999 -999 -999 -999 -999 -999 -17 -41 -52 -55 -53 -46 -40 -35 -32 -30 -28 -25 -21 -18 -15 -13 -12 -11 -10 -8 -7 -6 -5 -4 -7 -10 -14 -16 -17 -18 -18 -18 -17 -16 -15 -14 -13 -12 -11 -11 -10 -9 -9 -8 -8 -8 -8 -8 -8 -9 -9 -999 -999 -999 -999 -999
-999 -999 -999 -999 -999 -999 -999 -999 -999 -999 -999 -999 -999 -999 -999 -999 -999 -999 -999 -999 -999 -999 -999 -999 -999 -999 -999 -999 -999 -19 -45 -59 -64 -60 -52 -44 -37 -33 -30 -28 -25 -21 -17 -15 -13 -12 -10 -9 -8 -7 -5 -4 -3 -6 -8 -11 -13 -15 -16 -16 -16 -15 -15 -14 -13 -12 -12 -11 -10 -9 -9 -8 -8 -8 -7 -8 -8 -8 -8 -8 -999 -999 -999 -999 -999
-999 -999 -999 -999 -999 -999 -999 -999 -999 -999 -999 -999 -999 -999 -999 -999 -999 -999 -999 -999 -999 -999 -999 -999 -999 -999 -999 -999 -999 -21 -46 -62 -67 -64 -56 -47 -39 -34 -30 -27 -24 -20 -17 -14 -12 -11 -10 -9 -7 -6 -5 -3 -1 -5 -7 -9 -11 -13 -14 -15 -15 -15 -14 -13 -13 -12 -12 -11 -10 -9 -9 -8 -8 -7 -7 -7 -7 -7 -7 -999 -999 -999 -999 -999 -999
-999 -999 -999 -999 -999 -999 -999 -999 -999 -999 -999 -999 -999 -999 -999 -999 -999 -999 -999 -999 -999 -999 -999 -999 -999 -999 -999 -999 -1 -26 -46 -59 -65 -63 -57 -48 -40 -34 -29 -26 -22 -18 -15 -13 -11 -10 -9 -8 -7 -6 -4 -4 -3 -4 -5 -7 -10 -12 -14 -15 -15 -15 -14 -14 -13 -13 -12 -11 -10 -9 -9 -8 -7 -7 -7 -7 -7 -7 -6 -6 -999 -999 -999 -999 -999
-999 -999 -999 -999 -999 -999 -999 -999 -999 -999 -999 -999 -999 -999 -999 -999 -999 -999 -999 -999 -999 -999 -999 -999 -999 -999 -999 7 -13 -32 -45 -54 -58 -59 -55 -47 -39 -33 -27 -23 -20 -16 -14 -12 -10 -9 -8 -7 -6 -5 -4 -4 -3 -3 -3 -6 -9 -11 -14 -15 -16 -16 -15 -15 -14 -13 -13 -12 -11 -10 -9 -8 -7 -7 -7 -6 -6 -6 -6 -999 -999 -999 -999 -999 -999
-999 -999 -999 -999 -999 -999 -999 -999 -999 -999 -999 -999 -999 -999 -999 -999 -999 -999 -999 -999 -999 -999 -999 -999 -999 -999 13 -3 -21 -36 -45 -50 -53 -54 -52 -46 -38 -31 -24 -20 -16 -14 -12 -10 -9 -8 -7 -6 -5 -5 -4 -3 -3 -3 -3 -5 -8 -12 -15 -17 -18 -18 -17 -16 -15 -14 -14 -13 -11 -10 -9 -8 -7 -7 -6 -6 -6 -5 -5 -5 -999 -999 -999 -999 -999
-999 -999 -999 -999 -999 -999 -999 -999 -999 -999 -999 -999 -999 -999 -999 -999 -999 -999 -999 -999 -999 -999 -999 -999 18 15 6 -10 -27 -39 -46 -48 -50 -51 -50 -44 -36 -27 -20 -15 -12 -11 -9 -8 -8 -7 -6 -6 -5 -4 -4 -3 -3 -3 -3 -4 -8 -13 -17 -20 -21 -20 -19 -18 -16 -15 -15 -13 -12 -11 -9 -8 -7 -7 -6 -6 -5 -5 -5 -4 -4 -999 -999 -999 -999
-999 -999 -999 -999 -999 -999 -999 -999 -999 -999 -999 -999 -999 -999 -999 -999 -999 -999 8 11 14 17 17 16 13 9 -1 -16 -31 -41 -46 -48 -49 -50 -49 -44 -36 -24 -16 -11 -8 -8 -7 -7 -6 -6 -6 -5 -4 -4 -3 -3 -3 -3 -3 -4 -9 -15 -21 -24 -25 -24 -22 -20 -18 -17 -16 -14 -13 -11 -9 -8 -7 -6 -6 -5 -5 -5 -4 -4 -4 -4 -4 -999 -999
-999 -999 -999 -999 -999 -999 -999 -999 -999 -999 -999 -999 -999 -999 -999 -999 -1 -2 1 3 6 8 9 10 8 3 -8 -22 -35 -43 -47 -49 -50 -50 -49 -45 -38 -29 -21 -13 -7 -5 -5 -5 -5 -5 -5 -4 -4 -4 -3 -3 -3 -3 -3 -2 -10 -20 -27 -31 -32 -30 -28 -24 -21 -18 -17 -15 -13 -12 -10 -8 -7 -6 -6 -5 -5 -4 -4 -4 -4 -4 -4 -4 -999
-999 -999 -999 -999 -999 -999 -999 -999 -999 -999 -999 -999 -999 -999 -999 -3 -5 -6 -6 -5 -3 -1 1 1 -0 -7 -17 -29 -39 -46 -49 -50 -51 -52 -50 -47 -41 -34 -26 -19 -13 -9 -6 -4 -4 -4 -4 -4 -3 -3 -3 -3 -3 -3 -2 -0 -14 -27 -37 -42 -42 -39 -35 -30 -25 -22 -20 -17 -14 -12 -10 -8 -6 -5 -5 -5 -4 -4 -4 -4 -4 -4 -4 -4 -4
-999 -999 -999 -999 -999 -999 -999 -999 -999 -999 -999 -999 -999 -999 -2 -7 -10 -12 -13 -12 -10 -9 -8 -9 -13 -20 -29 -38 -45 -50 -52 -54 -55 -55 -53 -50 -45 -39 -32 -25 -19 -13 -9 -7 -5 -4 -3 -3 -3 -3 -3 -3 -3 -3 -1 -2 -23 -39 -52 -57 -55 -48 -41 -35 -29 -25 -22 -17 -14 -12 -9 -7 -6 -5 -4 -4 -4 -4 -4 -4 -4 -4 -4 -4 -4
-999 -999 -999 -999 -999 -999 -999 -999 -999 -999 -999 -999 -999 -999 -6 -11 -15 -18 -19 -19 -18 -18 -19 -23 -28 -35 -42 -48 -53 -56 -58 -60 -60 -59 -58 -54 -50 -44 -38 -31 -25 -19 -14 -10 -8 -7 -5 -4 -4 -2 -2 -3 -3 -5 -6 -27 -43 -58 -70 -70 -65 -57 -48 -41 -33 -28 -23 -17 -14 -11 -9 -7 -5 -4 -4 -4 -4 -4 -4 -4 -4 -4 -4 -4 -4
-999 -999 -999 -999 -999 -999 -999 -999 -999 -999 -999 -999 -999 -2 -10 -16 -20 -23 -24 -25 -26 -28 -33 -39 -46 -52 -56 -60 -63 -65 -67 -67 -67 -66 -63 -60 -56 -50 -45 -38 -31 -24 -18 -14 -11 -10 -8 -7 -7 -8 -10 -13 -17 -24 -37 -56 -70 -81 -87 -84 -75 -66 -55 -45 -37 -31 -24 -17 -13 -11 -8 -6 -5 -4 -4 -4 -4 -4 -4 -4 -4 -4 -3 -3 -3
-999 -999 -999 -999 -999 -999 -999 -999 -999 -999 -999 -999 -999 -5 -13 -19 -24 -26 -27 -29 -33 -38 -48 -58 -66 -70 -73 -75 -76 -77 -77 -77 -76 -73 -71 -67 -62 -57 -51 -45 -37 -29 -22 -17 -14 -12 -11 -11 -11 -14 -18 -23 -30 -39 -56 -72 -87 -98 -101 -97 -85 -73 -62 -50 -44 -33 -21 -15 -13 -10 -8 -6 -5 -4 -4 -4 -4 -4 -4 -3 -3 -3 -3 -3 -3
-999 -999 -999 -999 -999 -999 -999 -999 -999 -999 -999 -999 -999 -5 -15 -22 -26 -28 -30 -33 -40 -50 -64 -77 -85 -90 -92 -93 -92 -90 -88 -86 -84 -82 -78 -74 -69 -64 -58 -52 -44 -35 -26 -19 -15 -14 -13 -13 -15 -19 -24 -30 -37 -47 -63 -80 -95 -105 -109 -102 -93 -80 -67 -54 -46 -33 -18 -14 -11 -9 -7 -6 -5 -4 -4 -4 -4 -4 -4 -3 -3 -3 -3 -3 -3
-999 -999 -999 -999 -999 -999 -999 -999 -999 -999 -999 -999 -999 -6 -17 -24 -28 -30 -33 -39 -49 -64 -83 -100 -109 -114 -115 -113 -109 -106 -101 -97 -94 -91 -87 -82 -77 -71 -65 -58 -50 -40 -31 -22 -18 -15 -15 -15 -18 -22 -27 -33 -40 -52 -65 -80 -94 -104 -105 -101 -93 -85 -74 -58 -45 -25 -16 -12 -10 -8 -6 -5 -5 -4 -4 -4 -4 -4 -3 -3 -3 -3 -3 -3 -3
-999 -999 -999 -999 -999 -999 -999 -999 -999 -999 -999 -999 -999 -5 -18 -26 -30 -34 -38 -46 -60 -82 -107 -131 -141 -142 -139 -133 -127 -121 -115 -110 -105 -100 -96 -90 -85 -79 -73 -66 -57 -47 -35 -26 -20 -17 -16 -17 -20 -24 -28 -33 -40 -48 -61 -73 -86 -95 -98 -95 -90 -86 -74 -60 -46 -24 -15 -11 -9 -7 -6 -5 -5 -4 -4 -4 -4 -4 -3 -3 -3 -3 -3 -3 -3
-999 -999 -999 -999 -999 -999 -999 -999 -999 -999 -999 -999 -999 -6 -19 -28 -35 -40 -46 -57 -75 -101 -132 -160 -169 -167 -161 -152 -144 -136 -129 -122 -116 -111 -105 -99 -93 -87 -81 -74 -64 -53 -41 -30 -23 -19 -18 -19 -21 -25 -29 -33 -37 -42 -49 -58 -70 -79 -86 -88 -84 -79 -71 -59 -46 -23 -14 -10 -8 -7 -6 -5 -5 -5 -4 -4 -4 -4 -3 -3 -3 -3 -3 -3 -3
-999 -999 -999 -999 -999 -999 -999 -999 -999 -999 -999 -999 -999 -6 -22 -32 -40 -47 -55 -68 -90 -121 -155 -183 -191 -187 -177 -166 -155 -146 -138 -132 -126 -120 -113 -107 -101 -95 -89 -82 -72 -59 -46 -34 -26 -21 -20 -20 -22 -25 -29 -32 -34 -37 -41 -47 -53 -60 -68 -73 -73 -72 -66 -54 -32 -20 -13 -10 -8 -6 -6 -5 -5 -5 -5 -4 -4 -4 -3 -3 -3 -3 -3 -3 -3
-999 -999 -999 -999 -999 -999 -999 -999 -999 -999 -999 -999 -999 -8 -24 -37 -46 -54 -64 -79 -104 -140 -175 -200 -207 -202 -190 -175 -162 -150 -143 -138 -133 -127 -120 -113 -107 -102 -97 -90 -80 -66 -51 -37 -28 -23 -21 -21 -23 -26 -29 -31 -33 -35 -37 -40 -44 -47 -50 -52 -54 -57 -54 -47 -27 -17 -13 -10 -8 -7 -6 -6 -5 -5 -5 -5 -4 -4 -4 -3 -3 -3 -3 -3 -3
-999 -999 -999 -999 -999 -999 -999 -999 -999 -999 -999 -999 -999 -9 -27 -41 -52 -60 -70 -87 -117 -156 -192 -212 -217 -212 -200 -182 -166 -153 -146 -142 -138 -131 -124 -118 -113 -108 -104 -97 -87 -72 -55 -40 -29 -24 -22 -22 -23 -26 -29 -31 -32 -33 -34 -37 -39 -41 -42 -42 -43 -42 -38 -31 -22 -16 -12 -10 -8 -7 -6 -6 -6 -6 -6 -5 -5 -4 -4 -3 -3 -3 -3 -3 -3
-999 -999 -999 -999 -999 -999 -999 -999 -999 -999 -999 -999 -999 -9 -28 -44 -55 -63 -74 -95 -128 -169 -202 -219 -224 -221 -209 -189 -168 -154 -146 -143 -139 -134 -127 -121 -116 -112 -108 -103 -93 -76 -58 -41 -30 -25 -22 -22 -23 -26 -28 -31 -32 -32 -33 -35 -36 -38 -38 -38 -37 -35 -30 -25 -19 -15 -13 -11 -9 -8 -7 -7 -6 -6 -6 -5 -5 -4 -4 -4 -3 -3 -3 -3 -3
-999 -999 -999 -999 -999 -999 -999 -999 -999 -999 -999 -999 -999 -8 -27 -43 -56 -65 -78 -102 -138 -177 -208 -224 -231 -230 -219 -197 -173 -156 -148 -143 -139 -133 -127 -122 -117 -113 -110 -105 -94 -78 -59 -42 -31 -25 -22 -21 -23 -25 -28 -30 -31 -32 -32 -33 -34 -35 -36 -36 -34 -31 -27 -23 -19 -16 -14 -12 -10 -9 -8 -7 -7 -6 -6 -6 -5 -5 -4 -4 -4 -4 -4 -4 -4
-999 -999 -999 -999 -999 -999 -999 -999 -999 -999 -999 -999 -999 -6 -25 -41 -53 -64 -79 -102 -136 -175 -205 -224 -235 -238 -231 -206 -178 -159 -148 -142 -137 -131 -125 -120 -117 -113 -110 -104 -94 -78 -59 -42 -31 -24 -22 -21 -22 -24 -26 -28 -30 -31 -31 -32 -33 -34 -34 -33 -32 -29 -26 -22 -19 -17 -15 -13 -12 -10 -9 -8 -7 -7 -7 -6 -6 -5 -5 -4 -4 -4 -4 -4 -4
-999 -999 -999 -999 -999 -999 -999 -999 -999 -999 -999 -999 -999 -4 -23 -37 -48 -58 -71 -90 -118 -155 -187 -210 -226 -235 -234 -207 -179 -158 -146 -138 -132 -127 -122 -117 -114 -111 -107 -102 -91 -76 -57 -41 -30 -23 -21 -20 -20 -22 -24 -26 -28 -29 -30 -31 -32 -32 -32 -32 -30 -28 -25 -23 -20 -18 -16 -15 -13 -12 -10 -9 -8 -8 -7 -7 -6 -6 -5 -5 -5 -4 -4 -4 -4
-999 -999 -999 -999 -999 -999 -999 -999 -999 -999 -999 -999 -999 -4 -23 -35 -43 -51 -60 -75 -96 -122 -147 -167 -185 -201 -218 -198 -172 -151 -139 -131 -125 -120 -116 -112 -109 -106 -102 -97 -87 -73 -55 -38 -28 -22 -20 -19 -20 -21 -23 -25 -26 -28 -29 -30 -32 -32 -33 -32 -30 -28 -26 -23 -21 -19 -18 -16 -14 -13 -12 -10 -9 -9 -8 -7 -7 -6 -6 -5 -5 -5 -5 -4 -4
-999 -999 -999 -999 -999 -999 -999 -999 -999 -999 -999 -999 -999 -999 -30 -35 -39 -44 -51 -61 -77 -95 -112 -124 -135 -150 -169 -167 -153 -137 -128 -122 -117 -113 -109 -106 -102 -99 -96 -91 -83 -69 -51 -35 -26 -21 -19 -18 -19 -21 -23 -24 -26 -27 -29 -31 -33 -34 -34 -33 -32 -30 -27 -24 -22 -20 -18 -17 -16 -14 -13 -11 -10 -9 -9 -8 -7 -7 -6 -6 -5 -5 -5 -5 -5
-999 -999 -999 -999 -999 -999 -999 -999 -999 -999 -999 -999 -999 -999 -32 -34 -37 -40 -44 -51 -63 -76 -86 -93 -98 -107 -119 -125 -124 -119 -115 -111 -108 -105 -102 -98 -96 -93 -90 -86 -78 -64 -47 -33 -24 -20 -18 -18 -19 -21 -23 -25 -26 -28 -30 -32 -34 -36 -36 -35 -34 -31 -28 -25 -22 -20 -19 -18 -17 -15 -13 -12 -11 -10 -9 -8 -8 -7 -6 -6 -6 -5 -5 -5 -5
-999 -999 -999 -999 -999 -999 -999 -999 -999 -999 -999 -999 -999 -28 -30 -33 -35 -37 -40 -44 -52 -62 -71 -77 -81 -85 -92 -98 -102 -103 -102 -100 -98 -96 -93 -91 -89 -87 -85 -81 -73 -59 -43 -30 -23 -19 -18 -18 -20 -22 -24 -25 -27 -29 -31 -34 -36 -37 -38 -37 -35 -32 -29 -26 -23 -21 -20 -18 -17 -15 -14 -12 -11 -10 -10 -9 -8 -7 -6 -6 -6 -5 -5 -5 -5
-999 -999 -999 -999 -999 -999 -999 -999 -999 -999 -999 -999 -25 -26 -28 -31 -33 -35 -37 -40 -45 -53 -60 -66 -71 -73 -77 -80 -84 -87 -87 -87 -86 -85 -84 -83 -82 -81 -79 -74 -66 -53 -39 -28 -22 -19 -18 -19 -20 -22 -24 -26 -28 -30 -32 -35 -38 -39 -39 -38 -36 -33 -30 -27 -24 -21 -20 -19 -17 -16 -14 -13 -12 -11 -10 -9 -8 -7 -6 -6 -6 -5 -5 -5 -5
-999 -999 -999 -999 -999 -999 -999 -999 -999 -999 -999 -999 -23 -24 -25 -27 -30 -31 -33 -35 -39 -45 -51 -56 -60 -63 -65 -67 -70 -72 -73 -74 -74 -74 -75 -74 -74 -73 -71 -66 -57 -46 -35 -27 -22 -19 -19 -19 -21 -22 -24 -26 -28 -31 -34 -37 -39 -40 -40 -39 -37 -34 -31 -28 -25 -22 -20 -19 -18 -16 -15 -13 -12 -11 -10 -9 -8 -7 -6 -6 -6 -5 -5 -5 -5
-999 -999 -999 -999 -999 -999 -999 -999 -999 -999 -999 -999 -20 -20 -21 -23 -25 -26 -27 -29 -33 -38 -43 -47 -50 -53 -55 -57 -59 -60 -61 -62 -63 -64 -65 -66 -66 -64 -62 -56 -49 -40 -31 -25 -21 -19 -19 -20 -21 -23 -25 -27 -29 -32 -35 -38 -41 -42 -42 -40 -38 -35 -32 -28 -25 -23 -21 -19 -18 -16 -15 -13 -12 -11 -10 -9 -8 -7 -6 -6 -6 -5 -5 -5 -5
-999 -999 -999 -999 -999 -999 -999 -999 -999 -999 -999 -999 -16 -16 -17 -18 -19 -20 -22 -24 -28 -32 -36 -39 -42 -45 -47 -49 -51 -52 -53 -54 -55 -56 -57 -57 -57 -55 -52 -47 -41 -34 -28 -24 -21 -20 -19 -20 -21 -23 -25 -27 -30 -33 -36 -39 -42 -43 -43 -41 -39 -35 -32 -29 -26 -23 -21 -20 -18 -17 -15 -14 -12 -11 -10 -9 -8 -7 -6 -6 -5 -5 -5 -5 -5
-999 -999 -999 -999 -999 -999 -999 -999 -999 -999 -999 -999 -12 -12 -12 -12 -13 -14 -16 -20 -24 -28 -31 -34 -36 -39 -41 -44 -46 -47 -47 -48 -49 -50 -51 -51 -49 -47 -43 -39 -35 -30 -26 -23 -20 -19 -19 -20 -21 -23 -25 -28 -30 -33 -36 -40 -42 -43 -43 -41 -39 -36 -32 -29 -26 -23 -22 -20 -18 -17 -15 -14 -13 -11 -10 -9 -8 -7 -6 -6 -5 -5 -5 -4 -4
-999 -999 -999 -999 -999 -999 -999 -999 -999 -999 -999 -999 -9 -8 -9 -8 -8 -10 -12 -16 -20 -24 -28 -31 -33 -35 -38 -40 -42 -44 -44 -44 -45 -46 -46 -45 -44 -41 -38 -35 -32 -28 -24 -22 -20 -19 -19 -20 -21 -23 -25 -27 -30 -33 -36 -39 -42 -43 -42 -40 -38 -35 -32 -28 -26 -23 -22 -20 -19 -17 -16 -14 -13 -11 -10 -9 -8 -7 -6 -5 -5 -5 -4 -4 -4
-999 -999 -999 -999 -999 -999 -999 -999 -999 -999 -999 -999 -5 -5 -6 -5 -5 -6 -9 -13 -17 -21 -25 -28 -30 -32 -35 -38 -40 -41 -42 -42 -43 -43 -43 -42 -40 -37 -35 -33 -30 -26 -23 -21 -19 -19 -19 -19 -21 -22 -24 -27 -29 -32 -35 -38 -41 -42 -41 -40 -38 -35 -31 -28 -25 -23 -21 -20 -18 -17 -16 -14 -13 -11 -10 -9 -8 -7 -6 -5 -5 -4 -4 -4 -4
-999 -999 -999 -999 -999 -999 -999 -999 -999 -999 -999 -999 -3 -3 -3 -3 -3 -4 -7 -10 -14 -19 -22 -25 -28 -30 -32 -35 -38 -39 -40 -41 -41 -40 -40 -39 -37 -35 -33 -30 -27 -24 -21 -19 -18 -18 -18 -19 -20 -21 -23 -26 -28 -30 -33 -36 -39 -40 -39 -38 -36 -33 -30 -27 -24 -22 -21 -19 -18 -17 -15 -14 -13 -12 -10 -9 -8 -7 -6 -5 -5 -4 -4 -4 -4
-999 -999 -999 -999 -999 -999 -999 -999 -999 -999 -999 -999 -2 -2 -1 -1 -1 -2 -5 -8 -12 -16 -19 -22 -25 -27 -30 -33 -35 -37 -38 -38 -38 -38 -37 -36 -34 -32 -30 -27 -24 -21 -19 -18 -17 -17 -17 -18 -19 -20 -22 -24 -26 -28 -30 -32 -34 -35 -35 -34 -32 -30 -27 -25 -23 -21 -20 -19 -18 -16 -15 -14 -13 -12 -11 -10 -8 -7 -6 -5 -5 -4 -4 -3 -3
-999 -999 -999 -999 -999 -999 -999 -999 -999 -999 -999 -999 -1 -1 -0 -0 -0 -1 -3 -5 -9 -12 -16 -19 -21 -24 -27 -30 -32 -34 -35 -35 -35 -35 -34 -32 -30 -28 -26 -23 -21 -18 -17 -16 -16 -16 -17 -17 -18 -19 -20 -22 -23 -25 -26 -28 -29 -30 -30 -29 -28 -27 -25 -23 -21 -20 -19 -18 -17 -16 -15 -14 -13 -12 -11 -10 -9 -8 -7 -5 -5 -4 -3 -3 -3
-999 -999 -999 -999 -999 -999 -999 -999 -999 -999 -999 -999 -0 -0 0 0 0 -0 -1 -3 -6 -9 -12 -15 -18 -21 -24 -27 -29 -31 -31 -32 -32 -32 -31 -29 -27 -24 -21 -19 -16 -15 -14 -14 -14 -15 -16 -16 -17 -18 -19 -20 -21 -22 -23 -24 -25 -25 -25 -25 -25 -24 -23 -21 -20 -19 -18 -17 -16 -15 -14 -13 -12 -12 -11 -10 -9 -8 -7 -6 -5 -4 -3 -3 -3
-999 -999 -999 -999 -999 -999 -999 -999 -999 -999 -999 -999 -0 0 1 1 1 1 -0 -2 -4 -7 -9 -12 -14 -17 -20 -24 -26 -28 -28 -29 -29 -29 -28 -26 -23 -19 -16 -14 -12 -12 -12 -12 -13 -14 -15 -16 -16 -17 -18 -19 -19 -20 -21 -22 -22 -22 -22 -22 -22 -22 -21 -20 -19 -18 -17 -16 -16 -15 -14 -13 -12 -11 -11 -10 -9 -8 -7 -6 -4 -4 -3 -3 -3
-999 -999 -999 -999 -999 -999 -999 -999 -999 -999 -999 -999 -0 0 1 1 1 1 1 -1 -2 -4 -6 -9 -11 -13 -17 -20 -24 -25 -26 -26 -26 -26 -25 -22 -18 -15 -12 -10 -9 -9 -10 -11 -12 -13 -14 -15 -16 -16 -17 -18 -18 -19 -19 -20 -20 -21 -21 -21 -21 -20 -20 -19 -18 -17 -17 -16 -15 -14 -13 -12 -12 -11 -11 -10 -9 -8 -7 -6 -4 -4 -3 -3 -3
-999 -999 -999 -999 -999 -999 -999 -999 -999 -999 -999 -999 -0 0 1 1 1 1 1 0 -1 -2 -4 -6 -8 -10 -13 -17 -20 -23 -24 -25 -25 -24 -22 -18 -15 -11 -9 -8 -7 -8 -9 -10 -11 -12 -13 -14 -15 -16 -16 -17 -17 -18 -18 -19 -19 -19 -20 -20 -20 -19 -19 -18 -17 -17 -16 -15 -15 -14 -13 -12 -11 -11 -11 -10 -9 -8 -7 -5 -4 -4 -3 -3 -3
-999 -999 -999 -999 -999 -999 -999 -999 -999 -999 -999 -999 -0 0 1 1 1 1 1 1 0 -1 -3 -5 -6 -8 -11 -14 -17 -20 -22 -23 -22 -21 -18 -15 -11 -9 -7 -6 -6 -6 -7 -9 -10 -11 -12 -13 -14 -15 -16 -16 -17 -17 -17 -18 -18 -18 -19 -19 -19 -18 -17 -17 -16 -16 -15 -15 -14 -13 -12 -12 -11 -11 -10 -10 -9 -8 -6 -5 -4 -4 -3 -3 -3
-999 -999 -999 -999 -999 -999 -999 -999 -999 -999 -999 -999 0 0 1 1 1 1 1 1 0 -1 -2 -3 -5 -6 -8 -10 -13 -16 -18 -19 -19 -17 -15 -12 -9 -7 -6 -5 -5 -6 -6 -7 -9 -10 -11 -12 -13 -14 -15 -15 -16 -16 -16 -17 -17 -17 -17 -17 -17 -16 -16 -15 -15 -14 -14 -14 -13 -12 -12 -11 -11 -10 -10 -9 -8 -7 -6 -5 -4 -3 -3 -3 -3
-999 -999 -999 -999 -999 -999 -999 -999 -999 -999 -999 -999 0 0 1 1 1 1 1 1 0 -1 -2 -3 -4 -5 -6 -8 -10 -12 -14 -14 -14 -13 -11 -9 -7 -6 -5 -5 -5 -5 -6 -7 -7 -8 -9 -10 -12 -13 -13 -14 -14 -15 -15 -15 -15 -16 -16 -15 -15 -14 -14 -13 -13 -12 -12 -12 -12 -11 -11 -10 -10 -10 -9 -8 -7 -6 -5 -4 -4 -3 -3 -3 -3
-999 -999 -999 -999 -999 -999 -999 -999 -999 -999 -999 -999 0 0 0 0 0 0 0 0 -0 -1 -2 -3 -3 -4 -5 -6 -7 -8 -9 -10 -10 -9 -8 -7 -5 -5 -4 -4 -4 -5 -5 -6 -7 -7 -8 -9 -10 -11 -12 -12 -13 -13 -13 -13 -14 -14 -13 -13 -12 -12 -11 -11 -10 -10 -10 -10 -10 -10 -10 -9 -9 -9 -8 -7 -6 -5 -5 -4 -3 -3 -3 -3 -3
-999 -999 -999 -999 -999 -999 -999 -999 -999 -999 -999 -999 0 0 0 0 0 0 0 -0 -1 -1 -2 -3 -3 -3 -4 -5 -5 -6 -6 -7 -7 -6 -6 -5 -4 -4 -4 -4 -4 -5 -5 -6 -6 -6 -7 -8 -8 -9 -10 -11 -11 -11 -12 -12 -11 -11 -11 -10 -10 -10 -9 -9 -9 -9 -8 -9 -9 -9 -9 -8 -8 -8 -7 -6 -6 -5 -4 -4 -3 -3 -3 -3 -3
-999 -999 -999 -999 -999 -999 -999 -999 -999 -999 -999 -999 -0 -0 -0 -0 -0 -0 -0 -1 -1 -2 -2 -3 -3 -3 -3 -4 -4 -5 -5 -5 -5 -5 -4 -4 -4 -4 -4 -4 -4 -4 -5 -5 -6 -6 -6 -7 -7 -8 -9 -9 -10 -10 -10 -10 -10 -9 -9 -8 -8 -8 -8 -8 -8 -8 -8 -8 -8 -8 -8 -7 -7 -6 -6 -6 -5 -4 -4 -3 -3 -3 -3 -3 -3
-999 -999 -999 -999 -999 -999 -999 -999 -999 -999 -999 -999 -0 -0 -0 -0 -0 -0 -1 -1 -1 -2 -2 -2 -3 -3 -3 -3 -4 -4 -4 -4 -4 -4 -4 -4 -4 -4 -4 -4 -4 -4 -5 -5 -5 -6 -6 -6 -7 -7 -8 -8 -8 -9 -8 -8 -8 -8 -8 -8 -8 -7 -7 -7 -7 -7 -7 -7 -7 -7 -7 -6 -6 -6 -5 -5 -4 -4 -3 -3 -3 -3 -3 -3 -3
-999 -999 -999 -999 -999 -999 -999 -999 -999 -999 -999 -999 -1 -1 -1 -1 -1 -1 -1 -1 -1 -2 -2 -2 -3 -3 -3 -3 -3 -3 -3 -3 -3 -3 -3 -3 -3 -3 -3 -4 -4 -4 -4 -5 -5 -5 -6 -6 -6 -6 -7 -7 -7 -7 -7 -7 -7 -7 -7 -7 -7 -7 -7 -7 -7 -7 -7 -7 -6 -6 -6 -5 -5 -5 -5 -4 -4 -3 -3 -3 -3 -3 -3 -3 -3
-999 -999 -999 -999 -999 -999 -999 -999 -999 -999 -999 -999 -1 -1 -1 -1 -1 -1 -1 -1 -1 -2 -2 -2 -2 -3 -3 -3 -3 -3 -3 -3 -3 -3 -3 -3 -3 -3 -3 -3 -4 -4 -4 -5 -5 -5 -5 -5 -6 -6 -6 -6 -6 -7 -6 -6 -6 -6 -6 -6 -6 -6 -6 -6 -6 -6 -6 -6 -6 -5 -5 -5 -4 -4 -4 -4 -3 -3 -3 -3 -3 -3 -3 -3 -3
-999 -999 -999 -999 -999 -999 -999 -999 -999 -999 -999 -999 -1 -1 -1 -1 -1 -1 -1 -1 -2 -2 -2 -2 -2 -3 -3 -3 -3 -3 -3 -3 -3 -3 -3 -3 -3 -3 -3 -3 -3 -4 -4 -4 -5 -5 -5 -5 -5 -5 -5 -6 -6 -6 -6 -6 -6 -6 -6 -6 -6 -6 -6 -6 -6 -6 -6 -5 -5 -5 -4 -4 -4 -4 -3 -3 -3 -3 -3 -3 -3 -3 -3 -3 -3
-999 -999 -999 -999 -999 -999 -999 -999 -999 -999 -999 -999 -1 -1 -1 -1 -1 -1 -1 -2 -2 -2 -2 -2 -2 -2 -3 -3 -3 -3 -3 -3 -3 -3 -3 -3 -3 -3 -3 -3 -3 -3 -4 -4 -4 -5 -5 -5 -5 -5 -5 -5 -5 -5 -5 -5 -5 -5 -5 -5 -5 -5 -5 -5 -5 -5 -5 -5 -4 -4 -4 -3 -3 -3 -3 -3 -3 -3 -3 -3 -3 -3 -3 -3 -3
-999 -999 -999 -999 -999 -999 -999 -999 -999 -999 -999 -999 -1 -1 -1 -1 -1 -2 -2 -2 -2 -2 -2 -2 -2 -2 -2 -3 -3 -3 -3 -3 -3 -3 -3 -3 -3 -3 -3 -3 -3 -3 -4 -4 -4 -4 -5 -5 -5 -5 -5 -5 -5 -5 -5 -5 -5 -5 -5 -5 -5 -5 -5 -5 -5 -5 -4 -4 -4 -4 -3 -3 -3 -3 -3 -3 -3 -3 -3 -3 -3 -3 -3 -3 -3
-999 -999 -999 -999 -999 -999 -999 -999 -999 -999 -999 -999 -2 -2 -2 -2 -2 -2 -2 -2 -2 -2 -2 -2 -2 -2 -2 -3 -3 -3 -3 -3 -3 -3 -3 -3 -3 -3 -3 -3 -3 -3 -3 -4 -4 -4 -4 -4 -4 -4 -5 -5 -5 -5 -5 -5 -5 -5 -5 -5 -5 -5 -5 -4 -4 -4 -4 -4 -3 -3 -3 -3 -3 -3 -3 -3 -3 -3 -3 -3 -3 -3 -3 -3 -2
-999 -999 -999 -999 -999 -999 -999 -999 -999 -999 -999 -999 -2 -2 -2 -2 -2 -2 -2 -2 -2 -2 -2 -2 -2 -2 -2 -3 -3 -3 -3 -3 -3 -3 -3 -3 -3 -3 -3 -3 -3 -3 -3 -4 -4 -4 -4 -4 -4 -4 -4 -4 -4 -4 -4 -4 -4 -4 -4 -4 -4 -4 -4 -4 -4 -4 -3 -3 -3 -3 -3 -3 -3 -3 -3 -3 -3 -3 -3 -3 -3 -2 -2 -2 -2
-999 -999 -999 -999 -999 -999 -999 -999 -999 -999 -999 -999 -2 -2 -2 -2 -2 -2 -2 -2 -2 -2 -2 -2 -2 -2 -2 -3 -3 -3 -3 -3 -3 -3 -3 -3 -3 -3 -3 -3 -3 -3 -3 -3 -4 -4 -4 -4 -4 -4 -4 -4 -4 -4 -4 -4 -4 -4 -4 -4 -4 -4 -4 -4 -3 -3 -3 -3 -3 -3 -3 -3 -3 -3 -3 -3 -3 -3 -3 -2 -2 -2 -2 -2 -2
-999 -999 -999 -999 -999 -999 -999 -999 -999 -999 -999 -999 -2 -2 -2 -2 -2 -2 -2 -2 -2 -2 -2 -2 -2 -2 -3 -3 -3 -3 -3 -3 -3 -3 -3 -3 -3 -3 -3 -3 -3 -3 -3 -3 -3 -4 -4 -4 -4 -4 -4 -4 -4 -4 -4 -4 -4 -4 -4 -4 -4 -4 -4 -3 -3 -3 -3 -3 -3 -3 -3 -3 -3 -3 -3 -3 -3 -3 -2 -2 -2 -2 -2 -2 -2
-999 -999 -999 -999 -999 -999 -999 -999 -999 -999 -999 -999 -2 -2 -2 -2 -2 -2 -2 -2 -2 -2 -2 -3 -3 -3 -3 -3 -3 -3 -3 -3 -3 -3 -3 -3 -3 -3 -3 -3 -3 -3 -3 -3 -3 -3 -3 -4 -4 -4 -4 -4 -4 -4 -4 -4 -4 -4 -4 -4 -4 -4 -3 -3 -3 -3 -3 -3 -3 -3 -3 -3 -3 -3 -3 -3 -3 -2 -2 -2 -2 -2 -2 -2 -2
-999 -999 -999 -999 -999 -999 -999 -999 -999 -999 -999 -999 -2 -2 -2 -2 -2 -2 -2 -2 -2 -3 -3 -3 -3 -3 -3 -3 -3 -3 -3 -3 -3 -3 -3 -3 -3 -3 -3 -3 -3 -3 -3 -3 -3 -3 -3 -3 -3 -4 -4 -4 -4 -4 -4 -4 -4 -4 -4 -3 -3 -3 -3 -3 -3 -3 -3 -3 -3 -3 -3 -3 -3 -3 -3 -3 -2 -2 -2 -2 -2 -2 -2 -2 -2
-999 -999 -999 -999 -999 -999 -999 -999 -999 -999 -999 -999 -3 -3 -3 -3 -3 -3 -3 -3 -3 -3 -3 -3 -3 -3 -3 -3 -3 -3 -3 -3 -3 -3 -3 -3 -3 -3 -3 -3 -3 -3 -3 -3 -3 -3 -3 -3 -3 -3 -3 -3 -4 -4 -4 -4 -3 -3 -3 -3 -3 -3 -3 -3 -3 -3 -3 -3 -3 -3 -3 -2 -2 -2 -2 -2 -2 -2 -2 -2 -2 -2 -2 -2 -2
-999 -999 -999 -999 -999 -999 -999 -999 -999 -999 -999 -999 -3 -3 -3 -3 -3 -3 -3 -3 -3 -3 -3 -3 -3 -3 -3 -3 -3 -3 -3 -3 -3 -3 -3 -3 -3 -3 -3 -3 -3 -3 -3 -3 -3 -3 -3 -3 -3 -3 -3 -3 -3 -3 -3 -3 -3 -3 -3 -3 -3 -3 -3 -3 -3 -3 -3 -3 -2 -2 -2 -2 -2 -2 -2 -2 -2 -2 -2 -2 -2 -2 -2 -2 -2
-999 -999 -999 -999 -999 -999 -999 -999 -999 -999 -999 -999 -3 -3 -3 -3 -3 -3 -3 -3 -3 -3 -3 -3 -3 -3 -3 -3 -3 -3 -3 -3 -3 -3 -3 -3 -3 -3 -3 -3 -3 -3 -3 -3 -3 -3 -3 -3 -3 -3 -3 -3 -3 -3 -3 -3 -3 -3 -3 -3 -3 -3 -3 -3 -3 -3 -3 -2 -2 -2 -2 -2 -2 -2 -2 -2 -2 -2 -2 -2 -2 -2 -2 -2 -2
-999 -999 -999 -999 -999 -999 -999 -999 -999 -999 -999 -999 -3 -3 -3 -3 -3 -3 -3 -3 -3 -3 -3 -3 -3 -3 -3 -3 -3 -3 -3 -3 -3 -3 -3 -3 -3 -3 -3 -3 -3 -3 -3 -3 -3 -3 -3 -3 -3 -3 -3 -3 -3 -3 -3 -3 -3 -3 -3 -3 -3 -3 -3 -3 -3 -3 -2 -2 -2 -2 -2 -2 -2 -2 -2 -2 -2 -2 -2 -2 -2 -2 -2 -2 -2
-999 -999 -999 -999 -999 -999 -999 -999 -999 -999 -999 -999 -3 -3 -3 -3 -3 -3 -3 -3 -3 -3 -3 -3 -3 -3 -3 -3 -3 -3 -3 -3 -3 -3 -3 -3 -3 -3 -3 -3 -3 -3 -3 -3 -3 -3 -3 -3 -3 -3 -3 -3 -3 -3 -3 -3 -3 -3 -3 -3 -3 -3 -3 -3 -3 -3 -2 -2 -2 -2 -2 -2 -2 -2 -2 -2 -2 -2 -2 -2 -2 -2 -2 -2 -2
-999 -999 -999 -999 -999 -999 -999 -999 -999 -999 -999 -999 -3 -3 -3 -3 -3 -3 -3 -3 -3 -3 -3 -3 -3 -3 -3 -3 -3 -3 -3 -3 -3 -3 -3 -3 -3 -3 -3 -3 -3 -3 -3 -3 -3 -3 -3 -3 -3 -3 -3 -3 -3 -3 -3 -3 -3 -3 -3 -3 -3 -3 -3 -3 -3 -2 -2 -2 -2 -2 -2 -2 -2 -2 -2 -2 -2 -2 -2 -2 -2 -2 -2 -2 -2
-999 -999 -999 -999 -999 -999 -999 -999 -999 -999 -999 -999 -3 -3 -3 -3 -3 -3 -3 -3 -3 -3 -3 -3 -3 -3 -3 -3 -3 -3 -3 -3 -3 -3 -3 -3 -3 -3 -3 -3 -3 -3 -3 -3 -3 -3 -3 -3 -3 -3 -3 -3 -3 -3 -3 -3 -3 -3 -3 -3 -3 -3 -3 -3 -2 -2 -2 -2 -2 -2 -2 -2 -2 -2 -2 -2 -2 -2 -2 -2 -2 -2 -2 -2 -2
-999 -999 -999 -999 -999 -999 -999 -999 -999 -999 -999 -999 -3 -3 -3 -3 -3 -3 -3 -3 -3 -3 -3 -3 -3 -3 -3 -3 -3 -3 -3 -3 -3 -3 -3 -3 -3 -3 -3 -3 -3 -3 -3 -3 -3 -3 -3 -3 -3 -3 -3 -3 -3 -3 -3 -3 -3 -3 -3 -3 -3 -3 -3 -3 -2 -2 -2 -2 -2 -2 -2 -2 -2 -2 -2 -2 -2 -2 -2 -2 -2 -2 -2 -2 -2
-999 -999 -999 -999 -999 -999 -999 -999 -999 -999 -999 -999 -3 -3 -3 -3 -3 -3 -3 -3 -3 -3 -3 -3 -3 -3 -3 -3 -3 -3 -3 -3 -3 -3 -3 -3 -3 -3 -3 -3 -3 -3 -3 -3 -3 -3 -3 -3 -3 -3 -3 -3 -3 -3 -3 -3 -3 -3 -3 -3 -3 -3 -3 -2 -2 -2 -2 -2 -2 -2 -2 -2 -2 -2 -2 -2 -2 -2 -2 -2 -2 -2 -2 -2 -2
-999 -999 -999 -999 -999 -999 -999 -999 -999 -999 -999 -999 -3 -3 -3 -3 -3 -3 -3 -3 -3 -3 -3 -3 -3 -3 -3 -3 -3 -3 -3 -3 -3 -3 -3 -3 -3 -3 -3 -3 -3 -3 -3 -3 -3 -3 -3 -3 -3 -3 -3 -3 -3 -3 -3 -3 -3 -3 -3 -3 -3 -3 -3 -2 -2 -2 -2 -2 -2 -2 -2 -2 -2 -2 -2 -2 -2 -2 -2 -2 -2 -2 -2 -2 -2
-999 -999 -999 -999 -999 -999 -999 -999 -999 -999 -999 -999 -3 -3 -3 -3 -3 -3 -3 -3 -3 -3 -3 -3 -3 -3 -3 -3 -3 -3 -3 -3 -3 -3 -3 -3 -3 -3 -3 -3 -3 -3 -3 -3 -3 -3 -3 -3 -3 -3 -3 -3 -3 -3 -3 -3 -3 -3 -3 -3 -3 -3 -3 -2 -2 -2 -2 -2 -2 -2 -2 -2 -2 -2 -2 -2 -2 -2 -2 -2 -2 -2 -2 -2 -2
-999 -999 -999 -999 -999 -999 -999 -999 -999 -999 -999 -999 -3 -3 -3 -3 -3 -3 -3 -3 -3 -3 -3 -3 -3 -3 -3 -3 -3 -3 -3 -3 -3 -3 -3 -3 -3 -3 -3 -3 -3 -3 -3 -3 -3 -3 -3 -3 -3 -3 -3 -3 -3 -3 -3 -3 -3 -3 -3 -3 -3 -3 -3 -2 -2 -2 -2 -2 -2 -2 -2 -2 -2 -2 -2 -2 -2 -2 -2 -2 -2 -2 -2 -2 -2
-999 -999 -999 -999 -999 -999 -999 -999 -999 -999 -999 -999 -3 -3 -3 -3 -3 -3 -3 -3 -3 -3 -3 -3 -3 -3 -3 -3 -3 -3 -3 -3 -3 -3 -3 -3 -3 -3 -3 -3 -3 -3 -3 -3 -3 -3 -3 -3 -3 -3 -3 -3 -3 -3 -3 -3 -3 -3 -3 -3 -3 -3 -2 -2 -2 -2 -2 -2 -2 -2 -2 -2 -2 -2 -2 -2 -2 -2 -2 -2 -2 -2 -2 -2 -2
-999 -999 -999 -999 -999 -999 -999 -999 -999 -999 -999 -999 -3 -3 -3 -3 -3 -3 -3 -3 -3 -3 -3 -3 -3 -3 -3 -3 -3 -3 -3 -3 -3 -3 -3 -3 -3 -3 -3 -3 -3 -3 -3 -3 -3 -3 -3 -3 -3 -3 -3 -3 -3 -3 -3 -3 -3 -3 -3 -3 -3 -3 -2 -2 -2 -2 -2 -2 -2 -2 -2 -2 -2 -2 -2 -2 -2 -2 -2 -2 -2 -2 -2 -2 -2
-999 -999 -999 -999 -999 -999 -999 -999 -999 -999 -999 -999 -3 -3 -3 -3 -3 -3 -3 -3 -3 -3 -3 -3 -3 -3 -3 -3 -3 -3 -3 -3 -3 -3 -3 -3 -3 -3 -3 -3 -3 -3 -3 -3 -3 -3 -3 -3 -3 -3 -3 -3 -3 -3 -3 -3 -3 -3 -3 -3 -3 -3 -2 -2 -2 -2 -2 -2 -2 -2 -2 -2 -2 -2 -2 -2 -2 -2 -2 -2 -2 -2 -2 -2 -2
