0,0,0,0,0
0,0,0,0,0
3,0,0,34,2
0,0,0,0,0
5,0,0,35,2
6,0,0,36,2
7,0,0,24,2
8,0,0,25,2
0,0,0,0,0
10,0,0,26,2
0,0,0,0,0
0,0,0,0,0
0,0,0,0,0
0,0,0,0,0
15,0,0,38,2
0,0,0,0,0
0,0,0,0,0
0,0,0,0,0
0,0,0,0,0
0,0,0,0,0
0,0,0,0,0
0,0,0,0,0
0,0,0,0,0
0,0,0,0,0
25,0,0,28,2
0,0,0,0,0
27,0,0,27,2
0,0,0,0,0
0,0,0,0,0
0,0,0,0,0
0,0,0,0,0
0,0,0,0,0
0,0,0,0,0
0,0,0,0,0
35,0,0,29,2
0,0,0,0,0
0,0,0,0,0
38,0,0,30,2
39,0,0,33,2
0,0,0,0,0
0,0,0,0,0
0,0,0,0,0
43,0,0,31,2
0,0,0,0,0
45,0,0,32,2
0,0,0,0,0
0,0,0,0,0
0,0,0,0,0
0,0,0,0,0
50,0,0,40,2
0,0,0,0,0
52,0,0,39,2
0,0,0,0,0
0,0,0,0,0
0,0,0,0,0
0,0,0,0,0
0,0,0,0,0
0,0,0,0,0
0,0,0,0,0
60,0,0,37,2
0,0,0,0,0
0,0,0,0,0
0,0,0,0,0
0,0,0,0,0
0,0,0,0,0
0,0,0,0,0
0,0,0,0,0
0,0,0,0,0
0,0,0,0,0
0,0,0,0,0
0,0,0,0,0
0,0,0,0,0
0,0,0,0,0
0,0,0,0,0
0,0,0,0,0
0,0,0,0,0
0,0,0,0,0
0,0,0,0,0
0,0,0,0,0
0,0,0,0,0
