#fmp	farm	lay	row	col	QMAX	date_start	date_end
FMP0	45	6	182	59	1000000	1	586
FMP1049	15	6	94	26	1000000	503	586
FMP1069	2	5	18	36	1000000	419	586
FMP1070	4	2	19	35	1000000	419	586
FMP1086	39	6	191	79	1000000	107	586
FMP1091	46	2	173	25	1000000	191	586
FMP1110	63	1	143	56	1000000	107	190
FMP1156	20	1	124	27	1000000	1	346
FMP1165	26	4	149	55	1000000	1	586
FMP1169	24	5	143	62	1000000	275	586
FMP1170	24	5	143	62	1000000	275	586
FMP1176	35	5	159	66	1000000	107	190
FMP1184	42	6	168	51	1000000	1	586
FMP1200	10	2	71	44	1000000	191	586
FMP1201	12	4	83	37	1000000	107	274
FMP1202	14	3	94	41	1000000	1	586
FMP1214	15	6	93	35	1000000	1	586
FMP1232	31	4	138	28	1000000	1	586
FMP1236	55	3	170	33	1000000	275	346
FMP1239	63	4	143	60	1000000	191	274
FMP1243	25	3	146	65	1000000	275	586
FMP1266	61	3	126	49	1000000	1	346
FMP1271	34	4	158	41	1000000	191	418
FMP1280	38	6	169	58	1000000	275	586
FMP1281	52	6	105	30	1000000	1	586
FMP130	23	1	135	25	1000000	107	418
FMP1303	31	4	138	26	1000000	347	586
FMP131	28	2	147	49	1000000	1	346
FMP1317	63	6	140	61	1000000	275	586
FMP132	28	2	147	49	1000000	1	346
FMP1338	20	6	124	26	1000000	347	586
FMP1351	30	4	142	45	1000000	347	418
FMP1360	59	5	133	67	1000000	347	586
FMP1361	35	6	157	62	1000000	347	586
FMP1369	18	6	130	56	1000000	347	586
FMP1382	12	6	89	45	1000000	419	586
FMP14	43	5	181	59	1000000	1	586
FMP1407	12	6	87	38	1000000	419	586
FMP1414	57	6	99	26	1000000	347	586
FMP1416	50	6	210	18	1000000	1	586
FMP1433	29	6	151	66	1000000	1	586
FMP1448	35	6	157	62	1000000	419	586
FMP1452	34	6	157	45	1000000	419	586
FMP1454	38	6	170	66	1000000	347	586
FMP1459	28	6	147	49	1000000	347	586
FMP1461	34	5	157	46	1000000	1	418
FMP1463	2	2	12	36	1000000	1	106
FMP1464	64	3	52	23	1000000	1	586
FMP1476	24	4	143	63	1000000	1	274
FMP1478	62	3	138	57	1000000	1	106
FMP1489	35	2	161	70	1000000	1	106
FMP1493	27	6	153	37	1000000	1	586
FMP1496	19	3	127	30	1000000	1	586
FMP1505	12	4	82	41	1000000	1	274
FMP1506	12	4	88	40	1000000	1	274
FMP1511	44	3	166	39	1000000	1	586
FMP1535	46	1	174	27	1000000	1	586
FMP1538	6	5	31	39	1000000	1	586
FMP1542	18	5	128	53	1000000	1	346
FMP1543	63	1	143	57	1000000	1	190
FMP1547	33	3	152	53	1000000	1	106
FMP1548	33	5	152	53	1000000	107	418
FMP1553	41	1	164	40	1000000	1	586
FMP1555	38	4	179	64	1000000	1	274
FMP1558	32	5	153	29	1000000	107	586
FMP1561	8	1	49	41	1000000	1	106
FMP1562	7	3	44	41	1000000	1	274
FMP1578	8	1	50	37	1000000	1	106
FMP1598	11	1	70	23	1000000	1	586
FMP1606	2	1	15	35	1000000	1	106
FMP1619	2	1	28	38	1000000	1	106
FMP1620	56	2	30	37	1000000	1	586
FMP163	16	2	110	31	1000000	107	418
FMP169	16	3	110	31	1000000	1	418
FMP176	17	6	115	26	1000000	1	586
FMP178	57	5	102	26	1000000	1	346
FMP183	21	4	122	21	1000000	1	586
FMP22	49	3	202	69	1000000	1	586
FMP240	35	6	159	68	1000000	275	586
FMP272	58	1	167	34	1000000	1	274
FMP277	55	1	170	32	1000000	1	274
FMP279	43	5	172	62	1000000	1	586
FMP283	39	5	192	71	1000000	1	106
FMP3	62	3	135	58	1000000	1	106
FMP300	23	1	133	19	1000000	1	418
FMP302	23	1	132	22	1000000	107	418
FMP307	48	1	180	23	1000000	1	346
FMP308	30	4	145	37	1000000	1	418
FMP311	40	6	156	25	1000000	1	586
FMP314	32	1	153	29	1000000	1	106
FMP315	32	2	153	25	1000000	1	106
FMP318	51	1	148	16	1000000	1	274
FMP323	10	1	60	44	1000000	1	586
FMP334	9	1	48	24	1000000	1	502
FMP358	10	2	60	44	1000000	191	586
FMP36	62	4	138	62	1000000	107	346
FMP371	64	3	54	25	1000000	275	586
FMP384	12	6	85	40	1000000	275	586
FMP411	3	3	12	30	1000000	1	586
FMP413	5	2	18	26	1000000	107	346
FMP415	5	1	17	24	1000000	1	346
FMP421	2	2	16	37	1000000	107	346
FMP431	4	1	19	35	1000000	1	586
FMP432	2	3	16	36	1000000	107	346
FMP433	2	3	16	36	1000000	107	346
FMP436	4	1	19	35	1000000	107	586
FMP440	5	2	16	26	1000000	107	346
FMP442	3	2	12	30	1000000	107	586
FMP443	3	2	14	28	1000000	191	586
FMP444	3	3	14	30	1000000	191	586
FMP445	3	3	12	28	1000000	107	586
FMP481	10	2	60	39	1000000	275	586
FMP492	37	3	151	22	1000000	1	418
FMP509	13	4	92	43	1000000	1	586
FMP539	62	6	135	64	1000000	347	586
FMP540	61	4	125	50	1000000	347	586
FMP541	11	2	69	20	1000000	347	586
FMP554	51	6	148	16	1000000	275	586
FMP563	59	5	133	67	1000000	347	586
FMP582	51	6	148	14	1000000	419	586
FMP584	8	5	47	39	1000000	419	586
FMP586	55	6	174	39	1000000	347	586
FMP591	16	5	108	27	1000000	419	586
FMP657	1	4	6	27	1000000	1	586
FMP681	30	5	146	41	1000000	419	586
FMP683	48	5	180	27	1000000	347	502
FMP692	8	2	40	35	1000000	107	418
FMP718	2	4	18	35	1000000	347	418
FMP734	3	3	15	28	1000000	191	586
FMP743	7	4	51	46	1000000	275	586
FMP754	35	6	159	66	1000000	191	586
FMP763	58	4	167	34	1000000	275	586
FMP78	63	1	141	59	1000000	107	190
FMP793	7	4	50	46	1000000	347	586
FMP804	2	5	12	37	1000000	419	586
FMP824	5	3	24	31	1000000	347	586
FMP83	25	4	148	61	1000000	1	586
FMP836	48	6	177	26	1000000	503	586
FMP842	40	6	166	23	1000000	503	586
FMP85	63	2	141	61	1000000	107	190
FMP892	33	6	153	54	1000000	419	586
FMP893	33	6	154	47	1000000	419	586
FMP901	35	6	157	58	1000000	419	586
FMP917	42	6	168	51	1000000	191	586
FMP920	41	1	163	44	1000000	503	586
FMP921	41	2	163	44	1000000	503	586
FMP922	41	1	163	44	1000000	503	586
FMP923	41	1	163	44	1000000	503	586
FMP924	41	2	163	44	1000000	503	586
FMP925	41	1	163	44	1000000	503	586
FMP927	36	6	159	49	1000000	1	586
FMP935	43	5	174	57	1000000	419	586
FMP937	54	5	172	49	1000000	1	586
FMP94	63	1	143	58	1000000	1	190
FMP978	21	4	128	20	1000000	419	586
FMP981	23	6	135	25	1000000	419	586
FMP984	32	5	148	31	1000000	503	586
FMP987	37	4	152	21	1000000	419	586
FMP992	8	5	44	37	1000000	503	586
FMP993	60	5	35	29	1000000	1	586
FMP997	9	5	42	28	1000000	503	586
fmpvirt1	53	5	6	24	1000000	1	586
fmpvirt2	53	5	8	23	1000000	1	586
