name	farm	layer	row	column	QMAX	date_start	date_end
FMP657	1	1	6	27	100000	1	586
FMP804	2	1	12	37	100000	1	586
FMP1069	2	1	18	36	100000	1	586
FMP443	3	1	14	28	100000	1	586
FMP444	3	1	14	30	100000	1	586
FMP734	3	1	15	28	100000	1	586
FMP411	3	1	12	30	100000	1	586
FMP442	3	1	12	30	100000	1	586
FMP445	3	1	12	28	100000	1	586
FMP431	4	1	19	35	100000	1	586
FMP436	4	1	19	35	100000	1	586
FMP1070	4	1	19	35	100000	1	586
FMP824	5	1	24	31	100000	1	586
FMP1538	6	1	31	39	100000	1	586
FMP743	7	1	51	46	100000	1	586
FMP793	7	1	50	46	100000	1	586
FMP584	8	1	47	39	100000	1	586
FMP992	8	1	44	37	100000	1	586
FMP997	9	1	42	28	100000	1	586
FMP1200	10	1	71	44	100000	1	586
FMP481	10	1	60	39	100000	1	586
FMP323	10	1	60	44	100000	1	586
FMP358	10	1	60	44	100000	1	586
FMP541	11	1	69	20	100000	1	586
FMP1598	11	1	70	23	100000	1	586
FMP384	12	1	85	40	100000	1	586
FMP1407	12	1	87	38	100000	1	586
FMP1382	12	1	89	45	100000	1	586
FMP509	13	1	92	43	100000	1	586
FMP1202	14	1	94	41	100000	1	586
FMP1049	15	1	94	26	100000	1	586
FMP1214	15	1	93	35	100000	1	586
FMP591	16	1	108	27	100000	1	586
FMP176	17	1	115	26	100000	1	586
FMP1369	18	1	130	56	100000	1	586
FMP1496	19	1	127	30	100000	1	586
FMP1338	20	1	124	26	100000	1	586
FMP978	21	1	128	20	100000	1	586
FMP183	21	1	122	21	100000	1	586
FMP981	23	1	135	25	100000	1	586
FMP1169	24	1	143	62	100000	1	586
FMP1170	24	1	143	62	100000	1	586
FMP1243	25	1	146	65	100000	1	586
FMP83	25	1	148	61	100000	1	586
FMP1165	26	1	149	55	100000	1	586
FMP1493	27	1	153	37	100000	1	586
FMP1459	28	1	147	49	100000	1	586
FMP1433	29	1	151	66	100000	1	586
FMP681	30	1	146	41	100000	1	586
FMP1232	31	1	138	28	100000	1	586
FMP1303	31	1	138	26	100000	1	586
FMP984	32	1	148	31	100000	1	586
FMP1558	32	1	153	29	100000	1	586
FMP893	33	1	154	47	100000	1	586
FMP892	33	1	153	54	100000	1	586
FMP1452	34	1	157	45	100000	1	586
FMP754	35	1	159	66	100000	1	586
FMP1361	35	1	157	62	100000	1	586
FMP1448	35	1	157	62	100000	1	586
FMP901	35	1	157	58	100000	1	586
FMP240	35	1	159	68	100000	1	586
FMP927	36	1	159	49	100000	1	586
FMP987	37	1	152	21	100000	1	586
FMP1280	38	1	169	58	100000	1	586
FMP1454	38	1	170	66	100000	1	586
FMP1086	39	1	191	79	100000	1	586
FMP842	40	1	166	23	100000	1	586
FMP311	40	1	156	25	100000	1	586
FMP920	41	1	163	44	100000	1	586
FMP921	41	1	163	44	100000	1	586
FMP922	41	1	163	44	100000	1	586
FMP923	41	1	163	44	100000	1	586
FMP924	41	1	163	44	100000	1	586
FMP925	41	1	163	44	100000	1	586
FMP1553	41	1	164	40	100000	1	586
FMP917	42	1	168	51	100000	1	586
FMP1184	42	1	168	51	100000	1	586
FMP14	43	1	181	59	100000	1	586
FMP279	43	1	172	62	100000	1	586
FMP935	43	1	174	57	100000	1	586
FMP1511	44	1	166	39	100000	1	586
FMP0	45	1	182	59	100000	1	586
FMP1091	46	1	173	25	100000	1	586
FMP1535	46	1	174	27	100000	1	586
FMP836	48	1	177	26	100000	1	586
FMP22	49	1	202	69	100000	1	586
FMP1416	50	1	210	18	100000	1	586
FMP554	51	1	148	16	100000	1	586
FMP582	51	1	148	14	100000	1	586
FMP1281	52	1	105	30	100000	1	586
fmpvirt1	53	1	6	24	100000	1	586
fmpvirt2	53	1	8	23	100000	1	586
FMP937	54	1	172	49	100000	1	586
FMP586	55	1	174	39	100000	1	586
FMP1620	56	1	30	37	100000	1	586
FMP1414	57	1	99	26	100000	1	586
FMP763	58	1	167	34	100000	1	586
FMP563	59	1	133	67	100000	1	586
FMP1360	59	1	133	67	100000	1	586
FMP993	60	1	35	29	100000	1	586
FMP540	61	1	125	50	100000	1	586
FMP539	62	1	135	64	100000	1	586
FMP1317	63	1	140	61	100000	1	586
FMP1464	64	1	52	23	100000	1	586
FMP371	64	1	54	25	100000	1	586
FMPvirt03	3	3	11	29	100000	1	586
FMPvirt04	3	3	11	30	100000	1	586
FMPvirt05	3	3	11	31	100000	1	586
FMPvirt06	3	3	12	27	100000	1	586
FMPvirt07	3	3	12	28	100000	1	586
FMPvirt08	3	3	12	30	100000	1	586
FMPvirt09	3	3	12	31	100000	1	586
FMPvirt10	3	3	13	26	100000	1	586
FMPvirt11	3	3	13	27	100000	1	586
FMPvirt12	3	3	13	28	100000	1	586
FMPvirt13	3	3	13	30	100000	1	586
FMPvirt14	3	3	13	31	100000	1	586
FMPvirt15	3	3	13	32	100000	1	586
FMPvirt16	3	3	14	26	100000	1	586
FMPvirt17	3	3	14	27	100000	1	586
FMPvirt18	3	3	14	29	100000	1	586
FMPvirt19	3	3	14	30	100000	1	586
FMPvirt20	3	3	14	31	100000	1	586
FMPvirt21	3	3	15	26	100000	1	586
FMPvirt22	3	3	15	30	100000	1	586
FMPvirt23	3	3	16	29	100000	1	586
FMPvirt24	3	3	16	30	100000	1	586
FMPvirt25	6	5	27	42	100000	1	586
FMPvirt26	6	5	28	39	100000	1	586
FMPvirt27	6	5	28	40	100000	1	586
FMPvirt28	6	5	28	41	100000	1	586
FMPvirt29	6	5	28	42	100000	1	586
FMPvirt30	6	5	29	38	100000	1	586
FMPvirt31	6	5	29	39	100000	1	586
FMPvirt32	6	5	29	40	100000	1	586
FMPvirt33	6	5	29	42	100000	1	586
FMPvirt34	6	5	30	38	100000	1	586
FMPvirt35	6	5	30	39	100000	1	586
FMPvirt36	6	5	30	41	100000	1	586
FMPvirt37	6	5	30	42	100000	1	586
FMPvirt38	6	5	31	38	100000	1	586
FMPvirt39	6	5	31	39	100000	1	586
FMPvirt40	6	5	31	41	100000	1	586
FMPvirt41	6	5	31	42	100000	1	586
FMPvirt42	6	5	32	38	100000	1	586
FMPvirt43	6	5	32	39	100000	1	586
FMPvirt44	6	5	32	40	100000	1	586
FMPvirt45	6	5	32	41	100000	1	586
FMPvirt46	6	5	32	42	100000	1	586
FMPvirt47	6	5	32	43	100000	1	586
FMPvirt48	6	5	33	38	100000	1	586
FMPvirt49	6	5	33	39	100000	1	586
FMPvirt50	6	5	33	40	100000	1	586
FMPvirt51	6	5	33	41	100000	1	586
FMPvirt52	6	5	33	42	100000	1	586
FMPvirt53	6	5	33	43	100000	1	586
FMPvirt54	6	5	34	38	100000	1	586
FMPvirt55	6	5	34	39	100000	1	586
FMPvirt56	6	5	34	40	100000	1	586
FMPvirt57	6	5	34	41	100000	1	586
FMPvirt58	6	5	34	42	100000	1	586
FMPvirt59	6	5	34	43	100000	1	586
FMPvirt60	6	5	35	38	100000	1	586
FMPvirt61	6	5	35	39	100000	1	586
FMPvirt62	6	5	35	40	100000	1	586
FMPvirt63	6	5	35	41	100000	1	586
FMPvirt64	6	5	35	42	100000	1	586
FMPvirt65	6	5	35	43	100000	1	586
FMPvirt66	6	5	36	38	100000	1	586
FMPvirt67	6	5	36	39	100000	1	586
FMPvirt68	6	5	36	40	100000	1	586
FMPvirt69	6	5	36	41	100000	1	586
FMPvirt70	6	5	36	42	100000	1	586
FMPvirt71	6	5	36	43	100000	1	586
FMPvirt72	6	5	37	38	100000	1	586
FMPvirt73	6	5	37	39	100000	1	586
FMPvirt74	6	5	37	40	100000	1	586
FMPvirt75	6	5	37	41	100000	1	586
FMPvirt76	6	5	37	42	100000	1	586
FMPvirt77	6	5	37	43	100000	1	586
FMPvirt78	6	5	38	38	100000	1	586
FMPvirt79	6	5	38	39	100000	1	586
FMPvirt80	6	5	38	40	100000	1	586
FMPvirt81	6	5	38	41	100000	1	586
FMPvirt82	6	5	38	42	100000	1	586
FMPvirt83	6	5	39	38	100000	1	586
FMPvirt84	6	5	39	39	100000	1	586
FMPvirt85	2	1	11	36	100000	1	586
FMPvirt86	2	1	11	38	100000	1	586
FMPvirt87	2	1	12	35	100000	1	586
FMPvirt88	2	1	12	36	100000	1	586
FMPvirt89	2	1	12	37	100000	1	586
FMPvirt90	2	1	12	38	100000	1	586
FMPvirt91	19	3	121	32	100000	1	586
FMPvirt92	19	3	123	31	100000	1	586
FMPvirt93	19	3	124	33	100000	1	586
FMPvirt94	19	3	124	35	100000	1	586
FMPvirt95	19	3	125	30	100000	1	586
FMPvirt96	19	3	125	31	100000	1	586
FMPvirt97	19	3	125	36	100000	1	586
FMPvirt98	19	3	125	37	100000	1	586
FMPvirt99	19	3	125	38	100000	1	586
FMPvirt100	19	3	126	29	100000	1	586
FMPvirt101	19	3	126	30	100000	1	586
FMPvirt102	19	3	126	31	100000	1	586
FMPvirt103	19	3	126	32	100000	1	586
FMPvirt104	19	3	126	34	100000	1	586
FMPvirt105	19	3	126	35	100000	1	586
FMPvirt106	19	3	126	36	100000	1	586
FMPvirt107	19	3	126	40	100000	1	586
FMPvirt108	19	3	127	30	100000	1	586
FMPvirt109	19	3	127	31	100000	1	586
FMPvirt110	19	3	127	32	100000	1	586
FMPvirt111	19	3	127	33	100000	1	586
FMPvirt112	19	3	127	34	100000	1	586
FMPvirt113	19	3	127	35	100000	1	586
FMPvirt114	19	3	127	36	100000	1	586
FMPvirt115	19	3	127	37	100000	1	586
FMPvirt116	19	3	127	39	100000	1	586
FMPvirt117	19	3	128	28	100000	1	586
FMPvirt118	19	3	128	33	100000	1	586
FMPvirt119	19	3	128	34	100000	1	586
FMPvirt120	19	3	128	35	100000	1	586
FMPvirt121	19	3	128	36	100000	1	586
FMPvirt122	19	3	128	37	100000	1	586
FMPvirt123	19	3	128	38	100000	1	586
FMPvirt124	19	3	129	30	100000	1	586
FMPvirt125	19	3	129	32	100000	1	586
FMPvirt126	19	3	129	33	100000	1	586
FMPvirt127	19	3	129	34	100000	1	586
FMPvirt128	19	3	129	35	100000	1	586
FMPvirt129	19	3	129	36	100000	1	586
FMPvirt130	19	3	129	37	100000	1	586
FMPvirt131	2	1	13	35	100000	1	586
FMPvirt132	2	1	13	38	100000	1	586
FMPvirt133	19	3	130	31	100000	1	586
FMPvirt134	19	3	130	32	100000	1	586
FMPvirt135	19	3	130	33	100000	1	586
FMPvirt136	19	3	130	34	100000	1	586
FMPvirt137	19	3	130	35	100000	1	586
FMPvirt138	19	3	131	31	100000	1	586
FMPvirt139	19	3	131	32	100000	1	586
FMPvirt140	19	3	131	33	100000	1	586
FMPvirt141	19	3	131	34	100000	1	586
FMPvirt142	19	3	131	35	100000	1	586
FMPvirt143	19	3	132	33	100000	1	586
FMPvirt144	19	3	132	34	100000	1	586
FMPvirt145	19	3	132	35	100000	1	586
FMPvirt146	19	3	133	27	100000	1	586
FMPvirt147	19	3	133	28	100000	1	586
FMPvirt148	19	3	133	29	100000	1	586
FMPvirt149	19	3	133	30	100000	1	586
FMPvirt150	19	3	133	33	100000	1	586
FMPvirt151	19	3	133	34	100000	1	586
FMPvirt152	19	3	133	35	100000	1	586
FMPvirt153	19	3	134	27	100000	1	586
FMPvirt154	19	3	134	28	100000	1	586
FMPvirt155	19	3	134	29	100000	1	586
FMPvirt156	19	3	134	30	100000	1	586
FMPvirt157	19	3	134	34	100000	1	586
FMPvirt158	19	3	134	35	100000	1	586
FMPvirt159	19	3	135	27	100000	1	586
FMPvirt160	19	3	135	28	100000	1	586
FMPvirt161	19	3	135	29	100000	1	586
FMPvirt162	19	3	135	30	100000	1	586
FMPvirt163	19	3	135	31	100000	1	586
FMPvirt164	19	3	135	32	100000	1	586
FMPvirt165	27	6	136	35	100000	1	586
FMPvirt166	27	6	136	36	100000	1	586
FMPvirt167	28	2	136	47	100000	1	586
FMPvirt168	28	2	136	48	100000	1	586
FMPvirt169	27	6	137	35	100000	1	586
FMPvirt170	27	6	137	36	100000	1	586
FMPvirt171	27	6	137	37	100000	1	586
FMPvirt172	27	6	137	38	100000	1	586
FMPvirt173	27	6	137	39	100000	1	586
FMPvirt174	27	6	137	40	100000	1	586
FMPvirt175	28	2	137	46	100000	1	586
FMPvirt176	27	6	138	35	100000	1	586
FMPvirt177	27	6	138	36	100000	1	586
FMPvirt178	27	6	138	37	100000	1	586
FMPvirt179	27	6	138	38	100000	1	586
FMPvirt180	27	6	138	39	100000	1	586
FMPvirt181	27	6	139	35	100000	1	586
FMPvirt182	27	6	139	36	100000	1	586
FMPvirt183	27	6	139	37	100000	1	586
FMPvirt184	27	6	139	38	100000	1	586
FMPvirt185	5	2	14	25	100000	1	586
FMPvirt186	2	1	14	37	100000	1	586
FMPvirt187	27	6	140	33	100000	1	586
FMPvirt188	27	6	140	34	100000	1	586
FMPvirt189	27	6	140	35	100000	1	586
FMPvirt190	27	6	140	36	100000	1	586
FMPvirt191	63	1	140	61	100000	1	586
FMPvirt192	27	6	141	33	100000	1	586
FMPvirt193	27	6	141	34	100000	1	586
FMPvirt194	27	6	141	35	100000	1	586
FMPvirt195	27	6	141	36	100000	1	586
FMPvirt196	28	2	141	49	100000	1	586
FMPvirt197	28	2	141	50	100000	1	586
FMPvirt198	28	2	141	51	100000	1	586
FMPvirt199	63	1	141	58	100000	1	586
FMPvirt200	63	1	141	61	100000	1	586
FMPvirt201	27	6	142	32	100000	1	586
FMPvirt202	27	6	142	33	100000	1	586
FMPvirt203	27	6	142	34	100000	1	586
FMPvirt204	27	6	142	35	100000	1	586
FMPvirt205	27	6	142	36	100000	1	586
FMPvirt206	63	1	142	53	100000	1	586
FMPvirt207	63	1	142	54	100000	1	586
FMPvirt208	63	1	142	55	100000	1	586
FMPvirt209	63	1	142	58	100000	1	586
FMPvirt210	63	1	142	59	100000	1	586
FMPvirt211	63	1	142	60	100000	1	586
FMPvirt212	63	1	142	61	100000	1	586
FMPvirt213	27	6	143	32	100000	1	586
FMPvirt214	27	6	143	33	100000	1	586
FMPvirt215	27	6	143	34	100000	1	586
FMPvirt216	27	6	143	35	100000	1	586
FMPvirt217	27	6	143	36	100000	1	586
FMPvirt218	28	2	143	50	100000	1	586
FMPvirt219	28	2	143	51	100000	1	586
FMPvirt220	63	1	143	53	100000	1	586
FMPvirt221	63	1	143	54	100000	1	586
FMPvirt222	63	1	143	55	100000	1	586
FMPvirt223	63	1	143	57	100000	1	586
FMPvirt224	63	1	143	58	100000	1	586
FMPvirt225	63	1	143	59	100000	1	586
FMPvirt226	63	1	143	60	100000	1	586
FMPvirt227	27	6	144	32	100000	1	586
FMPvirt228	27	6	144	33	100000	1	586
FMPvirt229	27	6	144	34	100000	1	586
FMPvirt230	27	6	144	35	100000	1	586
FMPvirt231	28	2	144	50	100000	1	586
FMPvirt232	28	2	144	51	100000	1	586
FMPvirt233	63	1	144	54	100000	1	586
FMPvirt234	63	1	144	56	100000	1	586
FMPvirt235	63	1	144	57	100000	1	586
FMPvirt236	63	1	144	59	100000	1	586
FMPvirt237	63	1	144	60	100000	1	586
FMPvirt238	32	5	145	25	100000	1	586
FMPvirt239	32	5	145	29	100000	1	586
FMPvirt240	32	5	145	30	100000	1	586
FMPvirt241	32	5	145	31	100000	1	586
FMPvirt242	27	6	145	32	100000	1	586
FMPvirt243	27	6	145	33	100000	1	586
FMPvirt244	27	6	145	34	100000	1	586
FMPvirt245	27	6	145	35	100000	1	586
FMPvirt246	27	6	145	36	100000	1	586
FMPvirt247	28	2	145	49	100000	1	586
FMPvirt248	28	2	145	50	100000	1	586
FMPvirt249	63	1	145	56	100000	1	586
FMPvirt250	63	1	145	59	100000	1	586
FMPvirt251	32	5	146	25	100000	1	586
FMPvirt252	32	5	146	27	100000	1	586
FMPvirt253	32	5	146	28	100000	1	586
FMPvirt254	32	5	146	29	100000	1	586
FMPvirt255	32	5	146	30	100000	1	586
FMPvirt256	32	5	146	31	100000	1	586
FMPvirt257	27	6	146	32	100000	1	586
FMPvirt258	27	6	146	33	100000	1	586
FMPvirt259	27	6	146	34	100000	1	586
FMPvirt260	27	6	146	35	100000	1	586
FMPvirt261	27	6	146	36	100000	1	586
FMPvirt262	27	6	146	37	100000	1	586
FMPvirt263	28	2	146	47	100000	1	586
FMPvirt264	28	2	146	49	100000	1	586
FMPvirt265	28	2	146	50	100000	1	586
FMPvirt266	32	5	147	27	100000	1	586
FMPvirt267	32	5	147	28	100000	1	586
FMPvirt268	32	5	147	29	100000	1	586
FMPvirt269	32	5	147	30	100000	1	586
FMPvirt270	32	5	147	31	100000	1	586
FMPvirt271	27	6	147	32	100000	1	586
FMPvirt272	27	6	147	33	100000	1	586
FMPvirt273	27	6	147	34	100000	1	586
FMPvirt274	27	6	147	35	100000	1	586
FMPvirt275	27	6	147	36	100000	1	586
FMPvirt276	28	2	147	48	100000	1	586
FMPvirt277	28	2	147	49	100000	1	586
FMPvirt278	28	2	147	50	100000	1	586
FMPvirt279	32	5	148	27	100000	1	586
FMPvirt280	32	5	148	28	100000	1	586
FMPvirt281	32	5	148	29	100000	1	586
FMPvirt282	32	5	148	30	100000	1	586
FMPvirt283	32	5	148	31	100000	1	586
FMPvirt284	27	6	148	33	100000	1	586
FMPvirt285	27	6	148	34	100000	1	586
FMPvirt286	27	6	148	35	100000	1	586
FMPvirt287	27	6	148	36	100000	1	586
FMPvirt288	28	2	148	48	100000	1	586
FMPvirt289	32	5	149	24	100000	1	586
FMPvirt290	32	5	149	28	100000	1	586
FMPvirt291	32	5	149	29	100000	1	586
FMPvirt292	32	5	149	30	100000	1	586
FMPvirt293	32	5	149	31	100000	1	586
FMPvirt294	27	6	149	32	100000	1	586
FMPvirt295	27	6	149	33	100000	1	586
FMPvirt296	27	6	149	34	100000	1	586
FMPvirt297	27	6	149	35	100000	1	586
FMPvirt298	27	6	149	36	100000	1	586
FMPvirt299	34	4	149	37	100000	1	586
FMPvirt300	34	4	149	38	100000	1	586
FMPvirt301	34	4	149	39	100000	1	586
FMPvirt302	5	2	15	24	100000	1	586
FMPvirt303	5	2	15	25	100000	1	586
FMPvirt304	2	1	15	35	100000	1	586
FMPvirt305	2	1	15	36	100000	1	586
FMPvirt306	2	1	15	37	100000	1	586
FMPvirt307	2	1	15	39	100000	1	586
FMPvirt308	32	5	150	24	100000	1	586
FMPvirt309	32	5	150	25	100000	1	586
FMPvirt310	32	5	150	27	100000	1	586
FMPvirt311	32	5	150	28	100000	1	586
FMPvirt312	32	5	150	29	100000	1	586
FMPvirt313	32	5	150	30	100000	1	586
FMPvirt314	32	5	150	31	100000	1	586
FMPvirt315	27	6	150	32	100000	1	586
FMPvirt316	27	6	150	33	100000	1	586
FMPvirt317	27	6	150	34	100000	1	586
FMPvirt318	27	6	150	35	100000	1	586
FMPvirt319	27	6	150	36	100000	1	586
FMPvirt320	34	4	150	37	100000	1	586
FMPvirt321	34	4	150	38	100000	1	586
FMPvirt322	34	4	150	39	100000	1	586
FMPvirt323	34	4	150	40	100000	1	586
FMPvirt324	28	2	150	46	100000	1	586
FMPvirt325	32	5	151	24	100000	1	586
FMPvirt326	32	5	151	27	100000	1	586
FMPvirt327	32	5	151	28	100000	1	586
FMPvirt328	32	5	151	29	100000	1	586
FMPvirt329	32	5	151	30	100000	1	586
FMPvirt330	32	5	151	31	100000	1	586
FMPvirt331	27	6	151	32	100000	1	586
FMPvirt332	27	6	151	33	100000	1	586
FMPvirt333	27	6	151	34	100000	1	586
FMPvirt334	27	6	151	35	100000	1	586
FMPvirt335	27	6	151	36	100000	1	586
FMPvirt336	34	4	151	37	100000	1	586
FMPvirt337	34	4	151	38	100000	1	586
FMPvirt338	34	4	151	39	100000	1	586
FMPvirt339	34	4	151	40	100000	1	586
FMPvirt340	34	4	151	41	100000	1	586
FMPvirt341	32	5	152	26	100000	1	586
FMPvirt342	32	5	152	27	100000	1	586
FMPvirt343	32	5	152	28	100000	1	586
FMPvirt344	32	5	152	29	100000	1	586
FMPvirt345	32	5	152	30	100000	1	586
FMPvirt346	32	5	152	31	100000	1	586
FMPvirt347	32	5	152	32	100000	1	586
FMPvirt348	27	6	152	33	100000	1	586
FMPvirt349	27	6	152	34	100000	1	586
FMPvirt350	27	6	152	35	100000	1	586
FMPvirt351	27	6	152	36	100000	1	586
FMPvirt352	34	4	152	37	100000	1	586
FMPvirt353	34	4	152	38	100000	1	586
FMPvirt354	34	4	152	39	100000	1	586
FMPvirt355	34	4	152	40	100000	1	586
FMPvirt356	34	4	152	41	100000	1	586
FMPvirt357	32	5	153	26	100000	1	586
FMPvirt358	32	5	153	27	100000	1	586
FMPvirt359	32	5	153	29	100000	1	586
FMPvirt360	32	5	153	30	100000	1	586
FMPvirt361	32	5	153	31	100000	1	586
FMPvirt362	32	5	153	32	100000	1	586
FMPvirt363	27	6	153	33	100000	1	586
FMPvirt364	27	6	153	34	100000	1	586
FMPvirt365	27	6	153	35	100000	1	586
FMPvirt366	27	6	153	36	100000	1	586
FMPvirt367	27	6	153	37	100000	1	586
FMPvirt368	34	4	153	38	100000	1	586
FMPvirt369	34	4	153	39	100000	1	586
FMPvirt370	34	4	153	40	100000	1	586
FMPvirt371	34	4	153	41	100000	1	586
FMPvirt372	34	4	153	43	100000	1	586
FMPvirt373	34	4	153	44	100000	1	586
FMPvirt374	32	5	154	26	100000	1	586
FMPvirt375	32	5	154	27	100000	1	586
FMPvirt376	32	5	154	29	100000	1	586
FMPvirt377	32	5	154	30	100000	1	586
FMPvirt378	32	5	154	31	100000	1	586
FMPvirt379	32	5	154	32	100000	1	586
FMPvirt380	27	6	154	33	100000	1	586
FMPvirt381	27	6	154	34	100000	1	586
FMPvirt382	27	6	154	35	100000	1	586
FMPvirt383	27	6	154	36	100000	1	586
FMPvirt384	27	6	154	37	100000	1	586
FMPvirt385	34	4	154	38	100000	1	586
FMPvirt386	34	4	154	39	100000	1	586
FMPvirt387	34	4	154	40	100000	1	586
FMPvirt388	40	6	155	25	100000	1	586
FMPvirt389	40	6	155	26	100000	1	586
FMPvirt390	40	6	155	27	100000	1	586
FMPvirt391	27	6	155	34	100000	1	586
FMPvirt392	27	6	155	35	100000	1	586
FMPvirt393	27	6	155	36	100000	1	586
FMPvirt394	27	6	155	37	100000	1	586
FMPvirt395	27	6	155	38	100000	1	586
FMPvirt396	34	4	155	39	100000	1	586
FMPvirt397	34	4	155	40	100000	1	586
FMPvirt398	34	4	155	44	100000	1	586
FMPvirt399	40	6	156	25	100000	1	586
FMPvirt400	40	6	156	26	100000	1	586
FMPvirt401	40	6	156	27	100000	1	586
FMPvirt402	40	6	156	28	100000	1	586
FMPvirt403	32	5	156	34	100000	1	586
FMPvirt404	27	6	156	35	100000	1	586
FMPvirt405	27	6	156	36	100000	1	586
FMPvirt406	27	6	156	37	100000	1	586
FMPvirt407	27	6	156	38	100000	1	586
FMPvirt408	34	4	156	39	100000	1	586
FMPvirt409	34	4	156	41	100000	1	586
FMPvirt410	34	4	156	44	100000	1	586
FMPvirt411	40	6	157	19	100000	1	586
FMPvirt412	40	6	157	20	100000	1	586
FMPvirt413	40	6	157	21	100000	1	586
FMPvirt414	40	6	157	22	100000	1	586
FMPvirt415	40	6	157	25	100000	1	586
FMPvirt416	40	6	157	26	100000	1	586
FMPvirt417	40	6	157	27	100000	1	586
FMPvirt418	40	6	157	28	100000	1	586
FMPvirt419	32	5	157	34	100000	1	586
FMPvirt420	32	5	157	35	100000	1	586
FMPvirt421	27	6	157	36	100000	1	586
FMPvirt422	27	6	157	37	100000	1	586
FMPvirt423	27	6	157	38	100000	1	586
FMPvirt424	27	6	157	39	100000	1	586
FMPvirt425	34	4	157	42	100000	1	586
FMPvirt426	34	4	157	43	100000	1	586
FMPvirt427	34	4	157	44	100000	1	586
FMPvirt428	40	6	158	20	100000	1	586
FMPvirt429	40	6	158	21	100000	1	586
FMPvirt430	40	6	158	22	100000	1	586
FMPvirt431	40	6	158	23	100000	1	586
FMPvirt432	40	6	158	24	100000	1	586
FMPvirt433	40	6	158	25	100000	1	586
FMPvirt434	40	6	158	26	100000	1	586
FMPvirt435	40	6	158	27	100000	1	586
FMPvirt436	40	6	158	28	100000	1	586
FMPvirt437	40	6	158	29	100000	1	586
FMPvirt438	40	6	158	30	100000	1	586
FMPvirt439	32	5	158	31	100000	1	586
FMPvirt440	32	5	158	32	100000	1	586
FMPvirt441	32	5	158	33	100000	1	586
FMPvirt442	32	5	158	34	100000	1	586
FMPvirt443	32	5	158	35	100000	1	586
FMPvirt444	32	5	158	36	100000	1	586
FMPvirt445	32	5	158	37	100000	1	586
FMPvirt446	27	6	158	38	100000	1	586
FMPvirt447	27	6	158	39	100000	1	586
FMPvirt448	34	4	158	42	100000	1	586
FMPvirt449	40	6	159	20	100000	1	586
FMPvirt450	40	6	159	21	100000	1	586
FMPvirt451	40	6	159	22	100000	1	586
FMPvirt452	40	6	159	23	100000	1	586
FMPvirt453	40	6	159	24	100000	1	586
FMPvirt454	40	6	159	25	100000	1	586
FMPvirt455	40	6	159	26	100000	1	586
FMPvirt456	40	6	159	27	100000	1	586
FMPvirt457	40	6	159	28	100000	1	586
FMPvirt458	40	6	159	29	100000	1	586
FMPvirt459	40	6	159	30	100000	1	586
FMPvirt460	32	5	159	31	100000	1	586
FMPvirt461	32	5	159	32	100000	1	586
FMPvirt462	32	5	159	33	100000	1	586
FMPvirt463	32	5	159	34	100000	1	586
FMPvirt464	32	5	159	35	100000	1	586
FMPvirt465	32	5	159	36	100000	1	586
FMPvirt466	32	5	159	37	100000	1	586
FMPvirt467	32	5	159	38	100000	1	586
FMPvirt468	27	6	159	39	100000	1	586
FMPvirt469	27	6	159	40	100000	1	586
FMPvirt470	27	6	159	41	100000	1	586
FMPvirt471	5	2	16	24	100000	1	586
FMPvirt472	5	2	16	25	100000	1	586
FMPvirt473	2	1	16	37	100000	1	586
FMPvirt474	40	6	160	20	100000	1	586
FMPvirt475	40	6	160	21	100000	1	586
FMPvirt476	40	6	160	22	100000	1	586
FMPvirt477	40	6	160	23	100000	1	586
FMPvirt478	40	6	160	24	100000	1	586
FMPvirt479	40	6	160	25	100000	1	586
FMPvirt480	40	6	160	26	100000	1	586
FMPvirt481	40	6	160	27	100000	1	586
FMPvirt482	40	6	160	28	100000	1	586
FMPvirt483	40	6	160	29	100000	1	586
FMPvirt484	40	6	160	30	100000	1	586
FMPvirt485	32	5	160	36	100000	1	586
FMPvirt486	32	5	160	38	100000	1	586
FMPvirt487	27	6	160	39	100000	1	586
FMPvirt488	42	6	160	53	100000	1	586
FMPvirt489	42	6	160	55	100000	1	586
FMPvirt490	40	6	161	20	100000	1	586
FMPvirt491	40	6	161	21	100000	1	586
FMPvirt492	40	6	161	22	100000	1	586
FMPvirt493	40	6	161	23	100000	1	586
FMPvirt494	40	6	161	24	100000	1	586
FMPvirt495	40	6	161	25	100000	1	586
FMPvirt496	40	6	161	26	100000	1	586
FMPvirt497	40	6	161	27	100000	1	586
FMPvirt498	40	6	161	28	100000	1	586
FMPvirt499	40	6	161	29	100000	1	586
FMPvirt500	40	6	161	30	100000	1	586
FMPvirt501	40	6	161	31	100000	1	586
FMPvirt502	27	6	161	38	100000	1	586
FMPvirt503	27	6	161	39	100000	1	586
FMPvirt504	27	6	161	40	100000	1	586
FMPvirt505	40	6	162	21	100000	1	586
FMPvirt506	40	6	162	22	100000	1	586
FMPvirt507	40	6	162	23	100000	1	586
FMPvirt508	40	6	162	24	100000	1	586
FMPvirt509	40	6	162	25	100000	1	586
FMPvirt510	40	6	162	29	100000	1	586
FMPvirt511	40	6	162	30	100000	1	586
FMPvirt512	40	6	162	31	100000	1	586
FMPvirt513	27	6	162	38	100000	1	586
FMPvirt514	27	6	162	39	100000	1	586
FMPvirt515	42	6	162	52	100000	1	586
FMPvirt516	42	6	162	53	100000	1	586
FMPvirt517	42	6	162	54	100000	1	586
FMPvirt518	42	6	162	56	100000	1	586
FMPvirt519	42	6	162	57	100000	1	586
FMPvirt520	42	6	162	58	100000	1	586
FMPvirt521	40	6	163	21	100000	1	586
FMPvirt522	40	6	163	22	100000	1	586
FMPvirt523	40	6	163	23	100000	1	586
FMPvirt524	40	6	163	24	100000	1	586
FMPvirt525	40	6	163	25	100000	1	586
FMPvirt526	40	6	163	29	100000	1	586
FMPvirt527	40	6	163	30	100000	1	586
FMPvirt528	40	6	163	31	100000	1	586
FMPvirt529	27	6	163	38	100000	1	586
FMPvirt530	42	6	163	49	100000	1	586
FMPvirt531	42	6	163	50	100000	1	586
FMPvirt532	42	6	163	51	100000	1	586
FMPvirt533	42	6	163	52	100000	1	586
FMPvirt534	42	6	163	53	100000	1	586
FMPvirt535	42	6	163	54	100000	1	586
FMPvirt536	42	6	163	55	100000	1	586
FMPvirt537	42	6	163	56	100000	1	586
FMPvirt538	42	6	163	61	100000	1	586
FMPvirt539	42	6	163	62	100000	1	586
FMPvirt540	40	6	164	21	100000	1	586
FMPvirt541	40	6	164	22	100000	1	586
FMPvirt542	40	6	164	23	100000	1	586
FMPvirt543	40	6	164	24	100000	1	586
FMPvirt544	40	6	164	25	100000	1	586
FMPvirt545	40	6	164	26	100000	1	586
FMPvirt546	40	6	164	30	100000	1	586
FMPvirt547	32	5	164	37	100000	1	586
FMPvirt548	41	1	164	40	100000	1	586
FMPvirt549	41	1	164	41	100000	1	586
FMPvirt550	41	1	164	42	100000	1	586
FMPvirt551	44	3	164	43	100000	1	586
FMPvirt552	44	3	164	44	100000	1	586
FMPvirt553	42	6	164	47	100000	1	586
FMPvirt554	42	6	164	48	100000	1	586
FMPvirt555	42	6	164	49	100000	1	586
FMPvirt556	42	6	164	50	100000	1	586
FMPvirt557	42	6	164	51	100000	1	586
FMPvirt558	42	6	164	52	100000	1	586
FMPvirt559	42	6	164	53	100000	1	586
FMPvirt560	42	6	164	54	100000	1	586
FMPvirt561	42	6	164	55	100000	1	586
FMPvirt562	40	6	165	22	100000	1	586
FMPvirt563	40	6	165	23	100000	1	586
FMPvirt564	40	6	165	24	100000	1	586
FMPvirt565	40	6	165	25	100000	1	586
FMPvirt566	40	6	165	26	100000	1	586
FMPvirt567	41	1	165	40	100000	1	586
FMPvirt568	41	1	165	41	100000	1	586
FMPvirt569	41	1	165	42	100000	1	586
FMPvirt570	44	3	165	43	100000	1	586
FMPvirt571	44	3	165	44	100000	1	586
FMPvirt572	44	3	165	45	100000	1	586
FMPvirt573	42	6	165	49	100000	1	586
FMPvirt574	42	6	165	50	100000	1	586
FMPvirt575	42	6	165	51	100000	1	586
FMPvirt576	42	6	165	52	100000	1	586
FMPvirt577	42	6	165	53	100000	1	586
FMPvirt578	42	6	165	54	100000	1	586
FMPvirt579	42	6	165	55	100000	1	586
FMPvirt580	40	6	166	22	100000	1	586
FMPvirt581	40	6	166	23	100000	1	586
FMPvirt582	40	6	166	24	100000	1	586
FMPvirt583	55	1	166	35	100000	1	586
FMPvirt584	55	1	166	36	100000	1	586
FMPvirt585	55	1	166	37	100000	1	586
FMPvirt586	44	3	166	39	100000	1	586
FMPvirt587	44	3	166	42	100000	1	586
FMPvirt588	44	3	166	43	100000	1	586
FMPvirt589	44	3	166	44	100000	1	586
FMPvirt590	44	3	166	45	100000	1	586
FMPvirt591	42	6	166	49	100000	1	586
FMPvirt592	42	6	166	50	100000	1	586
FMPvirt593	42	6	166	51	100000	1	586
FMPvirt594	42	6	166	52	100000	1	586
FMPvirt595	42	6	166	53	100000	1	586
FMPvirt596	42	6	166	54	100000	1	586
FMPvirt597	42	6	166	55	100000	1	586
FMPvirt598	40	6	167	22	100000	1	586
FMPvirt599	40	6	167	23	100000	1	586
FMPvirt600	40	6	167	24	100000	1	586
FMPvirt601	55	1	167	36	100000	1	586
FMPvirt602	55	1	167	37	100000	1	586
FMPvirt603	44	3	167	38	100000	1	586
FMPvirt604	44	3	167	39	100000	1	586
FMPvirt605	44	3	167	41	100000	1	586
FMPvirt606	44	3	167	42	100000	1	586
FMPvirt607	44	3	167	43	100000	1	586
FMPvirt608	44	3	167	44	100000	1	586
FMPvirt609	42	6	167	49	100000	1	586
FMPvirt610	42	6	167	52	100000	1	586
FMPvirt611	42	6	167	53	100000	1	586
FMPvirt612	42	6	167	54	100000	1	586
FMPvirt613	55	1	168	36	100000	1	586
FMPvirt614	55	1	168	37	100000	1	586
FMPvirt615	44	3	168	39	100000	1	586
FMPvirt616	44	3	168	41	100000	1	586
FMPvirt617	44	3	168	42	100000	1	586
FMPvirt618	44	3	168	43	100000	1	586
FMPvirt619	44	3	168	44	100000	1	586
FMPvirt620	42	6	168	49	100000	1	586
FMPvirt621	42	6	168	50	100000	1	586
FMPvirt622	42	6	168	51	100000	1	586
FMPvirt623	42	6	168	52	100000	1	586
FMPvirt624	42	6	168	53	100000	1	586
FMPvirt625	55	1	169	37	100000	1	586
FMPvirt626	55	1	169	38	100000	1	586
FMPvirt627	44	3	169	39	100000	1	586
FMPvirt628	44	3	169	40	100000	1	586
FMPvirt629	44	3	169	41	100000	1	586
FMPvirt630	44	3	169	42	100000	1	586
FMPvirt631	44	3	169	43	100000	1	586
FMPvirt632	44	3	169	44	100000	1	586
FMPvirt633	42	6	169	52	100000	1	586
FMPvirt634	42	6	169	53	100000	1	586
FMPvirt635	42	6	169	54	100000	1	586
FMPvirt636	5	2	17	25	100000	1	586
FMPvirt637	4	1	17	34	100000	1	586
FMPvirt638	2	1	17	35	100000	1	586
FMPvirt639	2	1	17	39	100000	1	586
FMPvirt640	55	1	170	32	100000	1	586
FMPvirt641	55	1	170	33	100000	1	586
FMPvirt642	55	1	170	34	100000	1	586
FMPvirt643	55	1	170	36	100000	1	586
FMPvirt644	55	1	170	37	100000	1	586
FMPvirt645	55	1	170	38	100000	1	586
FMPvirt646	44	3	170	41	100000	1	586
FMPvirt647	44	3	170	42	100000	1	586
FMPvirt648	44	3	170	43	100000	1	586
FMPvirt649	44	3	170	44	100000	1	586
FMPvirt650	44	3	170	45	100000	1	586
FMPvirt651	42	6	170	52	100000	1	586
FMPvirt652	42	6	170	53	100000	1	586
FMPvirt653	55	1	171	32	100000	1	586
FMPvirt654	55	1	171	33	100000	1	586
FMPvirt655	55	1	171	34	100000	1	586
FMPvirt656	55	1	171	35	100000	1	586
FMPvirt657	55	1	171	36	100000	1	586
FMPvirt658	55	1	171	37	100000	1	586
FMPvirt659	55	1	171	38	100000	1	586
FMPvirt660	44	3	171	39	100000	1	586
FMPvirt661	44	3	171	40	100000	1	586
FMPvirt662	44	3	171	41	100000	1	586
FMPvirt663	44	3	171	42	100000	1	586
FMPvirt664	44	3	171	43	100000	1	586
FMPvirt665	44	3	171	44	100000	1	586
FMPvirt666	44	3	171	45	100000	1	586
FMPvirt667	55	1	172	32	100000	1	586
FMPvirt668	55	1	172	33	100000	1	586
FMPvirt669	55	1	172	34	100000	1	586
FMPvirt670	55	1	172	35	100000	1	586
FMPvirt671	55	1	172	36	100000	1	586
FMPvirt672	55	1	172	37	100000	1	586
FMPvirt673	55	1	172	38	100000	1	586
FMPvirt674	55	1	172	39	100000	1	586
FMPvirt675	44	3	172	41	100000	1	586
FMPvirt676	44	3	172	42	100000	1	586
FMPvirt677	44	3	172	43	100000	1	586
FMPvirt678	44	3	172	44	100000	1	586
FMPvirt679	44	3	172	45	100000	1	586
FMPvirt680	55	1	173	33	100000	1	586
FMPvirt681	55	1	173	34	100000	1	586
FMPvirt682	55	1	173	35	100000	1	586
FMPvirt683	55	1	173	36	100000	1	586
FMPvirt684	55	1	173	37	100000	1	586
FMPvirt685	55	1	173	38	100000	1	586
FMPvirt686	55	1	173	39	100000	1	586
FMPvirt687	44	3	173	42	100000	1	586
FMPvirt688	44	3	173	43	100000	1	586
FMPvirt689	44	3	173	44	100000	1	586
FMPvirt690	44	3	173	45	100000	1	586
FMPvirt691	55	1	174	33	100000	1	586
FMPvirt692	55	1	174	34	100000	1	586
FMPvirt693	55	1	174	35	100000	1	586
FMPvirt694	55	1	174	36	100000	1	586
FMPvirt695	55	1	174	37	100000	1	586
FMPvirt696	55	1	174	38	100000	1	586
FMPvirt697	55	1	174	39	100000	1	586
FMPvirt698	44	3	174	42	100000	1	586
FMPvirt699	44	3	174	43	100000	1	586
FMPvirt700	44	3	174	44	100000	1	586
FMPvirt701	44	3	174	45	100000	1	586
FMPvirt702	55	1	175	33	100000	1	586
FMPvirt703	55	1	175	34	100000	1	586
FMPvirt704	55	1	175	35	100000	1	586
FMPvirt705	55	1	175	36	100000	1	586
FMPvirt706	44	3	175	41	100000	1	586
FMPvirt707	44	3	175	42	100000	1	586
FMPvirt708	44	3	175	43	100000	1	586
FMPvirt709	44	3	175	44	100000	1	586
FMPvirt710	44	3	175	45	100000	1	586
FMPvirt711	55	1	176	34	100000	1	586
FMPvirt712	55	1	176	35	100000	1	586
FMPvirt713	55	1	176	36	100000	1	586
FMPvirt714	44	3	176	40	100000	1	586
FMPvirt715	44	3	176	41	100000	1	586
FMPvirt716	44	3	176	42	100000	1	586
FMPvirt717	44	3	176	43	100000	1	586
FMPvirt718	44	3	176	44	100000	1	586
FMPvirt719	44	3	176	45	100000	1	586
FMPvirt720	55	1	177	35	100000	1	586
FMPvirt721	55	1	177	36	100000	1	586
FMPvirt722	44	3	177	40	100000	1	586
FMPvirt723	44	3	177	41	100000	1	586
FMPvirt724	44	3	177	42	100000	1	586
FMPvirt725	44	3	177	43	100000	1	586
FMPvirt726	44	3	177	44	100000	1	586
FMPvirt727	44	3	177	45	100000	1	586
FMPvirt728	5	2	18	25	100000	1	586
FMPvirt729	5	2	18	26	100000	1	586
FMPvirt730	5	2	18	27	100000	1	586
FMPvirt731	4	1	18	31	100000	1	586
FMPvirt732	4	1	18	32	100000	1	586
FMPvirt733	4	1	18	33	100000	1	586
FMPvirt734	4	1	18	34	100000	1	586
FMPvirt735	2	1	18	36	100000	1	586
FMPvirt736	2	1	18	39	100000	1	586
FMPvirt737	2	1	18	40	100000	1	586
FMPvirt738	5	2	19	25	100000	1	586
FMPvirt739	5	2	19	26	100000	1	586
FMPvirt740	5	2	19	27	100000	1	586
FMPvirt741	5	2	19	28	100000	1	586
FMPvirt742	4	1	19	30	100000	1	586
FMPvirt743	4	1	19	31	100000	1	586
FMPvirt744	4	1	19	32	100000	1	586
FMPvirt745	4	1	19	33	100000	1	586
FMPvirt746	4	1	19	34	100000	1	586
FMPvirt747	4	1	19	35	100000	1	586
FMPvirt748	4	1	19	36	100000	1	586
FMPvirt749	2	1	19	37	100000	1	586
FMPvirt750	2	1	19	38	100000	1	586
FMPvirt751	2	1	19	39	100000	1	586
FMPvirt752	2	1	19	40	100000	1	586
FMPvirt753	2	1	19	41	100000	1	586
FMPvirt754	5	2	20	26	100000	1	586
FMPvirt755	5	2	20	27	100000	1	586
FMPvirt756	5	2	20	29	100000	1	586
FMPvirt757	4	1	20	31	100000	1	586
FMPvirt758	4	1	20	32	100000	1	586
FMPvirt759	4	1	20	33	100000	1	586
FMPvirt760	4	1	20	34	100000	1	586
FMPvirt761	4	1	20	36	100000	1	586
FMPvirt762	2	1	20	37	100000	1	586
FMPvirt763	2	1	20	39	100000	1	586
FMPvirt764	2	1	20	40	100000	1	586
FMPvirt765	5	2	21	27	100000	1	586
FMPvirt766	5	2	21	28	100000	1	586
FMPvirt767	5	2	21	29	100000	1	586
FMPvirt768	5	2	22	28	100000	1	586
FMPvirt769	5	2	22	29	100000	1	586
FMPvirt770	5	2	22	30	100000	1	586
FMPvirt771	5	2	23	30	100000	1	586
FMPvirt772	2	1	23	38	100000	1	586
FMPvirt773	2	1	23	39	100000	1	586
FMPvirt774	5	2	24	31	100000	1	586
FMPvirt775	2	1	24	38	100000	1	586
FMPvirt776	2	1	24	39	100000	1	586
FMPvirt777	5	2	25	30	100000	1	586
FMPvirt778	2	1	25	38	100000	1	586
FMPvirt779	2	1	25	41	100000	1	586
FMPvirt780	5	2	26	30	100000	1	586
FMPvirt781	5	2	26	32	100000	1	586
FMPvirt782	2	1	26	38	100000	1	586
FMPvirt783	2	1	26	39	100000	1	586
FMPvirt784	2	1	26	41	100000	1	586
FMPvirt785	5	2	27	31	100000	1	586
FMPvirt786	5	2	27	32	100000	1	586
FMPvirt787	2	1	27	38	100000	1	586
FMPvirt788	2	1	27	39	100000	1	586
FMPvirt789	2	1	27	40	100000	1	586
FMPvirt790	2	1	27	41	100000	1	586
FMPvirt791	2	1	28	38	100000	1	586
FMPvirt792	8	1	38	35	100000	1	586
FMPvirt793	7	4	38	43	100000	1	586
FMPvirt794	7	4	39	43	100000	1	586
FMPvirt795	8	1	40	35	100000	1	586
FMPvirt796	8	1	40	37	100000	1	586
FMPvirt797	7	4	40	41	100000	1	586
FMPvirt798	7	4	40	42	100000	1	586
FMPvirt799	7	4	40	43	100000	1	586
FMPvirt800	7	4	41	38	100000	1	586
FMPvirt801	7	4	41	39	100000	1	586
FMPvirt802	7	4	41	40	100000	1	586
FMPvirt803	7	4	41	41	100000	1	586
FMPvirt804	7	4	41	42	100000	1	586
FMPvirt805	7	4	42	38	100000	1	586
FMPvirt806	7	4	42	39	100000	1	586
FMPvirt807	7	4	42	40	100000	1	586
FMPvirt808	8	1	43	38	100000	1	586
FMPvirt809	7	4	43	39	100000	1	586
FMPvirt810	7	4	43	40	100000	1	586
FMPvirt811	7	4	44	39	100000	1	586
FMPvirt812	7	4	44	40	100000	1	586
FMPvirt813	7	4	44	41	100000	1	586
FMPvirt814	8	1	45	34	100000	1	586
FMPvirt815	8	1	45	39	100000	1	586
FMPvirt816	7	4	45	40	100000	1	586
FMPvirt817	7	4	45	41	100000	1	586
FMPvirt818	7	4	45	42	100000	1	586
FMPvirt819	8	1	46	34	100000	1	586
FMPvirt820	8	1	46	35	100000	1	586
FMPvirt821	8	1	46	40	100000	1	586
FMPvirt822	7	4	46	41	100000	1	586
FMPvirt823	7	4	46	42	100000	1	586
FMPvirt824	8	1	47	34	100000	1	586
FMPvirt825	8	1	47	35	100000	1	586
FMPvirt826	8	1	47	38	100000	1	586
FMPvirt827	8	1	47	39	100000	1	586
FMPvirt828	8	1	47	40	100000	1	586
FMPvirt829	7	4	47	41	100000	1	586
FMPvirt830	7	4	47	42	100000	1	586
FMPvirt831	7	4	47	43	100000	1	586
FMPvirt832	8	1	48	38	100000	1	586
FMPvirt833	8	1	48	39	100000	1	586
FMPvirt834	8	1	48	41	100000	1	586
FMPvirt835	7	4	48	42	100000	1	586
FMPvirt836	7	4	48	43	100000	1	586
FMPvirt837	8	1	49	38	100000	1	586
FMPvirt838	8	1	49	39	100000	1	586
FMPvirt839	7	4	49	43	100000	1	586
FMPvirt840	7	4	50	45	100000	1	586
FMPvirt841	7	4	50	46	100000	1	586
FMPvirt842	8	1	51	37	100000	1	586
FMPvirt843	7	4	51	44	100000	1	586
FMPvirt844	7	4	51	45	100000	1	586
FMPvirt845	8	1	52	39	100000	1	586
FMPvirt846	8	1	52	40	100000	1	586
FMPvirt847	8	1	52	41	100000	1	586
FMPvirt848	8	1	53	39	100000	1	586
FMPvirt849	8	1	53	40	100000	1	586
FMPvirt850	8	1	54	39	100000	1	586
FMPvirt851	8	1	54	40	100000	1	586
FMPvirt852	7	4	54	48	100000	1	586
FMPvirt853	8	1	55	39	100000	1	586
FMPvirt854	10	2	59	39	100000	1	586
FMPvirt855	10	2	59	40	100000	1	586
FMPvirt856	10	2	59	41	100000	1	586
FMPvirt857	10	2	60	38	100000	1	586
FMPvirt858	10	2	60	39	100000	1	586
FMPvirt859	10	2	60	44	100000	1	586
FMPvirt860	10	2	61	39	100000	1	586
FMPvirt861	10	2	61	44	100000	1	586
FMPvirt862	10	2	61	45	100000	1	586
FMPvirt863	10	2	61	46	100000	1	586
FMPvirt864	10	2	62	39	100000	1	586
FMPvirt865	10	2	62	40	100000	1	586
FMPvirt866	10	2	62	42	100000	1	586
FMPvirt867	10	2	62	43	100000	1	586
FMPvirt868	10	2	62	44	100000	1	586
FMPvirt869	10	2	62	46	100000	1	586
FMPvirt870	10	2	63	39	100000	1	586
FMPvirt871	10	2	63	42	100000	1	586
FMPvirt872	10	2	63	43	100000	1	586
FMPvirt873	10	2	63	44	100000	1	586
FMPvirt874	10	2	64	44	100000	1	586
FMPvirt875	10	2	70	45	100000	1	586
FMPvirt876	10	2	71	43	100000	1	586
FMPvirt877	10	2	71	44	100000	1	586
FMPvirt878	10	2	71	45	100000	1	586
FMPvirt879	10	2	73	45	100000	1	586
FMPvirt880	10	2	74	45	100000	1	586
FMPvirt881	10	2	75	44	100000	1	586
FMPvirt882	12	4	76	33	100000	1	586
FMPvirt883	12	4	77	34	100000	1	586
FMPvirt884	12	4	78	33	100000	1	586
FMPvirt885	12	4	79	37	100000	1	586
FMPvirt886	12	4	79	39	100000	1	586
FMPvirt887	12	4	79	40	100000	1	586
FMPvirt888	12	4	79	41	100000	1	586
FMPvirt889	12	4	79	43	100000	1	586
FMPvirt890	12	4	80	38	100000	1	586
FMPvirt891	12	4	80	39	100000	1	586
FMPvirt892	12	4	80	40	100000	1	586
FMPvirt893	12	4	80	41	100000	1	586
FMPvirt894	12	4	80	43	100000	1	586
FMPvirt895	12	4	81	38	100000	1	586
FMPvirt896	12	4	81	39	100000	1	586
FMPvirt897	12	4	81	40	100000	1	586
FMPvirt898	12	4	81	41	100000	1	586
FMPvirt899	12	4	81	43	100000	1	586
FMPvirt900	12	4	82	41	100000	1	586
FMPvirt901	12	4	82	42	100000	1	586
FMPvirt902	12	4	82	43	100000	1	586
FMPvirt903	12	4	82	44	100000	1	586
FMPvirt904	12	4	83	37	100000	1	586
FMPvirt905	12	4	83	38	100000	1	586
FMPvirt906	12	4	83	39	100000	1	586
FMPvirt907	12	4	83	40	100000	1	586
FMPvirt908	12	4	83	42	100000	1	586
FMPvirt909	12	4	83	43	100000	1	586
FMPvirt910	12	4	84	38	100000	1	586
FMPvirt911	12	4	84	39	100000	1	586
FMPvirt912	12	4	84	40	100000	1	586
FMPvirt913	12	4	84	41	100000	1	586
FMPvirt914	12	4	84	42	100000	1	586
FMPvirt915	12	4	84	44	100000	1	586
FMPvirt916	12	4	85	38	100000	1	586
FMPvirt917	12	4	85	39	100000	1	586
FMPvirt918	12	4	85	40	100000	1	586
FMPvirt919	12	4	85	41	100000	1	586
FMPvirt920	12	4	85	42	100000	1	586
FMPvirt921	12	4	85	43	100000	1	586
FMPvirt922	12	4	85	44	100000	1	586
FMPvirt923	12	4	85	45	100000	1	586
FMPvirt924	12	4	86	37	100000	1	586
FMPvirt925	12	4	86	38	100000	1	586
FMPvirt926	12	4	86	39	100000	1	586
FMPvirt927	12	4	86	40	100000	1	586
FMPvirt928	12	4	86	41	100000	1	586
FMPvirt929	12	4	86	42	100000	1	586
FMPvirt930	12	4	86	43	100000	1	586
FMPvirt931	12	4	86	44	100000	1	586
FMPvirt932	12	4	87	38	100000	1	586
FMPvirt933	12	4	87	39	100000	1	586
FMPvirt934	12	4	87	40	100000	1	586
FMPvirt935	12	4	87	41	100000	1	586
FMPvirt936	12	4	87	42	100000	1	586
FMPvirt937	13	4	88	39	100000	1	586
FMPvirt938	12	4	88	40	100000	1	586
FMPvirt939	12	4	88	41	100000	1	586
FMPvirt940	12	4	88	42	100000	1	586
FMPvirt941	12	4	88	43	100000	1	586
FMPvirt942	12	4	88	44	100000	1	586
FMPvirt943	12	4	88	45	100000	1	586
FMPvirt944	13	4	89	39	100000	1	586
FMPvirt945	12	4	89	40	100000	1	586
FMPvirt946	12	4	89	41	100000	1	586
FMPvirt947	12	4	89	45	100000	1	586
FMPvirt948	13	4	90	38	100000	1	586
FMPvirt949	13	4	90	39	100000	1	586
FMPvirt950	13	4	90	40	100000	1	586
FMPvirt951	13	4	90	41	100000	1	586
FMPvirt952	13	4	90	42	100000	1	586
FMPvirt953	13	4	90	43	100000	1	586
FMPvirt954	13	4	91	37	100000	1	586
FMPvirt955	13	4	91	38	100000	1	586
FMPvirt956	13	4	91	39	100000	1	586
FMPvirt957	13	4	91	40	100000	1	586
FMPvirt958	13	4	91	41	100000	1	586
FMPvirt959	13	4	91	42	100000	1	586
FMPvirt960	13	4	91	43	100000	1	586
FMPvirt961	13	4	92	38	100000	1	586
FMPvirt962	13	4	92	39	100000	1	586
FMPvirt963	13	4	92	42	100000	1	586
FMPvirt964	13	4	92	43	100000	1	586
FMPvirt965	33	6	151	51	100000	1	586
FMPvirt966	33	6	151	52	100000	1	586
FMPvirt967	33	6	152	52	100000	1	586
FMPvirt968	33	6	152	53	100000	1	586
FMPvirt969	33	6	152	57	100000	1	586
FMPvirt970	33	6	153	52	100000	1	586
FMPvirt971	33	6	153	53	100000	1	586
FMPvirt972	33	6	153	54	100000	1	586
FMPvirt973	33	6	153	55	100000	1	586
FMPvirt974	33	6	154	47	100000	1	586
FMPvirt975	33	6	154	53	100000	1	586
FMPvirt976	33	6	154	54	100000	1	586
FMPvirt977	33	6	154	55	100000	1	586
FMPvirt978	33	6	155	47	100000	1	586
FMPvirt979	33	6	155	53	100000	1	586
FMPvirt980	33	6	156	53	100000	1	586
FMPvirt981	33	6	156	54	100000	1	586
FMPvirt982	33	6	157	52	100000	1	586
FMPvirt983	33	6	157	53	100000	1	586
FMPvirt984	39	5	173	75	100000	1	586
FMPvirt985	39	5	174	75	100000	1	586
FMPvirt986	39	5	174	76	100000	1	586
FMPvirt987	39	5	175	75	100000	1	586
FMPvirt988	39	5	175	76	100000	1	586
FMPvirt989	39	5	175	77	100000	1	586
FMPvirt990	39	5	176	75	100000	1	586
FMPvirt991	39	5	176	76	100000	1	586
FMPvirt992	39	5	176	77	100000	1	586
FMPvirt993	39	5	176	78	100000	1	586
FMPvirt994	39	5	177	76	100000	1	586
FMPvirt995	39	5	177	77	100000	1	586
FMPvirt996	39	5	177	78	100000	1	586
FMPvirt997	39	5	177	80	100000	1	586
FMPvirt998	39	5	178	73	100000	1	586
FMPvirt999	39	5	178	76	100000	1	586
FMPvirt1000	39	5	178	77	100000	1	586
FMPvirt1001	39	5	178	78	100000	1	586
FMPvirt1002	39	5	178	79	100000	1	586
FMPvirt1003	39	5	178	80	100000	1	586
FMPvirt1004	39	5	178	81	100000	1	586
FMPvirt1005	39	5	179	74	100000	1	586
FMPvirt1006	39	5	179	75	100000	1	586
FMPvirt1007	39	5	179	76	100000	1	586
FMPvirt1008	39	5	179	77	100000	1	586
FMPvirt1009	39	5	179	78	100000	1	586
FMPvirt1010	39	5	179	79	100000	1	586
FMPvirt1011	39	5	179	80	100000	1	586
FMPvirt1012	39	5	179	82	100000	1	586
FMPvirt1013	39	5	180	73	100000	1	586
FMPvirt1014	39	5	180	74	100000	1	586
FMPvirt1015	39	5	180	75	100000	1	586
FMPvirt1016	39	5	180	76	100000	1	586
FMPvirt1017	39	5	180	77	100000	1	586
FMPvirt1018	39	5	180	78	100000	1	586
FMPvirt1019	39	5	180	79	100000	1	586
FMPvirt1020	39	5	180	80	100000	1	586
FMPvirt1021	39	5	180	81	100000	1	586
FMPvirt1022	39	5	180	82	100000	1	586
FMPvirt1023	39	5	180	83	100000	1	586
FMPvirt1024	39	5	181	73	100000	1	586
FMPvirt1025	39	5	181	74	100000	1	586
FMPvirt1026	39	5	181	75	100000	1	586
FMPvirt1027	39	5	181	76	100000	1	586
FMPvirt1028	39	5	181	79	100000	1	586
FMPvirt1029	39	5	181	80	100000	1	586
FMPvirt1030	39	5	181	81	100000	1	586
FMPvirt1031	39	5	181	82	100000	1	586
FMPvirt1032	39	5	181	83	100000	1	586
FMPvirt1033	39	5	181	84	100000	1	586
FMPvirt1034	39	5	182	72	100000	1	586
FMPvirt1035	39	5	182	73	100000	1	586
FMPvirt1036	39	5	182	74	100000	1	586
FMPvirt1037	39	5	182	79	100000	1	586
FMPvirt1038	39	5	182	80	100000	1	586
FMPvirt1039	39	5	182	81	100000	1	586
FMPvirt1040	39	5	182	82	100000	1	586
FMPvirt1041	39	5	182	83	100000	1	586
FMPvirt1042	39	5	182	84	100000	1	586
FMPvirt1043	39	5	183	71	100000	1	586
FMPvirt1044	39	5	183	72	100000	1	586
FMPvirt1045	39	5	183	79	100000	1	586
FMPvirt1046	39	5	183	80	100000	1	586
FMPvirt1047	39	5	183	81	100000	1	586
FMPvirt1048	39	5	183	82	100000	1	586
FMPvirt1049	39	5	183	83	100000	1	586
FMPvirt1050	39	5	183	84	100000	1	586
FMPvirt1051	39	5	184	71	100000	1	586
FMPvirt1052	39	5	184	77	100000	1	586
FMPvirt1053	39	5	184	78	100000	1	586
FMPvirt1054	39	5	184	79	100000	1	586
FMPvirt1055	39	5	184	80	100000	1	586
FMPvirt1056	39	5	184	81	100000	1	586
FMPvirt1057	39	5	184	82	100000	1	586
FMPvirt1058	39	5	184	83	100000	1	586
FMPvirt1059	39	5	184	84	100000	1	586
FMPvirt1060	39	5	185	70	100000	1	586
FMPvirt1061	39	5	185	71	100000	1	586
FMPvirt1062	39	5	185	77	100000	1	586
FMPvirt1063	39	5	185	78	100000	1	586
FMPvirt1064	39	5	185	79	100000	1	586
FMPvirt1065	39	5	185	80	100000	1	586
FMPvirt1066	39	5	185	82	100000	1	586
FMPvirt1067	39	5	185	83	100000	1	586
FMPvirt1068	39	5	185	84	100000	1	586
FMPvirt1069	39	5	186	68	100000	1	586
FMPvirt1070	39	5	186	69	100000	1	586
FMPvirt1071	39	5	186	70	100000	1	586
FMPvirt1072	39	5	186	71	100000	1	586
FMPvirt1073	39	5	186	72	100000	1	586
FMPvirt1074	39	5	186	73	100000	1	586
FMPvirt1075	39	5	186	75	100000	1	586
FMPvirt1076	39	5	186	76	100000	1	586
FMPvirt1077	39	5	186	77	100000	1	586
FMPvirt1078	39	5	186	78	100000	1	586
FMPvirt1079	39	5	186	79	100000	1	586
FMPvirt1080	39	5	186	82	100000	1	586
FMPvirt1081	39	5	186	83	100000	1	586
FMPvirt1082	39	5	187	68	100000	1	586
FMPvirt1083	39	5	187	69	100000	1	586
FMPvirt1084	39	5	187	70	100000	1	586
FMPvirt1085	39	5	187	71	100000	1	586
FMPvirt1086	39	5	187	72	100000	1	586
FMPvirt1087	39	5	187	75	100000	1	586
FMPvirt1088	39	5	187	76	100000	1	586
FMPvirt1089	39	5	187	77	100000	1	586
FMPvirt1090	39	5	187	78	100000	1	586
FMPvirt1091	39	5	187	79	100000	1	586
FMPvirt1092	39	5	187	80	100000	1	586
FMPvirt1093	39	5	187	82	100000	1	586
FMPvirt1094	39	5	187	83	100000	1	586
FMPvirt1095	39	5	188	67	100000	1	586
FMPvirt1096	39	5	188	68	100000	1	586
FMPvirt1097	39	5	188	69	100000	1	586
FMPvirt1098	39	5	188	70	100000	1	586
FMPvirt1099	39	5	188	71	100000	1	586
FMPvirt1100	39	5	188	72	100000	1	586
FMPvirt1101	39	5	188	73	100000	1	586
FMPvirt1102	39	5	188	74	100000	1	586
FMPvirt1103	39	5	188	75	100000	1	586
FMPvirt1104	39	5	188	76	100000	1	586
FMPvirt1105	39	5	188	77	100000	1	586
FMPvirt1106	39	5	188	78	100000	1	586
FMPvirt1107	39	5	188	79	100000	1	586
FMPvirt1108	39	5	188	82	100000	1	586
FMPvirt1109	39	5	188	83	100000	1	586
FMPvirt1110	39	5	189	66	100000	1	586
FMPvirt1111	39	5	189	67	100000	1	586
FMPvirt1112	39	5	189	68	100000	1	586
FMPvirt1113	39	5	189	69	100000	1	586
FMPvirt1114	39	5	189	70	100000	1	586
FMPvirt1115	39	5	189	71	100000	1	586
FMPvirt1116	39	5	189	72	100000	1	586
FMPvirt1117	39	5	189	73	100000	1	586
FMPvirt1118	39	5	189	74	100000	1	586
FMPvirt1119	39	5	189	75	100000	1	586
FMPvirt1120	39	5	189	76	100000	1	586
FMPvirt1121	39	5	189	77	100000	1	586
FMPvirt1122	39	5	189	78	100000	1	586
FMPvirt1123	39	5	189	79	100000	1	586
FMPvirt1124	39	5	189	81	100000	1	586
FMPvirt1125	39	5	189	82	100000	1	586
FMPvirt1126	39	5	189	83	100000	1	586
FMPvirt1127	39	5	190	66	100000	1	586
FMPvirt1128	39	5	190	67	100000	1	586
FMPvirt1129	39	5	190	68	100000	1	586
FMPvirt1130	39	5	190	69	100000	1	586
FMPvirt1131	39	5	190	70	100000	1	586
FMPvirt1132	39	5	190	71	100000	1	586
FMPvirt1133	39	5	190	72	100000	1	586
FMPvirt1134	39	5	190	73	100000	1	586
FMPvirt1135	39	5	190	74	100000	1	586
FMPvirt1136	39	5	190	75	100000	1	586
FMPvirt1137	39	5	190	76	100000	1	586
FMPvirt1138	39	5	190	77	100000	1	586
FMPvirt1139	39	5	190	78	100000	1	586
FMPvirt1140	39	5	190	79	100000	1	586
FMPvirt1141	39	5	190	80	100000	1	586
FMPvirt1142	39	5	190	81	100000	1	586
FMPvirt1143	39	5	190	82	100000	1	586
FMPvirt1144	39	5	190	83	100000	1	586
FMPvirt1145	39	5	191	64	100000	1	586
FMPvirt1146	39	5	191	65	100000	1	586
FMPvirt1147	39	5	191	66	100000	1	586
FMPvirt1148	39	5	191	68	100000	1	586
FMPvirt1149	39	5	191	69	100000	1	586
FMPvirt1150	39	5	191	70	100000	1	586
FMPvirt1151	39	5	191	71	100000	1	586
FMPvirt1152	39	5	191	73	100000	1	586
FMPvirt1153	39	5	191	74	100000	1	586
FMPvirt1154	39	5	191	75	100000	1	586
FMPvirt1155	39	5	191	76	100000	1	586
FMPvirt1156	39	5	191	77	100000	1	586
FMPvirt1157	39	5	191	78	100000	1	586
FMPvirt1158	39	5	191	79	100000	1	586
FMPvirt1159	39	5	191	80	100000	1	586
FMPvirt1160	39	5	191	81	100000	1	586
FMPvirt1161	39	5	191	82	100000	1	586
FMPvirt1162	39	5	191	83	100000	1	586
FMPvirt1163	39	5	192	64	100000	1	586
FMPvirt1164	39	5	192	65	100000	1	586
FMPvirt1165	39	5	192	66	100000	1	586
FMPvirt1166	39	5	192	67	100000	1	586
FMPvirt1167	39	5	192	68	100000	1	586
FMPvirt1168	39	5	192	70	100000	1	586
FMPvirt1169	39	5	192	71	100000	1	586
FMPvirt1170	39	5	192	72	100000	1	586
FMPvirt1171	39	5	192	73	100000	1	586
FMPvirt1172	39	5	192	74	100000	1	586
FMPvirt1173	39	5	192	75	100000	1	586
FMPvirt1174	39	5	192	76	100000	1	586
FMPvirt1175	39	5	192	77	100000	1	586
FMPvirt1176	39	5	192	78	100000	1	586
FMPvirt1177	39	5	192	79	100000	1	586
FMPvirt1178	39	5	192	80	100000	1	586
FMPvirt1179	39	5	192	81	100000	1	586
FMPvirt1180	39	5	192	82	100000	1	586
FMPvirt1181	39	5	192	83	100000	1	586
FMPvirt1182	39	5	193	66	100000	1	586
FMPvirt1183	39	5	193	67	100000	1	586
FMPvirt1184	39	5	193	68	100000	1	586
FMPvirt1185	39	5	193	69	100000	1	586
FMPvirt1186	39	5	193	70	100000	1	586
FMPvirt1187	39	5	193	71	100000	1	586
FMPvirt1188	39	5	193	72	100000	1	586
FMPvirt1189	39	5	193	73	100000	1	586
FMPvirt1190	39	5	193	74	100000	1	586
FMPvirt1191	39	5	193	75	100000	1	586
FMPvirt1192	39	5	193	76	100000	1	586
FMPvirt1193	39	5	193	77	100000	1	586
FMPvirt1194	39	5	193	78	100000	1	586
FMPvirt1195	39	5	193	79	100000	1	586
FMPvirt1196	39	5	193	80	100000	1	586
FMPvirt1197	39	5	193	81	100000	1	586
FMPvirt1198	39	5	193	82	100000	1	586
FMPvirt1199	39	5	194	67	100000	1	586
FMPvirt1200	39	5	194	69	100000	1	586
FMPvirt1201	39	5	194	70	100000	1	586
FMPvirt1202	39	5	194	71	100000	1	586
FMPvirt1203	39	5	194	72	100000	1	586
FMPvirt1204	39	5	194	74	100000	1	586
FMPvirt1205	39	5	194	75	100000	1	586
FMPvirt1206	39	5	194	76	100000	1	586
FMPvirt1207	39	5	194	77	100000	1	586
FMPvirt1208	39	5	194	78	100000	1	586
FMPvirt1209	39	5	194	79	100000	1	586
FMPvirt1210	39	5	194	80	100000	1	586
FMPvirt1211	39	5	194	81	100000	1	586
FMPvirt1212	39	5	194	82	100000	1	586
FMPvirt1213	39	5	195	70	100000	1	586
FMPvirt1214	39	5	195	74	100000	1	586
FMPvirt1215	39	5	195	75	100000	1	586
FMPvirt1216	39	5	195	76	100000	1	586
FMPvirt1217	39	5	195	77	100000	1	586
FMPvirt1218	39	5	195	78	100000	1	586
FMPvirt1219	39	5	195	79	100000	1	586
FMPvirt1220	39	5	195	80	100000	1	586
FMPvirt1221	39	5	195	81	100000	1	586
FMPvirt1222	39	5	195	82	100000	1	586
FMPvirt1223	39	5	196	73	100000	1	586
FMPvirt1224	39	5	196	74	100000	1	586
FMPvirt1225	39	5	196	75	100000	1	586
FMPvirt1226	39	5	196	76	100000	1	586
FMPvirt1227	39	5	196	77	100000	1	586
FMPvirt1228	39	5	196	78	100000	1	586
FMPvirt1229	39	5	196	79	100000	1	586
FMPvirt1230	39	5	196	80	100000	1	586
FMPvirt1231	39	5	196	81	100000	1	586
FMPvirt1232	39	5	196	82	100000	1	586
FMPvirt1233	39	5	197	73	100000	1	586
FMPvirt1234	39	5	197	74	100000	1	586
FMPvirt1235	39	5	197	75	100000	1	586
FMPvirt1236	39	5	197	76	100000	1	586
FMPvirt1237	39	5	197	77	100000	1	586
FMPvirt1238	39	5	197	78	100000	1	586
FMPvirt1239	39	5	197	79	100000	1	586
FMPvirt1240	39	5	197	80	100000	1	586
FMPvirt1241	39	5	197	81	100000	1	586
FMPvirt1242	39	5	198	73	100000	1	586
FMPvirt1243	39	5	198	74	100000	1	586
FMPvirt1244	39	5	198	75	100000	1	586
FMPvirt1245	39	5	198	76	100000	1	586
FMPvirt1246	39	5	198	77	100000	1	586
FMPvirt1247	39	5	198	78	100000	1	586
FMPvirt1248	39	5	198	79	100000	1	586
FMPvirt1249	39	5	198	80	100000	1	586
FMPvirt1250	39	5	198	81	100000	1	586
FMPvirt1251	39	5	199	74	100000	1	586
FMPvirt1252	39	5	199	75	100000	1	586
FMPvirt1253	39	5	199	76	100000	1	586
FMPvirt1254	39	5	199	77	100000	1	586
FMPvirt1255	39	5	199	78	100000	1	586
FMPvirt1256	39	5	199	79	100000	1	586
FMPvirt1257	39	5	199	80	100000	1	586
FMPvirt1258	39	5	200	75	100000	1	586
FMPvirt1259	39	5	200	76	100000	1	586
FMPvirt1260	39	5	200	77	100000	1	586
FMPvirt1261	39	5	200	78	100000	1	586
FMPvirt1262	39	5	200	79	100000	1	586
FMPvirt1263	39	5	200	80	100000	1	586
FMPvirt1264	39	5	201	76	100000	1	586
FMPvirt1265	39	5	201	77	100000	1	586
FMPvirt1266	39	5	201	78	100000	1	586
FMPvirt1267	39	5	201	79	100000	1	586
FMPvirt1268	39	5	201	80	100000	1	586
FMPvirt1269	39	5	202	78	100000	1	586
FMPvirt1270	39	5	202	79	100000	1	586
FMPvirt1271	39	5	203	79	100000	1	586
FMPvirt1272	25	3	144	65	100000	1	586
FMPvirt1273	25	3	145	64	100000	1	586
FMPvirt1274	25	3	145	65	100000	1	586
FMPvirt1275	25	3	145	66	100000	1	586
FMPvirt1276	25	3	146	64	100000	1	586
FMPvirt1277	25	3	146	65	100000	1	586
FMPvirt1278	25	3	146	66	100000	1	586
FMPvirt1279	25	3	147	61	100000	1	586
FMPvirt1280	25	3	147	62	100000	1	586
FMPvirt1281	25	3	147	63	100000	1	586
FMPvirt1282	25	3	147	64	100000	1	586
FMPvirt1283	25	3	147	65	100000	1	586
FMPvirt1284	25	3	147	66	100000	1	586
FMPvirt1285	25	3	148	61	100000	1	586
FMPvirt1286	25	3	148	62	100000	1	586
FMPvirt1287	25	3	148	63	100000	1	586
FMPvirt1288	25	3	148	64	100000	1	586
FMPvirt1289	25	3	148	65	100000	1	586
FMPvirt1290	25	3	148	66	100000	1	586
FMPvirt1291	25	3	149	61	100000	1	586
FMPvirt1292	25	3	149	62	100000	1	586
FMPvirt1293	25	3	149	63	100000	1	586
FMPvirt1294	35	6	154	63	100000	1	586
FMPvirt1295	35	6	154	64	100000	1	586
FMPvirt1296	35	6	154	65	100000	1	586
FMPvirt1297	35	6	155	62	100000	1	586
FMPvirt1298	35	6	155	63	100000	1	586
FMPvirt1299	35	6	155	64	100000	1	586
FMPvirt1300	35	6	155	65	100000	1	586
FMPvirt1301	35	6	155	66	100000	1	586
FMPvirt1302	35	6	156	57	100000	1	586
FMPvirt1303	35	6	156	58	100000	1	586
FMPvirt1304	35	6	156	62	100000	1	586
FMPvirt1305	35	6	156	63	100000	1	586
FMPvirt1306	35	6	156	65	100000	1	586
FMPvirt1307	35	6	156	66	100000	1	586
FMPvirt1308	35	6	156	67	100000	1	586
FMPvirt1309	35	6	156	70	100000	1	586
FMPvirt1310	35	6	157	58	100000	1	586
FMPvirt1311	35	6	157	59	100000	1	586
FMPvirt1312	35	6	157	62	100000	1	586
FMPvirt1313	35	6	157	64	100000	1	586
FMPvirt1314	35	6	157	67	100000	1	586
FMPvirt1315	35	6	157	68	100000	1	586
FMPvirt1316	35	6	157	70	100000	1	586
FMPvirt1317	35	6	158	59	100000	1	586
FMPvirt1318	35	6	158	60	100000	1	586
FMPvirt1319	35	6	158	61	100000	1	586
FMPvirt1320	35	6	158	63	100000	1	586
FMPvirt1321	35	6	158	68	100000	1	586
FMPvirt1322	35	6	158	70	100000	1	586
FMPvirt1323	35	6	159	61	100000	1	586
FMPvirt1324	35	6	159	62	100000	1	586
FMPvirt1325	35	6	159	64	100000	1	586
FMPvirt1326	35	6	160	70	100000	1	586
FMPvirt1327	35	6	161	70	100000	1	586
FMPvirt1328	35	6	165	72	100000	1	586
FMPvirt1329	35	6	166	72	100000	1	586
FMPvirt1330	35	6	168	72	100000	1	586
FMPvirt1331	35	6	169	73	100000	1	586
FMPvirt1332	35	6	170	73	100000	1	586
FMPvirt1333	43	5	171	60	100000	1	586
FMPvirt1334	43	5	171	61	100000	1	586
FMPvirt1335	43	5	171	62	100000	1	586
FMPvirt1336	43	5	172	60	100000	1	586
FMPvirt1337	43	5	172	61	100000	1	586
FMPvirt1338	43	5	172	62	100000	1	586
FMPvirt1339	43	5	173	53	100000	1	586
FMPvirt1340	43	5	173	60	100000	1	586
FMPvirt1341	43	5	173	61	100000	1	586
FMPvirt1342	43	5	173	62	100000	1	586
FMPvirt1343	43	5	174	53	100000	1	586
FMPvirt1344	43	5	174	54	100000	1	586
FMPvirt1345	43	5	174	55	100000	1	586
FMPvirt1346	43	5	174	56	100000	1	586
FMPvirt1347	43	5	174	57	100000	1	586
FMPvirt1348	43	5	174	58	100000	1	586
FMPvirt1349	43	5	174	59	100000	1	586
FMPvirt1350	43	5	174	60	100000	1	586
FMPvirt1351	43	5	174	61	100000	1	586
FMPvirt1352	43	5	175	54	100000	1	586
FMPvirt1353	43	5	175	55	100000	1	586
FMPvirt1354	43	5	175	56	100000	1	586
FMPvirt1355	43	5	175	57	100000	1	586
FMPvirt1356	43	5	175	58	100000	1	586
FMPvirt1357	43	5	175	59	100000	1	586
FMPvirt1358	43	5	175	60	100000	1	586
FMPvirt1359	43	5	176	54	100000	1	586
FMPvirt1360	43	5	176	55	100000	1	586
FMPvirt1361	43	5	176	56	100000	1	586
FMPvirt1362	43	5	176	57	100000	1	586
FMPvirt1363	43	5	176	58	100000	1	586
FMPvirt1364	43	5	176	59	100000	1	586
FMPvirt1365	43	5	176	60	100000	1	586
FMPvirt1366	43	5	176	61	100000	1	586
FMPvirt1367	43	5	177	54	100000	1	586
FMPvirt1368	43	5	177	55	100000	1	586
FMPvirt1369	43	5	177	56	100000	1	586
FMPvirt1370	43	5	177	57	100000	1	586
FMPvirt1371	43	5	177	58	100000	1	586
FMPvirt1372	43	5	177	59	100000	1	586
FMPvirt1373	43	5	177	60	100000	1	586
FMPvirt1374	43	5	177	61	100000	1	586
FMPvirt1375	43	5	178	54	100000	1	586
FMPvirt1376	43	5	178	55	100000	1	586
FMPvirt1377	43	5	178	56	100000	1	586
FMPvirt1378	43	5	178	57	100000	1	586
FMPvirt1379	43	5	178	58	100000	1	586
FMPvirt1380	43	5	178	59	100000	1	586
FMPvirt1381	43	5	178	60	100000	1	586
FMPvirt1382	43	5	178	61	100000	1	586
FMPvirt1383	43	5	179	55	100000	1	586
FMPvirt1384	43	5	179	56	100000	1	586
FMPvirt1385	43	5	179	57	100000	1	586
FMPvirt1386	43	5	179	58	100000	1	586
FMPvirt1387	43	5	179	60	100000	1	586
FMPvirt1388	43	5	180	55	100000	1	586
FMPvirt1389	43	5	180	56	100000	1	586
FMPvirt1390	43	5	180	57	100000	1	586
FMPvirt1391	43	5	180	58	100000	1	586
FMPvirt1392	43	5	180	59	100000	1	586
FMPvirt1393	43	5	181	55	100000	1	586
FMPvirt1394	43	5	181	56	100000	1	586
FMPvirt1395	43	5	181	57	100000	1	586
FMPvirt1396	43	5	181	58	100000	1	586
FMPvirt1397	43	5	181	59	100000	1	586
FMPvirt1398	43	5	182	56	100000	1	586
FMPvirt1399	43	5	182	57	100000	1	586
FMPvirt1400	43	5	182	58	100000	1	586
FMPvirt1401	43	5	183	56	100000	1	586
FMPvirt1402	43	5	183	57	100000	1	586
FMPvirt1403	43	5	183	58	100000	1	586
FMPvirt1404	43	5	184	57	100000	1	586
FMPvirt1405	11	1	66	18	100000	1	586
FMPvirt1406	11	1	66	19	100000	1	586
FMPvirt1407	11	1	67	18	100000	1	586
FMPvirt1408	11	1	67	19	100000	1	586
FMPvirt1409	11	1	67	20	100000	1	586
FMPvirt1410	11	1	68	19	100000	1	586
FMPvirt1411	11	1	68	20	100000	1	586
FMPvirt1412	11	1	68	21	100000	1	586
FMPvirt1413	11	1	68	22	100000	1	586
FMPvirt1414	11	1	69	18	100000	1	586
FMPvirt1415	11	1	69	19	100000	1	586
FMPvirt1416	11	1	69	22	100000	1	586
FMPvirt1417	11	1	69	23	100000	1	586
FMPvirt1418	11	1	70	19	100000	1	586
FMPvirt1419	11	1	70	20	100000	1	586
FMPvirt1420	11	1	70	22	100000	1	586
FMPvirt1421	11	1	70	23	100000	1	586
FMPvirt1422	11	1	71	21	100000	1	586
FMPvirt1423	11	1	71	22	100000	1	586
FMPvirt1424	21	4	121	21	100000	1	586
FMPvirt1425	21	4	122	21	100000	1	586
FMPvirt1426	21	4	123	20	100000	1	586
FMPvirt1427	21	4	123	21	100000	1	586
FMPvirt1428	21	4	123	22	100000	1	586
FMPvirt1429	21	4	123	23	100000	1	586
FMPvirt1430	21	4	124	20	100000	1	586
FMPvirt1431	21	4	124	21	100000	1	586
FMPvirt1432	21	4	124	22	100000	1	586
FMPvirt1433	21	4	124	23	100000	1	586
FMPvirt1434	21	4	125	19	100000	1	586
FMPvirt1435	21	4	125	20	100000	1	586
FMPvirt1436	21	4	125	21	100000	1	586
FMPvirt1437	21	4	125	22	100000	1	586
FMPvirt1438	21	4	125	23	100000	1	586
FMPvirt1439	21	4	126	19	100000	1	586
FMPvirt1440	21	4	126	20	100000	1	586
FMPvirt1441	21	4	126	21	100000	1	586
FMPvirt1442	21	4	126	22	100000	1	586
FMPvirt1443	21	4	127	19	100000	1	586
FMPvirt1444	21	4	127	20	100000	1	586
FMPvirt1445	21	4	127	21	100000	1	586
FMPvirt1446	21	4	127	22	100000	1	586
FMPvirt1447	21	4	128	21	100000	1	586
FMPvirt1448	21	4	128	22	100000	1	586
FMPvirt1449	21	4	129	21	100000	1	586
FMPvirt1450	56	2	29	33	100000	1	586
FMPvirt1451	56	2	30	33	100000	1	586
FMPvirt1452	56	2	30	37	100000	1	586
FMPvirt1453	18	5	128	57	100000	1	586
FMPvirt1454	18	5	128	59	100000	1	586
FMPvirt1455	18	5	128	60	100000	1	586
FMPvirt1456	18	5	129	53	100000	1	586
FMPvirt1457	18	5	129	54	100000	1	586
FMPvirt1458	18	5	129	56	100000	1	586
FMPvirt1459	18	5	129	57	100000	1	586
FMPvirt1460	18	5	129	58	100000	1	586
FMPvirt1461	18	5	129	59	100000	1	586
FMPvirt1462	18	5	129	60	100000	1	586
FMPvirt1463	18	5	130	56	100000	1	586
FMPvirt1464	18	5	130	57	100000	1	586
FMPvirt1465	18	5	130	58	100000	1	586
FMPvirt1466	18	5	130	62	100000	1	586
FMPvirt1467	18	5	131	58	100000	1	586
FMPvirt1468	48	1	177	27	100000	1	586
FMPvirt1469	48	1	178	25	100000	1	586
FMPvirt1470	48	1	178	26	100000	1	586
FMPvirt1471	48	1	178	27	100000	1	586
FMPvirt1472	48	1	179	23	100000	1	586
FMPvirt1473	48	1	179	24	100000	1	586
FMPvirt1474	48	1	179	25	100000	1	586
FMPvirt1475	48	1	179	26	100000	1	586
FMPvirt1476	48	1	179	27	100000	1	586
FMPvirt1477	48	1	179	28	100000	1	586
FMPvirt1478	48	1	179	29	100000	1	586
FMPvirt1479	48	1	179	30	100000	1	586
FMPvirt1480	48	1	180	23	100000	1	586
FMPvirt1481	48	1	180	24	100000	1	586
FMPvirt1482	48	1	180	25	100000	1	586
FMPvirt1483	48	1	180	27	100000	1	586
FMPvirt1484	48	1	180	28	100000	1	586
FMPvirt1485	48	1	180	29	100000	1	586
FMPvirt1486	48	1	180	30	100000	1	586
FMPvirt1487	48	1	180	31	100000	1	586
FMPvirt1488	48	1	181	23	100000	1	586
FMPvirt1489	48	1	181	24	100000	1	586
FMPvirt1490	48	1	181	25	100000	1	586
FMPvirt1491	48	1	181	27	100000	1	586
FMPvirt1492	48	1	181	28	100000	1	586
FMPvirt1493	48	1	181	29	100000	1	586
FMPvirt1494	48	1	181	30	100000	1	586
FMPvirt1495	45	6	181	60	100000	1	586
FMPvirt1496	48	1	182	23	100000	1	586
FMPvirt1497	48	1	182	27	100000	1	586
FMPvirt1498	48	1	182	29	100000	1	586
FMPvirt1499	48	1	182	30	100000	1	586
FMPvirt1500	45	6	182	59	100000	1	586
FMPvirt1501	45	6	182	60	100000	1	586
FMPvirt1502	48	1	183	28	100000	1	586
FMPvirt1503	48	1	183	29	100000	1	586
FMPvirt1504	45	6	183	59	100000	1	586
FMPvirt1505	45	6	183	60	100000	1	586
FMPvirt1506	48	1	184	28	100000	1	586
FMPvirt1507	48	1	184	29	100000	1	586
FMPvirt1508	45	6	184	58	100000	1	586
FMPvirt1509	45	6	184	59	100000	1	586
FMPvirt1510	45	6	184	60	100000	1	586
FMPvirt1511	45	6	184	61	100000	1	586
FMPvirt1512	45	6	184	62	100000	1	586
FMPvirt1513	48	1	185	28	100000	1	586
FMPvirt1514	45	6	185	59	100000	1	586
FMPvirt1515	45	6	185	60	100000	1	586
FMPvirt1516	45	6	185	61	100000	1	586
FMPvirt1517	45	6	185	62	100000	1	586
FMPvirt1518	48	1	186	29	100000	1	586
FMPvirt1519	45	6	186	59	100000	1	586
FMPvirt1520	45	6	186	60	100000	1	586
FMPvirt1521	45	6	186	61	100000	1	586
FMPvirt1522	45	6	186	62	100000	1	586
FMPvirt1523	45	6	186	63	100000	1	586
FMPvirt1524	48	1	187	30	100000	1	586
FMPvirt1525	45	6	187	60	100000	1	586
FMPvirt1526	45	6	187	61	100000	1	586
FMPvirt1527	45	6	187	62	100000	1	586
FMPvirt1528	45	6	187	63	100000	1	586
FMPvirt1529	45	6	187	64	100000	1	586
FMPvirt1530	45	6	187	65	100000	1	586
FMPvirt1531	45	6	187	66	100000	1	586
FMPvirt1532	45	6	188	60	100000	1	586
FMPvirt1533	45	6	188	61	100000	1	586
FMPvirt1534	45	6	188	63	100000	1	586
FMPvirt1535	45	6	188	64	100000	1	586
FMPvirt1536	45	6	188	65	100000	1	586
FMPvirt1537	45	6	188	66	100000	1	586
FMPvirt1538	45	6	189	61	100000	1	586
FMPvirt1539	45	6	189	62	100000	1	586
FMPvirt1540	45	6	189	63	100000	1	586
FMPvirt1541	45	6	189	64	100000	1	586
FMPvirt1542	45	6	189	65	100000	1	586
FMPvirt1543	45	6	190	62	100000	1	586
FMPvirt1544	45	6	190	63	100000	1	586
FMPvirt1545	45	6	190	64	100000	1	586
FMPvirt1546	45	6	190	65	100000	1	586
FMPvirt1547	24	5	142	62	100000	1	586
FMPvirt1548	24	5	143	61	100000	1	586
FMPvirt1549	24	5	143	62	100000	1	586
FMPvirt1550	24	5	143	65	100000	1	586
FMPvirt1551	24	5	144	61	100000	1	586
FMPvirt1552	24	5	144	62	100000	1	586
FMPvirt1553	24	5	146	62	100000	1	586
FMPvirt1554	24	5	146	63	100000	1	586
FMPvirt1555	31	4	135	26	100000	1	586
FMPvirt1556	31	4	136	25	100000	1	586
FMPvirt1557	31	4	136	26	100000	1	586
FMPvirt1558	31	4	136	27	100000	1	586
FMPvirt1559	31	4	136	28	100000	1	586
FMPvirt1560	31	4	136	29	100000	1	586
FMPvirt1561	31	4	136	30	100000	1	586
FMPvirt1562	31	4	136	33	100000	1	586
FMPvirt1563	31	4	137	25	100000	1	586
FMPvirt1564	31	4	137	26	100000	1	586
FMPvirt1565	31	4	137	27	100000	1	586
FMPvirt1566	31	4	137	28	100000	1	586
FMPvirt1567	31	4	137	29	100000	1	586
FMPvirt1568	31	4	137	30	100000	1	586
FMPvirt1569	31	4	137	31	100000	1	586
FMPvirt1570	31	4	137	32	100000	1	586
FMPvirt1571	31	4	138	26	100000	1	586
FMPvirt1572	31	4	138	27	100000	1	586
FMPvirt1573	31	4	138	28	100000	1	586
FMPvirt1574	31	4	138	29	100000	1	586
FMPvirt1575	31	4	138	30	100000	1	586
FMPvirt1576	31	4	138	31	100000	1	586
FMPvirt1577	31	4	138	32	100000	1	586
FMPvirt1578	31	4	139	26	100000	1	586
FMPvirt1579	31	4	139	27	100000	1	586
FMPvirt1580	31	4	139	28	100000	1	586
FMPvirt1581	31	4	139	29	100000	1	586
FMPvirt1582	31	4	139	30	100000	1	586
FMPvirt1583	31	4	139	31	100000	1	586
FMPvirt1584	31	4	139	32	100000	1	586
FMPvirt1585	31	4	140	29	100000	1	586
FMPvirt1586	31	4	140	30	100000	1	586
FMPvirt1587	31	4	140	31	100000	1	586
FMPvirt1588	31	4	140	32	100000	1	586
FMPvirt1589	31	4	142	29	100000	1	586
FMPvirt1590	31	4	142	30	100000	1	586
FMPvirt1591	31	4	143	27	100000	1	586
FMPvirt1592	31	4	143	28	100000	1	586
FMPvirt1593	31	4	143	29	100000	1	586
FMPvirt1594	31	4	143	30	100000	1	586
FMPvirt1595	31	4	144	27	100000	1	586
FMPvirt1596	31	4	144	28	100000	1	586
FMPvirt1597	31	4	144	29	100000	1	586
FMPvirt1598	31	4	144	30	100000	1	586
FMPvirt1599	29	6	150	62	100000	1	586
FMPvirt1600	29	6	150	63	100000	1	586
FMPvirt1601	29	6	150	64	100000	1	586
FMPvirt1602	29	6	150	65	100000	1	586
FMPvirt1603	29	6	150	66	100000	1	586
FMPvirt1604	29	6	151	62	100000	1	586
FMPvirt1605	29	6	151	63	100000	1	586
FMPvirt1606	29	6	151	64	100000	1	586
FMPvirt1607	29	6	151	65	100000	1	586
FMPvirt1608	29	6	151	66	100000	1	586
FMPvirt1609	29	6	151	67	100000	1	586
FMPvirt1610	29	6	151	69	100000	1	586
FMPvirt1611	29	6	152	63	100000	1	586
FMPvirt1612	29	6	152	64	100000	1	586
FMPvirt1613	29	6	152	65	100000	1	586
FMPvirt1614	29	6	152	66	100000	1	586
FMPvirt1615	29	6	152	68	100000	1	586
FMPvirt1616	29	6	152	69	100000	1	586
FMPvirt1617	29	6	153	63	100000	1	586
FMPvirt1618	29	6	153	64	100000	1	586
FMPvirt1619	29	6	153	65	100000	1	586
FMPvirt1620	29	6	153	66	100000	1	586
FMPvirt1621	29	6	153	69	100000	1	586
FMPvirt1622	29	6	154	69	100000	1	586
FMPvirt1623	38	6	165	62	100000	1	586
FMPvirt1624	38	6	165	63	100000	1	586
FMPvirt1625	38	6	166	59	100000	1	586
FMPvirt1626	38	6	166	60	100000	1	586
FMPvirt1627	38	6	166	61	100000	1	586
FMPvirt1628	38	6	166	62	100000	1	586
FMPvirt1629	38	6	166	63	100000	1	586
FMPvirt1630	38	6	166	64	100000	1	586
FMPvirt1631	38	6	166	65	100000	1	586
FMPvirt1632	38	6	167	58	100000	1	586
FMPvirt1633	38	6	167	59	100000	1	586
FMPvirt1634	38	6	167	60	100000	1	586
FMPvirt1635	38	6	167	61	100000	1	586
FMPvirt1636	38	6	167	62	100000	1	586
FMPvirt1637	38	6	167	63	100000	1	586
FMPvirt1638	38	6	167	64	100000	1	586
FMPvirt1639	38	6	167	65	100000	1	586
FMPvirt1640	38	6	167	66	100000	1	586
FMPvirt1641	38	6	167	67	100000	1	586
FMPvirt1642	38	6	168	58	100000	1	586
FMPvirt1643	38	6	168	59	100000	1	586
FMPvirt1644	38	6	168	60	100000	1	586
FMPvirt1645	38	6	168	61	100000	1	586
FMPvirt1646	38	6	168	62	100000	1	586
FMPvirt1647	38	6	168	63	100000	1	586
FMPvirt1648	38	6	168	64	100000	1	586
FMPvirt1649	38	6	168	65	100000	1	586
FMPvirt1650	38	6	168	66	100000	1	586
FMPvirt1651	38	6	168	67	100000	1	586
FMPvirt1652	38	6	168	68	100000	1	586
FMPvirt1653	38	6	169	58	100000	1	586
FMPvirt1654	38	6	169	62	100000	1	586
FMPvirt1655	38	6	169	63	100000	1	586
FMPvirt1656	38	6	169	64	100000	1	586
FMPvirt1657	38	6	169	65	100000	1	586
FMPvirt1658	38	6	169	66	100000	1	586
FMPvirt1659	38	6	169	67	100000	1	586
FMPvirt1660	38	6	170	60	100000	1	586
FMPvirt1661	38	6	170	64	100000	1	586
FMPvirt1662	38	6	170	65	100000	1	586
FMPvirt1663	38	6	170	66	100000	1	586
FMPvirt1664	38	6	170	67	100000	1	586
FMPvirt1665	38	6	170	68	100000	1	586
FMPvirt1666	38	6	170	69	100000	1	586
FMPvirt1667	38	6	170	70	100000	1	586
FMPvirt1668	38	6	170	71	100000	1	586
FMPvirt1669	38	6	171	65	100000	1	586
FMPvirt1670	38	6	171	66	100000	1	586
FMPvirt1671	38	6	171	68	100000	1	586
FMPvirt1672	38	6	171	69	100000	1	586
FMPvirt1673	38	6	171	70	100000	1	586
FMPvirt1674	38	6	171	71	100000	1	586
FMPvirt1675	38	6	171	72	100000	1	586
FMPvirt1676	38	6	172	63	100000	1	586
FMPvirt1677	38	6	172	64	100000	1	586
FMPvirt1678	38	6	172	65	100000	1	586
FMPvirt1679	38	6	172	66	100000	1	586
FMPvirt1680	38	6	172	68	100000	1	586
FMPvirt1681	38	6	172	69	100000	1	586
FMPvirt1682	38	6	172	70	100000	1	586
FMPvirt1683	38	6	172	71	100000	1	586
FMPvirt1684	38	6	172	72	100000	1	586
FMPvirt1685	38	6	172	73	100000	1	586
FMPvirt1686	38	6	173	63	100000	1	586
FMPvirt1687	38	6	173	64	100000	1	586
FMPvirt1688	38	6	173	65	100000	1	586
FMPvirt1689	38	6	173	66	100000	1	586
FMPvirt1690	38	6	173	67	100000	1	586
FMPvirt1691	38	6	173	68	100000	1	586
FMPvirt1692	38	6	173	69	100000	1	586
FMPvirt1693	38	6	173	70	100000	1	586
FMPvirt1694	38	6	173	71	100000	1	586
FMPvirt1695	38	6	173	72	100000	1	586
FMPvirt1696	38	6	173	73	100000	1	586
FMPvirt1697	38	6	174	62	100000	1	586
FMPvirt1698	38	6	174	63	100000	1	586
FMPvirt1699	38	6	174	64	100000	1	586
FMPvirt1700	38	6	174	65	100000	1	586
FMPvirt1701	38	6	174	66	100000	1	586
FMPvirt1702	38	6	174	67	100000	1	586
FMPvirt1703	38	6	174	68	100000	1	586
FMPvirt1704	38	6	174	69	100000	1	586
FMPvirt1705	38	6	174	71	100000	1	586
FMPvirt1706	38	6	174	72	100000	1	586
FMPvirt1707	38	6	175	62	100000	1	586
FMPvirt1708	38	6	175	63	100000	1	586
FMPvirt1709	38	6	175	64	100000	1	586
FMPvirt1710	38	6	175	65	100000	1	586
FMPvirt1711	38	6	175	66	100000	1	586
FMPvirt1712	38	6	175	67	100000	1	586
FMPvirt1713	38	6	175	68	100000	1	586
FMPvirt1714	38	6	175	70	100000	1	586
FMPvirt1715	38	6	175	71	100000	1	586
FMPvirt1716	38	6	175	72	100000	1	586
FMPvirt1717	38	6	176	62	100000	1	586
FMPvirt1718	38	6	176	63	100000	1	586
FMPvirt1719	38	6	176	66	100000	1	586
FMPvirt1720	38	6	176	67	100000	1	586
FMPvirt1721	38	6	176	68	100000	1	586
FMPvirt1722	38	6	176	69	100000	1	586
FMPvirt1723	38	6	176	70	100000	1	586
FMPvirt1724	38	6	176	71	100000	1	586
FMPvirt1725	38	6	177	62	100000	1	586
FMPvirt1726	38	6	177	63	100000	1	586
FMPvirt1727	38	6	177	65	100000	1	586
FMPvirt1728	38	6	177	66	100000	1	586
FMPvirt1729	38	6	177	67	100000	1	586
FMPvirt1730	38	6	177	68	100000	1	586
FMPvirt1731	38	6	177	69	100000	1	586
FMPvirt1732	38	6	177	70	100000	1	586
FMPvirt1733	38	6	177	71	100000	1	586
FMPvirt1734	38	6	177	72	100000	1	586
FMPvirt1735	38	6	177	73	100000	1	586
FMPvirt1736	38	6	178	62	100000	1	586
FMPvirt1737	38	6	178	63	100000	1	586
FMPvirt1738	38	6	178	64	100000	1	586
FMPvirt1739	38	6	178	65	100000	1	586
FMPvirt1740	38	6	178	66	100000	1	586
FMPvirt1741	38	6	178	67	100000	1	586
FMPvirt1742	38	6	178	68	100000	1	586
FMPvirt1743	38	6	178	69	100000	1	586
FMPvirt1744	38	6	178	70	100000	1	586
FMPvirt1745	38	6	178	71	100000	1	586
FMPvirt1746	38	6	178	72	100000	1	586
FMPvirt1747	38	6	179	62	100000	1	586
FMPvirt1748	38	6	179	63	100000	1	586
FMPvirt1749	38	6	179	64	100000	1	586
FMPvirt1750	38	6	179	65	100000	1	586
FMPvirt1751	38	6	179	66	100000	1	586
FMPvirt1752	38	6	179	67	100000	1	586
FMPvirt1753	38	6	179	68	100000	1	586
FMPvirt1754	38	6	179	69	100000	1	586
FMPvirt1755	38	6	179	70	100000	1	586
FMPvirt1756	38	6	179	71	100000	1	586
FMPvirt1757	38	6	179	72	100000	1	586
FMPvirt1758	38	6	180	61	100000	1	586
FMPvirt1759	38	6	180	62	100000	1	586
FMPvirt1760	38	6	180	63	100000	1	586
FMPvirt1761	38	6	180	64	100000	1	586
FMPvirt1762	38	6	180	65	100000	1	586
FMPvirt1763	38	6	180	66	100000	1	586
FMPvirt1764	38	6	180	67	100000	1	586
FMPvirt1765	38	6	180	68	100000	1	586
FMPvirt1766	38	6	180	69	100000	1	586
FMPvirt1767	38	6	180	70	100000	1	586
FMPvirt1768	38	6	181	61	100000	1	586
FMPvirt1769	38	6	181	62	100000	1	586
FMPvirt1770	38	6	181	63	100000	1	586
FMPvirt1771	38	6	181	64	100000	1	586
FMPvirt1772	38	6	181	65	100000	1	586
FMPvirt1773	38	6	181	66	100000	1	586
FMPvirt1774	38	6	181	67	100000	1	586
FMPvirt1775	38	6	181	68	100000	1	586
FMPvirt1776	38	6	181	69	100000	1	586
FMPvirt1777	38	6	182	63	100000	1	586
FMPvirt1778	38	6	182	64	100000	1	586
FMPvirt1779	38	6	182	65	100000	1	586
FMPvirt1780	38	6	182	66	100000	1	586
FMPvirt1781	38	6	182	67	100000	1	586
FMPvirt1782	38	6	182	68	100000	1	586
FMPvirt1783	38	6	182	69	100000	1	586
FMPvirt1784	38	6	183	66	100000	1	586
FMPvirt1785	38	6	183	67	100000	1	586
FMPvirt1786	38	6	183	69	100000	1	586
FMPvirt1787	38	6	183	70	100000	1	586
FMPvirt1788	38	6	184	69	100000	1	586
FMPvirt1789	38	6	184	70	100000	1	586
FMPvirt1790	49	3	199	63	100000	1	586
FMPvirt1791	49	3	199	65	100000	1	586
FMPvirt1792	49	3	199	69	100000	1	586
FMPvirt1793	49	3	199	70	100000	1	586
FMPvirt1794	49	3	199	73	100000	1	586
FMPvirt1795	49	3	200	63	100000	1	586
FMPvirt1796	49	3	200	64	100000	1	586
FMPvirt1797	49	3	200	65	100000	1	586
FMPvirt1798	49	3	200	66	100000	1	586
FMPvirt1799	49	3	200	68	100000	1	586
FMPvirt1800	49	3	200	69	100000	1	586
FMPvirt1801	49	3	200	70	100000	1	586
FMPvirt1802	49	3	200	71	100000	1	586
FMPvirt1803	49	3	200	72	100000	1	586
FMPvirt1804	49	3	200	73	100000	1	586
FMPvirt1805	49	3	200	74	100000	1	586
FMPvirt1806	49	3	201	63	100000	1	586
FMPvirt1807	49	3	201	64	100000	1	586
FMPvirt1808	49	3	201	65	100000	1	586
FMPvirt1809	49	3	201	66	100000	1	586
FMPvirt1810	49	3	201	67	100000	1	586
FMPvirt1811	49	3	201	68	100000	1	586
FMPvirt1812	49	3	201	69	100000	1	586
FMPvirt1813	49	3	201	70	100000	1	586
FMPvirt1814	49	3	201	71	100000	1	586
FMPvirt1815	49	3	201	72	100000	1	586
FMPvirt1816	49	3	201	73	100000	1	586
FMPvirt1817	49	3	201	74	100000	1	586
FMPvirt1818	49	3	201	75	100000	1	586
FMPvirt1819	49	3	202	64	100000	1	586
FMPvirt1820	49	3	202	65	100000	1	586
FMPvirt1821	49	3	202	66	100000	1	586
FMPvirt1822	49	3	202	67	100000	1	586
FMPvirt1823	49	3	202	68	100000	1	586
FMPvirt1824	49	3	202	69	100000	1	586
FMPvirt1825	49	3	202	70	100000	1	586
FMPvirt1826	49	3	202	71	100000	1	586
FMPvirt1827	49	3	202	72	100000	1	586
FMPvirt1828	49	3	202	74	100000	1	586
FMPvirt1829	49	3	202	75	100000	1	586
FMPvirt1830	49	3	203	67	100000	1	586
FMPvirt1831	49	3	203	68	100000	1	586
FMPvirt1832	49	3	203	69	100000	1	586
FMPvirt1833	49	3	203	70	100000	1	586
FMPvirt1834	49	3	203	71	100000	1	586
FMPvirt1835	49	3	203	72	100000	1	586
FMPvirt1836	49	3	204	69	100000	1	586
FMPvirt1837	49	3	204	70	100000	1	586
FMPvirt1838	49	3	204	71	100000	1	586
FMPvirt1839	49	3	204	72	100000	1	586
FMPvirt1840	49	3	205	69	100000	1	586
FMPvirt1841	49	3	205	71	100000	1	586
FMPvirt1842	49	3	208	61	100000	1	586
FMPvirt1843	49	3	208	62	100000	1	586
FMPvirt1844	50	6	209	18	100000	1	586
FMPvirt1845	50	6	210	18	100000	1	586
FMPvirt1846	50	6	210	19	100000	1	586
FMPvirt1847	50	6	211	19	100000	1	586
FMPvirt1848	50	6	211	20	100000	1	586
FMPvirt1849	50	6	212	20	100000	1	586
FMPvirt1850	14	3	92	37	100000	1	586
FMPvirt1851	14	3	93	37	100000	1	586
FMPvirt1852	14	3	93	38	100000	1	586
FMPvirt1853	14	3	93	39	100000	1	586
FMPvirt1854	14	3	93	40	100000	1	586
FMPvirt1855	14	3	93	41	100000	1	586
FMPvirt1856	14	3	94	37	100000	1	586
FMPvirt1857	14	3	94	38	100000	1	586
FMPvirt1858	14	3	94	39	100000	1	586
FMPvirt1859	14	3	94	40	100000	1	586
FMPvirt1860	14	3	95	37	100000	1	586
FMPvirt1861	14	3	95	38	100000	1	586
FMPvirt1862	14	3	95	39	100000	1	586
FMPvirt1863	14	3	95	40	100000	1	586
FMPvirt1864	14	3	96	38	100000	1	586
FMPvirt1865	14	3	96	39	100000	1	586
FMPvirt1866	14	3	97	39	100000	1	586
FMPvirt1867	14	3	98	39	100000	1	586
FMPvirt1868	14	3	99	39	100000	1	586
FMPvirt1869	59	5	130	66	100000	1	586
FMPvirt1870	59	5	131	65	100000	1	586
FMPvirt1871	59	5	131	66	100000	1	586
FMPvirt1872	59	5	131	67	100000	1	586
FMPvirt1873	59	5	132	65	100000	1	586
FMPvirt1874	59	5	132	66	100000	1	586
FMPvirt1875	59	5	133	66	100000	1	586
FMPvirt1876	59	5	133	67	100000	1	586
FMPvirt1877	59	5	134	66	100000	1	586
FMPvirt1878	36	6	158	51	100000	1	586
FMPvirt1879	36	6	159	47	100000	1	586
FMPvirt1880	36	6	159	50	100000	1	586
FMPvirt1881	36	6	159	51	100000	1	586
FMPvirt1882	36	6	159	52	100000	1	586
FMPvirt1883	36	6	159	53	100000	1	586
FMPvirt1884	36	6	160	46	100000	1	586
FMPvirt1885	36	6	160	47	100000	1	586
FMPvirt1886	36	6	160	48	100000	1	586
FMPvirt1887	36	6	160	49	100000	1	586
FMPvirt1888	36	6	160	50	100000	1	586
FMPvirt1889	36	6	160	51	100000	1	586
FMPvirt1890	36	6	160	52	100000	1	586
FMPvirt1891	36	6	161	46	100000	1	586
FMPvirt1892	36	6	161	47	100000	1	586
FMPvirt1893	36	6	161	48	100000	1	586
FMPvirt1894	36	6	161	49	100000	1	586
FMPvirt1895	36	6	161	50	100000	1	586
FMPvirt1896	36	6	161	51	100000	1	586
FMPvirt1897	36	6	161	52	100000	1	586
FMPvirt1898	36	6	162	46	100000	1	586
FMPvirt1899	36	6	162	47	100000	1	586
FMPvirt1900	36	6	162	48	100000	1	586
FMPvirt1901	36	6	162	49	100000	1	586
FMPvirt1902	36	6	162	50	100000	1	586
FMPvirt1903	36	6	162	51	100000	1	586
FMPvirt1904	36	6	163	47	100000	1	586
FMPvirt1905	36	6	163	48	100000	1	586
FMPvirt1906	64	3	54	25	100000	1	586
FMPvirt1907	64	3	58	21	100000	1	586
FMPvirt1908	64	3	59	22	100000	1	586
FMPvirt1909	64	3	62	22	100000	1	586
FMPvirt1910	64	3	62	23	100000	1	586
FMPvirt1911	64	3	63	22	100000	1	586
FMPvirt1912	64	3	63	23	100000	1	586
FMPvirt1913	64	3	63	24	100000	1	586
FMPvirt1914	64	3	63	25	100000	1	586
FMPvirt1915	64	3	64	23	100000	1	586
FMPvirt1916	64	3	64	25	100000	1	586
FMPvirt1917	64	3	65	24	100000	1	586
FMPvirt1918	64	3	65	25	100000	1	586
FMPvirt1919	64	3	65	26	100000	1	586
FMPvirt1920	60	5	25	22	100000	1	586
FMPvirt1921	60	5	25	23	100000	1	586
FMPvirt1922	60	5	32	28	100000	1	586
FMPvirt1923	60	5	33	26	100000	1	586
FMPvirt1924	60	5	33	27	100000	1	586
FMPvirt1925	60	5	33	28	100000	1	586
FMPvirt1926	60	5	33	29	100000	1	586
FMPvirt1927	60	5	34	26	100000	1	586
FMPvirt1928	60	5	35	25	100000	1	586
FMPvirt1929	60	5	35	26	100000	1	586
FMPvirt1930	54	5	165	46	100000	1	586
FMPvirt1931	54	5	166	46	100000	1	586
FMPvirt1932	54	5	166	47	100000	1	586
FMPvirt1933	54	5	166	48	100000	1	586
FMPvirt1934	54	5	167	47	100000	1	586
FMPvirt1935	54	5	167	48	100000	1	586
FMPvirt1936	54	5	168	47	100000	1	586
FMPvirt1937	54	5	168	48	100000	1	586
FMPvirt1938	54	5	169	47	100000	1	586
FMPvirt1939	54	5	169	49	100000	1	586
FMPvirt1940	54	5	169	50	100000	1	586
FMPvirt1941	54	5	169	51	100000	1	586
FMPvirt1942	54	5	170	47	100000	1	586
FMPvirt1943	54	5	170	49	100000	1	586
FMPvirt1944	54	5	170	50	100000	1	586
FMPvirt1945	54	5	170	51	100000	1	586
FMPvirt1946	54	5	171	46	100000	1	586
FMPvirt1947	54	5	171	48	100000	1	586
FMPvirt1948	54	5	171	49	100000	1	586
FMPvirt1949	54	5	171	50	100000	1	586
FMPvirt1950	54	5	171	51	100000	1	586
FMPvirt1951	54	5	171	52	100000	1	586
FMPvirt1952	54	5	171	53	100000	1	586
FMPvirt1953	54	5	172	48	100000	1	586
FMPvirt1954	54	5	172	49	100000	1	586
FMPvirt1955	54	5	172	50	100000	1	586
FMPvirt1956	54	5	172	51	100000	1	586
FMPvirt1957	54	5	172	52	100000	1	586
FMPvirt1958	54	5	173	48	100000	1	586
FMPvirt1959	54	5	173	49	100000	1	586
FMPvirt1960	54	5	173	50	100000	1	586
FMPvirt1961	54	5	173	51	100000	1	586
FMPvirt1962	54	5	173	52	100000	1	586
FMPvirt1963	54	5	174	51	100000	1	586
FMPvirt1964	26	4	146	58	100000	1	586
FMPvirt1965	26	4	146	59	100000	1	586
FMPvirt1966	26	4	147	57	100000	1	586
FMPvirt1967	26	4	147	58	100000	1	586
FMPvirt1968	26	4	148	55	100000	1	586
FMPvirt1969	26	4	148	56	100000	1	586
FMPvirt1970	26	4	148	57	100000	1	586
FMPvirt1971	26	4	148	58	100000	1	586
FMPvirt1972	26	4	149	54	100000	1	586
FMPvirt1973	26	4	149	55	100000	1	586
FMPvirt1974	26	4	149	56	100000	1	586
FMPvirt1975	26	4	149	60	100000	1	586
FMPvirt1976	26	4	150	56	100000	1	586
FMPvirt1977	62	3	136	56	100000	1	586
FMPvirt1978	62	3	136	57	100000	1	586
FMPvirt1979	62	3	136	64	100000	1	586
FMPvirt1980	62	3	137	63	100000	1	586
FMPvirt1981	62	3	138	57	100000	1	586
FMPvirt1982	62	3	140	65	100000	1	586
FMPvirt1983	62	3	141	65	100000	1	586
FMPvirt1984	52	6	103	27	100000	1	586
FMPvirt1985	52	6	103	31	100000	1	586
FMPvirt1986	52	6	103	32	100000	1	586
FMPvirt1987	52	6	103	33	100000	1	586
FMPvirt1988	52	6	104	27	100000	1	586
FMPvirt1989	52	6	104	28	100000	1	586
FMPvirt1990	52	6	104	29	100000	1	586
FMPvirt1991	52	6	104	30	100000	1	586
FMPvirt1992	52	6	104	31	100000	1	586
FMPvirt1993	52	6	104	32	100000	1	586
FMPvirt1994	52	6	104	33	100000	1	586
FMPvirt1995	52	6	105	27	100000	1	586
FMPvirt1996	52	6	105	28	100000	1	586
FMPvirt1997	52	6	105	29	100000	1	586
FMPvirt1998	52	6	105	31	100000	1	586
FMPvirt1999	52	6	105	32	100000	1	586
FMPvirt2000	52	6	105	33	100000	1	586
FMPvirt2001	52	6	106	27	100000	1	586
FMPvirt2002	52	6	106	28	100000	1	586
FMPvirt2003	52	6	106	29	100000	1	586
FMPvirt2004	52	6	106	30	100000	1	586
FMPvirt2005	52	6	106	31	100000	1	586
FMPvirt2006	52	6	106	32	100000	1	586
FMPvirt2007	52	6	106	33	100000	1	586
FMPvirt2008	52	6	107	27	100000	1	586
FMPvirt2009	52	6	107	28	100000	1	586
FMPvirt2010	52	6	107	29	100000	1	586
FMPvirt2011	52	6	107	30	100000	1	586
FMPvirt2012	52	6	107	31	100000	1	586
FMPvirt2013	52	6	107	32	100000	1	586
FMPvirt2014	52	6	107	33	100000	1	586
FMPvirt2015	15	6	87	34	100000	1	586
FMPvirt2016	15	6	88	34	100000	1	586
FMPvirt2017	15	6	88	36	100000	1	586
FMPvirt2018	15	6	88	37	100000	1	586
FMPvirt2019	15	6	89	35	100000	1	586
FMPvirt2020	15	6	89	36	100000	1	586
FMPvirt2021	15	6	89	37	100000	1	586
FMPvirt2022	15	6	90	36	100000	1	586
FMPvirt2023	15	6	92	34	100000	1	586
FMPvirt2024	15	6	93	34	100000	1	586
FMPvirt2025	15	6	94	24	100000	1	586
FMPvirt2026	15	6	94	26	100000	1	586
