#ISRR, WBS_ID, SEGMENT, REACH, [FRAC]
1,1,2.0,0
2,2,9.0,0
3,3,2.0,0
4,4,9.0,0
5,5,6.0,0
6,6,12.0,0
7,7,18.0,0
8,8,18.0,0
9,9,13.0,0
10,10,21.0,0
11,11,25.0,0
12,0,,
13,13,29.0,0
14,14,30.0,0
15,15,29.0,0
16,16,39.0,0
17,17,51.0,0
18,18,44.0,0
19,19,55.0,0
20,20,48.0,0
21,21,48.0,0
22,22,0.0,0
23,23,48.0,0
24,24,44.0,0
25,25,44.0,0
26,26,44.0,0
27,0,,
28,28,37.0,0
29,29,44.0,0
30,30,55.0,0
31,0,,
32,32,41.0,0
33,33,50.0,0
34,0,,
35,35,50.0,0
36,36,49.0,0
37,37,36.0,0
38,38,57.0,0
39,39,70.0,0
40,40,59.0,0
41,41,56.0,0
42,42,54.0,0
43,43,62.0,0
44,44,60.0,0
45,45,64.0,0
46,46,59.0,0
47,47,0.0,0
48,48,61.0,0
49,49,72.0,0
50,50,73.0,0
51,51,36.0,0
52,52,34.0,0
53,53,0.0,0
54,54,60.0,0
55,55,61.0,0
56,56,12.0,0
57,57,34.0,0
58,58,0.0,0
59,59,38.0,0
60,60,12.0,0
61,61,51.0,0
62,62,44.0,0
63,63,44.0,0
64,64,22.0,0
65,65,0.0,0
66,66,0.0,0
67,67,0.0,0
68,68,0.0,0
69,0,,
70,70,73.0,0
71,0,,
72,0,,
73,73,57.0,0
74,0,,
75,0,,
76,76,25.0,0
77,0,,
78,0,,
79,0,,
80,0,,
81,81,12.0,0
82,82,1.0,0
83,83,45.0,0
84,84,16.0,0
85,85,35.0,0
86,86,27.0,0
87,87,5.0,0
88,88,51.0,0
89,89,31.0,0
90,90,54.0,0
91,91,4.0,0
92,92,4.0,0
93,93,8.0,0
94,94,1.0,0
95,95,21.0,0
96,96,18.0,0
97,97,18.0,0
98,98,18.0,0
99,99,12.0,0
100,100,18.0,0
101,101,10.0,0
102,102,9.0,0
103,103,3.0,0
104,104,59.0,0
105,105,63.0,0
106,106,34.0,0
107,107,19.0,0
108,108,14.0,0
109,109,17.0,0
110,110,28.0,0
111,111,28.0,0
112,112,25.0,0
113,113,28.0,0
114,114,34.0,0
115,115,34.0,0
116,116,44.0,0
117,117,47.0,0
118,118,42.0,0
119,119,59.0,0
120,120,70.0,0
121,121,46.0,0
122,122,59.0,0
123,123,73.0,0
124,124,73.0,0
125,125,0.0,0
126,126,74.0,0
127,127,28.0,0
128,128,40.0,0
129,129,28.0,0
130,130,26.0,0
131,131,30.0,0
132,132,51.0,0
133,133,47.0,0
134,134,36.0,0
135,135,1.0,0
136,136,35.0,0
137,137,42.0,0
138,138,39.0,0
139,139,37.0,0