1,1,15.0,0
2,2,15.0,0
3,3,15.0,0
4,4,15.0,0
5,5,15.0,0
6,6,17.0,0
7,7,13.0,0
8,8,13.0,0
9,9,17.0,0
10,10,14.0,0
11,11,17.5,0
12,12,19.0,0
13,13,19.0,0
14,14,19.0,0
15,15,19.0,0
16,16,20.0,0
17,17,9.0,0
18,18,1.0,0
19,19,10.0,0
20,20,9.0,0
21,21,9.0,0
22,22,0.0,0
23,23,7.0,0
24,24,3.0,0
25,25,3.0,0
26,26,3.0,0
27,27,21.0,0
28,28,2.0,0
29,29,3.0,0
30,30,21.0,0
31,31,8.0,0
32,32,6.0,0
33,33,4.0,0
34,34,22.0,0
35,35,3.0,0
36,36,4.0,0
37,37,6.0,0
38,38,5.0,0
39,39,5.0,0
40,40,6.0,0
41,41,22.0,0
42,42,5.0,0
43,43,5.0,0
44,44,5.0,0
45,45,5.0,0
46,46,23.0,0
47,47,0.0,0
48,48,23.0,0
49,49,5.0,0
50,50,23.0,0
51,51,6.0,0
52,52,20.0,0
53,53,0.0,0
54,54,5.0,0
55,55,23.0,0
56,56,16.0,0
57,57,20.0,0
58,58,0.0,0
59,59,3.0,0
60,60,17.0,0
61,61,1.0,0
62,62,3.0,0
63,63,3.0,0
64,64,17.0,0
65,65,0.0,0
66,66,0.0,0
67,67,0.0,0
68,68,0.0,0
69,69,17.0,0
70,70,23.0,0
71,71,6.0,0
72,72,15.0,0
73,73,5.0,0
74,74,17.0,0
75,75,10.0,0
76,76,15.0,0
77,77,3.0,0
78,78,14.0,0
79,79,23.0,0
80,80,19.0,0
