1,1,15.0,0
2,2,15.0,0
3,3,15.0,0
4,4,15.0,0
5,5,15.0,0
6,6,17.0,0
7,7,13.0,0
8,8,13.0,0
9,9,17.0,0
10,10,14.0,0
11,11,17.5,0
12,12,19.0,0
13,13,19.0,0
14,14,19.0,0
15,15,19.0,0
16,16,20.0,0
17,17,9.0,0
18,18,1.0,0
19,19,10.0,0
20,20,9.0,0
21,21,9.0,0
22,22,0.0,0
23,23,7.0,0
24,24,3.0,0
25,25,3.0,0
26,26,3.0,0
27,27,21.0,0
28,28,2.0,0
29,29,3.0,0
30,30,21.0,0
31,31,8.0,0
32,32,6.0,0
33,33,4.0,0
34,34,22.0,0
35,35,3.0,0
36,36,4.0,0
37,37,6.0,0
38,38,5.0,0
39,39,5.0,0
40,40,6.0,0
41,41,22.0,0
42,42,5.0,0
43,43,5.0,0
44,44,5.0,0
45,45,5.0,0
46,46,23.0,0
47,47,0.0,0
48,48,23.0,0
49,49,5.0,0
50,50,23.0,0
51,51,6.0,0
52,52,20.0,0
53,53,0.0,0
54,54,5.0,0
55,55,23.0,0
56,56,16.0,0
57,57,20.0,0
58,58,0.0,0
59,59,3.0,0
60,60,17.0,0
61,61,1.0,0
62,62,3.0,0
63,63,3.0,0
64,64,17.0,0
65,65,0.0,0
66,66,0.0,0
67,67,0.0,0
68,68,0.0,0
69,69,17.0,0
70,70,23.0,0
71,71,6.0,0
72,72,15.0,0
73,73,5.0,0
74,74,17.0,0
75,75,10.0,0
76,76,15.0,0
77,77,3.0,0
78,78,14.0,0
79,79,23.0,0
80,80,19.0,0
81	81	16     0
82	82	15     0
83	83	9      0
84	84	13     0
85	85	6      0
86	86	19     0
87	87	15     0
88	88	9      0
89	89	1      0
90	90	3      0
91	91	15     0
92	92	15     0
93	93	17     0
94	94	15     0
95	95	13     0
96	96	13     0
97	97	13     0
98	98	13     0
99	99	16     0
100	100	13     0
101	101	17     0
102	102	15     0
103	103	15     0
104	104	23     0
105	105	23     0
106	106	20     0
107	107	14     0
108	108	17     0
109	109	17     0
110	110	19     0
111	111	19     0
112	112	18     0
113	113	19     0
114	114	20     0
115	115	19     0
116	116	3      0
117	117	9      0
118	118	7      0
119	119	6      0
120	120	5      0
121	121	6      0
122	122	6      0
123	123	23     0
124	124	23     0
125	125	23     0
126	126	23     0
127	127	19     0
128	128	20     0
129	129	18     0
130	130	18     0
131	131	19     0
132	132	9      0
133	133	9      0
134	134	6      0
135	135	15     0
136	136	6      0
137	137	7      0
138	138	20     0
139	139	1      0

