0 0 0 0 0 0 0 0 0 0 0 0 0 0 0 0 0 0 0 0 0 0 0 0 0 0 0 72 72 76 76 100 100 100 100 100 100 100 100 100 100 100 100 100 100 100 100 100 100 100 100 100 100 100 100 100 100 100 100 100 100 100 100 100 100 100 100 100 100 100 100 100 100 0 0 0 0 0 0 0 0 0 0 0 0
0 0 0 0 0 0 0 0 0 0 0 0 0 0 0 0 0 0 0 0 0 0 0 0 0 0 72 72 72 76 76 76 76 100 100 100 100 100 100 100 100 100 100 100 100 100 100 100 100 100 100 100 100 100 100 100 100 100 100 100 100 100 100 100 100 100 100 100 100 100 100 100 0 0 0 0 0 0 0 0 0 0 0 0 0
0 0 0 0 0 0 0 0 0 0 0 0 0 0 0 0 0 0 0 0 0 0 0 0 0 0 72 72 72 72 76 76 76 100 100 100 100 100 100 100 100 100 100 100 100 100 100 100 100 100 100 100 100 100 100 100 100 100 100 100 100 100 100 100 100 100 100 100 100 100 100 0 0 0 0 0 0 0 0 0 0 0 0 0 0
0 0 0 0 0 0 0 0 0 0 0 0 0 0 0 0 0 0 0 0 0 0 0 0 0 72 72 72 72 72 72 76 76 76 100 100 100 100 100 100 100 100 100 100 100 100 100 100 100 100 100 100 100 100 100 100 100 100 100 100 100 100 100 100 100 100 100 100 100 100 100 0 0 0 0 0 0 0 0 0 0 0 0 0 0
0 0 0 0 0 0 0 0 0 0 0 0 0 0 0 0 0 0 0 0 0 0 0 53 53 53 72 72 72 72 72 76 76 76 76 100 100 100 100 100 100 100 100 100 100 100 100 100 100 100 100 100 100 100 100 100 100 100 100 100 100 100 100 100 100 100 100 100 100 100 100 0 0 0 0 0 0 0 0 0 0 0 0 0 0
0 0 0 0 0 0 0 0 0 0 0 0 0 0 0 0 0 0 0 0 0 53 53 53 72 72 72 72 72 72 72 72 76 76 76 100 100 100 100 100 100 100 100 100 100 100 100 100 100 100 100 100 100 100 100 100 100 100 100 100 100 100 100 100 100 100 100 100 100 100 0 0 0 0 0 0 0 0 0 0 0 0 0 0 0
0 0 0 0 0 0 0 0 0 0 0 0 0 0 0 0 72 72 72 53 53 53 53 53 72 72 72 72 72 72 72 72 76 76 76 76 100 100 100 100 100 100 100 100 100 100 100 100 100 100 100 100 100 100 100 100 100 100 100 100 100 100 100 100 100 100 100 100 100 100 100 0 0 0 0 0 0 0 0 0 0 0 0 0 0
0 0 0 0 0 0 0 0 0 0 0 0 0 0 100 72 72 72 72 53 53 53 53 53 72 72 72 72 72 72 72 72 72 76 76 76 76 100 100 100 100 100 100 100 100 100 100 100 100 100 100 100 100 100 100 100 100 100 100 100 100 100 100 100 100 100 100 100 100 100 100 100 0 0 0 0 0 0 0 0 0 0 0 0 0
0 0 0 0 0 0 0 0 0 0 0 100 100 100 100 72 72 72 72 72 53 53 72 72 72 72 72 72 72 72 72 72 72 72 76 76 76 100 100 100 100 100 100 100 100 100 100 100 100 100 100 100 100 100 100 100 100 100 100 100 100 100 100 100 100 100 100 100 100 100 100 100 100 0 0 0 0 0 0 0 0 0 0 0 0
0 0 0 0 0 0 0 0 100 100 100 100 100 100 100 100 72 72 72 72 72 72 72 72 72 72 72 72 72 72 72 72 72 72 76 76 76 100 100 100 100 100 100 100 100 100 100 100 100 100 100 100 100 100 100 100 100 100 100 100 100 100 100 100 100 100 100 100 100 100 100 100 100 100 100 100 0 0 0 0 0 0 0 0 0
0 0 0 0 100 0 0 100 100 100 100 100 100 100 100 100 72 72 72 72 72 72 72 72 72 72 72 72 72 72 72 72 72 72 72 76 76 76 100 100 100 100 100 100 100 100 100 100 100 100 100 100 100 100 100 100 100 100 100 100 100 100 100 100 100 100 100 100 100 100 100 100 100 100 100 100 100 100 0 0 0 0 0 0 0
0 0 100 100 100 100 100 100 100 100 100 100 100 100 100 100 100 72 72 72 72 72 72 72 72 72 72 72 72 72 72 72 72 72 72 76 76 76 100 100 100 100 100 100 100 100 100 100 100 100 100 100 100 100 100 100 100 100 100 100 100 100 100 100 100 100 100 100 100 100 100 100 100 100 100 100 100 100 0 0 0 0 0 0 0
100 100 100 100 100 100 100 100 100 100 100 100 100 100 100 100 100 72 72 72 72 72 72 72 72 72 72 72 3 3 72 3 72 72 72 72 72 76 76 100 100 100 100 100 100 100 100 100 100 100 100 100 100 100 100 100 100 100 100 100 100 100 100 100 100 100 100 100 100 100 100 100 100 100 100 100 100 100 100 100 0 0 0 0 0
100 100 100 100 100 100 100 100 100 100 100 100 100 100 100 100 100 72 72 72 72 72 72 72 72 72 3 3 3 3 3 3 72 72 72 72 72 72 76 100 100 100 100 100 100 100 100 100 100 100 100 100 100 100 100 100 100 100 100 100 100 100 100 100 100 100 100 100 100 100 100 100 100 100 100 100 100 100 100 100 0 0 0 0 0
100 100 100 100 100 100 100 100 100 100 100 100 100 100 100 100 100 100 72 72 72 72 72 72 72 72 3 3 3 72 3 3 72 72 72 72 72 76 76 76 100 100 100 100 100 100 100 100 100 100 100 100 100 100 100 100 100 100 100 100 100 100 100 100 100 100 100 100 100 100 100 100 100 100 100 100 100 100 100 100 100 100 0 0 0
100 100 100 100 100 100 100 100 100 100 100 100 100 100 100 100 100 100 72 72 72 72 72 72 72 72 72 3 72 72 3 72 72 4 2 72 72 76 76 76 76 100 100 100 100 100 100 100 100 100 100 100 100 100 100 100 100 100 100 100 100 100 100 100 100 100 100 100 100 100 100 100 100 100 100 100 100 100 100 100 100 100 0 0 0
0 100 100 100 100 100 100 100 100 100 100 100 100 100 100 100 100 72 72 72 72 72 72 72 72 72 72 72 72 3 72 72 72 4 2 72 72 76 76 76 76 100 100 100 100 100 100 100 100 100 100 100 100 100 100 100 100 100 100 100 100 100 100 100 100 100 100 100 100 100 100 100 100 100 100 100 100 100 100 100 100 100 100 0 0
0 100 100 100 100 100 100 100 100 100 100 100 100 100 100 100 100 69 72 72 72 72 72 72 72 5 5 72 72 72 4 4 4 4 2 72 72 76 76 76 76 100 100 100 100 100 100 100 100 100 100 100 100 100 100 100 100 100 100 100 100 100 100 100 100 100 100 100 100 100 100 100 100 100 100 100 100 100 100 100 100 100 100 0 0
0 100 100 100 100 100 100 100 100 100 100 100 100 100 100 100 100 69 72 72 72 72 72 72 72 72 5 5 72 4 4 4 4 4 4 72 72 72 76 76 76 100 100 100 100 100 100 100 100 100 100 100 100 100 100 100 100 100 100 100 100 100 100 100 100 100 100 100 100 100 100 100 100 100 100 100 100 100 100 100 100 100 0 0 0
0 0 100 100 100 100 100 100 100 100 100 100 100 100 100 100 100 69 69 72 72 72 72 72 72 72 72 72 72 72 4 4 4 4 4 72 72 72 76 76 76 100 100 100 100 100 100 100 100 100 100 100 100 100 100 100 100 100 100 100 100 100 100 100 100 100 100 100 100 100 100 100 100 100 100 100 100 100 100 100 100 0 0 0 0
0 0 100 100 100 100 100 100 100 100 100 100 100 100 100 100 69 69 69 69 72 72 72 72 72 72 72 72 72 72 72 72 72 72 72 72 72 72 76 76 76 100 100 100 100 100 100 100 100 100 100 100 100 100 100 100 100 100 100 100 100 100 100 100 100 100 100 100 100 100 100 100 100 100 100 100 100 100 100 100 0 0 0 0 0
0 0 100 100 100 100 100 100 100 100 100 100 100 100 100 100 69 69 69 69 69 72 72 72 72 72 72 72 72 72 72 72 72 72 72 72 72 72 76 76 76 100 100 100 100 100 100 100 100 100 100 100 100 100 100 100 100 100 100 100 100 100 100 100 100 100 100 100 100 100 100 100 100 100 100 100 100 100 100 0 0 0 0 0 0
0 0 0 100 100 100 100 100 100 100 100 100 100 100 100 100 69 69 69 69 69 69 72 72 72 72 72 72 72 72 72 72 72 72 72 72 72 72 76 76 76 100 100 100 100 100 100 100 100 100 100 100 100 100 100 100 100 100 100 100 100 100 100 100 100 100 100 100 100 100 100 100 100 100 100 100 100 100 0 0 0 0 0 0 0
0 0 0 100 100 100 100 100 100 100 100 100 100 100 100 69 69 69 69 69 69 69 69 72 72 72 72 72 72 72 72 72 72 72 72 72 72 72 76 76 76 100 100 100 100 100 100 100 100 100 100 100 100 100 100 100 100 100 100 100 100 100 100 100 100 100 100 100 100 100 100 100 100 100 100 100 100 0 0 0 0 0 0 0 0
0 0 0 100 100 100 100 100 100 100 100 100 100 100 100 69 69 69 69 69 69 69 69 69 72 72 72 72 72 72 72 72 72 72 72 72 72 72 76 76 76 76 100 100 100 100 100 100 100 100 100 100 100 100 100 100 100 100 100 100 100 100 100 100 100 100 100 100 100 100 100 100 100 100 100 100 0 0 0 0 0 0 0 0 0
0 0 100 100 100 100 100 100 100 100 100 100 100 100 100 69 69 69 69 69 69 69 69 69 69 69 72 72 72 69 72 5 72 72 72 72 72 72 76 76 76 76 100 100 100 100 100 100 100 100 100 100 100 100 100 100 100 100 100 100 100 100 100 100 100 100 100 100 100 100 100 100 100 100 0 0 0 0 0 0 0 0 0 0 0
0 0 100 100 100 100 100 100 100 100 100 100 100 100 100 69 69 69 69 69 69 69 69 69 69 69 69 69 69 69 72 5 72 72 72 72 72 72 76 2 2 6 100 100 100 100 100 100 100 100 100 100 100 100 100 100 100 100 100 100 100 100 100 100 100 100 100 100 100 100 100 100 0 0 0 0 0 0 0 0 0 0 0 0 0
0 0 0 100 100 100 100 100 100 100 100 100 100 100 100 69 69 69 69 69 69 69 69 69 69 69 69 69 69 69 5 72 72 72 72 72 72 2 6 6 6 6 76 100 100 100 100 100 100 100 100 100 100 100 100 100 100 100 100 100 100 100 100 100 100 100 100 100 100 100 0 0 0 0 0 0 0 0 0 0 0 0 0 0 0
0 0 0 100 100 100 100 100 100 100 100 100 100 100 69 69 69 69 69 69 69 69 69 69 69 69 69 69 69 69 72 72 72 72 72 72 72 6 6 6 72 76 76 100 100 100 100 100 100 100 100 100 100 100 100 100 100 100 100 100 100 100 100 100 100 100 100 100 100 100 0 0 0 0 0 0 0 0 0 0 0 0 0 0 0
0 0 0 100 100 100 100 100 100 100 100 100 100 100 69 69 69 69 69 69 69 69 69 69 69 69 69 69 69 69 72 56 72 72 72 72 72 6 6 72 72 76 76 100 100 100 100 100 100 100 100 100 100 100 100 100 100 100 100 100 100 100 100 100 100 100 100 100 0 0 0 0 0 0 0 0 0 0 0 0 0 0 0 0 0
0 0 100 100 100 100 100 100 100 100 100 100 100 100 69 69 69 69 69 69 69 69 69 69 69 69 69 69 69 69 72 56 72 72 72 72 72 6 6 72 72 76 76 100 100 100 100 100 100 100 100 100 100 100 100 100 100 100 100 100 100 100 100 100 100 100 100 0 0 0 0 0 0 0 0 0 0 0 0 0 0 0 0 0 0
0 0 0 100 100 100 100 100 100 100 100 100 100 100 69 69 69 69 69 69 69 69 69 69 69 69 69 69 69 69 69 72 72 72 72 72 72 6 6 72 72 76 76 100 100 100 100 100 100 100 100 100 100 100 100 100 100 100 100 100 100 100 100 100 100 100 100 0 0 0 0 0 0 0 0 0 0 0 0 0 0 0 0 0 0
0 0 0 100 100 100 100 100 100 100 100 100 100 100 69 69 69 69 69 69 69 69 74 74 74 74 69 69 69 69 69 69 72 72 72 72 72 6 6 72 72 72 76 100 100 100 100 100 100 100 100 100 100 100 100 100 100 100 100 100 100 100 100 100 100 100 100 0 0 0 0 0 0 0 0 0 0 0 0 0 0 0 0 0 0
0 0 100 100 100 100 100 100 100 100 100 100 100 100 69 69 69 69 74 74 74 74 74 74 74 74 69 69 69 69 69 69 69 72 72 72 72 6 6 72 72 72 76 100 100 100 100 100 100 100 100 100 100 100 100 100 100 100 100 100 100 100 100 100 100 100 100 100 0 0 0 0 0 0 0 0 0 0 0 0 0 0 0 0 0
0 0 100 100 100 100 100 100 100 100 100 100 100 100 69 69 69 69 74 74 74 74 74 74 74 69 69 69 69 69 69 69 69 69 69 72 72 72 72 72 72 72 76 100 100 100 100 100 100 100 100 100 100 100 100 100 100 100 100 100 100 100 100 100 100 100 100 100 0 0 0 0 0 0 0 0 0 0 0 0 0 0 0 0 0
0 0 100 100 100 100 100 100 100 100 100 100 100 100 69 69 69 69 74 74 74 74 74 74 74 69 69 69 69 69 69 69 69 69 69 69 72 72 72 72 72 72 76 100 100 100 100 100 100 100 100 100 100 100 100 100 100 100 100 100 100 100 100 100 100 100 100 100 100 0 0 0 0 0 0 0 0 0 0 0 0 0 0 0 0
0 0 100 100 100 100 100 100 100 100 100 100 100 100 100 69 69 74 74 74 74 74 74 74 74 69 69 69 69 69 69 69 69 69 69 69 69 72 72 72 72 72 76 100 100 100 100 100 100 100 100 100 100 100 100 100 100 100 100 100 100 100 100 100 100 100 100 100 100 0 0 0 0 0 0 0 0 0 0 0 0 0 0 0 0
0 0 100 100 100 100 100 100 100 100 100 100 100 100 100 69 69 74 74 74 74 74 74 74 74 74 74 74 69 69 69 69 69 69 69 69 69 69 72 72 72 72 76 100 100 100 100 100 100 100 100 100 100 100 100 100 100 100 100 100 100 100 100 100 100 100 100 100 100 0 0 0 0 0 0 0 0 0 0 0 0 0 0 0 0
0 0 100 100 100 100 100 100 100 100 100 100 100 100 100 69 74 74 74 74 74 74 74 74 74 74 74 74 74 74 69 69 69 69 69 69 69 69 69 72 72 76 76 100 100 100 100 100 100 100 100 100 100 100 100 100 100 100 100 100 100 100 100 100 100 100 100 100 100 100 0 0 0 0 0 0 0 0 0 0 0 0 0 0 0
0 100 100 100 100 100 100 100 100 100 100 100 100 100 100 100 74 74 74 74 74 74 74 74 74 74 74 74 74 74 69 69 69 69 69 69 69 69 69 72 76 76 76 100 100 100 100 100 100 100 100 100 100 100 100 100 100 100 100 100 100 100 100 100 100 100 100 100 100 100 100 0 0 0 0 0 0 0 0 0 0 0 0 0 0
0 100 100 100 100 100 100 100 100 100 100 100 100 100 100 100 74 74 74 74 74 74 74 74 74 74 74 74 74 74 74 69 69 69 69 69 69 78 78 76 76 76 100 100 100 100 100 100 100 100 100 100 100 100 100 100 100 100 100 100 100 100 100 100 100 100 100 100 100 100 100 0 0 0 0 0 0 0 0 0 0 0 0 0 0
0 0 100 100 100 100 100 100 100 100 100 100 100 100 100 100 100 74 74 74 74 74 74 74 74 74 74 74 74 74 74 78 69 69 69 78 78 78 78 7 76 76 100 100 100 100 100 100 100 100 100 100 100 100 100 100 100 100 100 100 100 100 100 100 100 100 100 100 100 100 100 0 0 0 0 0 0 0 0 0 0 0 0 0 0
0 0 0 100 100 100 100 100 100 100 100 100 100 100 100 100 100 100 74 74 74 74 74 74 74 74 74 74 74 74 74 74 78 78 78 78 8 8 7 7 76 76 76 100 100 100 100 100 100 100 100 100 100 100 100 100 100 100 100 100 100 100 100 100 100 100 100 100 100 100 100 0 0 0 0 0 0 0 0 0 0 0 0 0 0
0 0 0 100 100 100 100 100 100 100 100 100 100 100 100 100 100 100 100 74 74 74 74 74 74 74 74 74 74 74 74 74 78 78 78 8 78 8 7 7 7 76 76 76 100 100 100 100 100 100 100 100 100 100 100 100 100 100 100 100 100 100 100 100 100 100 100 100 100 100 100 100 0 0 0 0 0 0 0 0 0 0 0 0 0
0 100 100 100 100 100 100 100 100 100 100 100 100 100 100 100 100 100 100 74 74 74 74 74 74 74 74 74 74 74 74 74 78 78 78 8 8 8 8 7 76 76 76 76 76 100 100 100 100 100 100 100 100 100 100 100 100 100 100 100 100 100 100 100 100 100 100 100 100 100 100 100 100 0 0 0 0 0 0 0 0 0 0 0 0
0 100 100 100 100 100 100 100 100 100 100 100 100 100 100 100 100 100 100 100 74 74 74 74 74 74 74 74 74 74 74 74 78 78 78 8 8 8 78 8 76 76 76 76 76 76 100 100 100 100 100 100 100 100 100 100 100 100 100 100 100 100 100 100 100 100 100 100 100 100 100 100 100 0 0 0 0 0 0 0 0 0 0 0 0
0 100 100 100 100 100 100 100 100 100 100 100 100 100 100 100 100 100 100 100 74 74 74 74 74 74 74 74 74 74 74 74 78 78 78 78 8 8 8 78 76 76 76 76 76 76 76 76 100 100 100 100 100 100 100 100 100 100 100 100 100 100 100 100 100 100 100 100 100 100 100 100 100 0 0 0 0 0 0 0 0 0 0 0 0
0 100 100 100 100 100 100 100 100 100 100 100 100 100 100 100 100 100 100 100 74 74 74 9 74 74 74 74 74 74 74 74 74 74 78 78 8 8 8 78 76 76 76 76 76 76 76 76 100 100 100 100 100 100 100 100 100 100 100 100 100 100 100 100 100 100 100 100 100 100 100 100 100 0 0 0 0 0 0 0 0 0 0 0 0
100 100 100 100 100 100 100 100 100 100 100 100 100 100 100 100 100 100 100 100 74 74 74 9 74 74 74 74 74 74 74 74 74 74 74 78 78 8 8 78 76 76 76 76 76 76 76 76 100 100 100 100 100 100 100 100 100 100 100 100 100 100 100 100 100 100 100 100 100 100 100 100 100 100 0 0 0 0 0 0 0 0 0 0 0
100 100 100 100 100 100 100 100 100 100 100 100 100 100 100 100 100 100 100 100 74 74 74 74 74 74 74 74 74 74 74 74 74 74 74 78 78 78 78 78 78 76 76 76 76 76 76 76 100 100 100 100 100 100 100 100 100 100 100 100 100 100 100 100 100 100 100 100 100 100 100 100 100 100 100 0 0 0 0 0 0 0 0 0 0
100 100 100 100 100 100 100 100 100 100 100 100 100 100 100 100 100 100 100 100 74 74 74 74 74 74 74 74 74 74 74 74 74 74 74 78 78 78 78 78 78 76 76 76 76 76 76 76 100 100 100 100 100 100 100 100 100 100 100 100 100 100 100 100 100 100 100 100 100 100 100 100 100 100 100 0 0 0 0 0 0 0 0 0 0
100 100 100 100 100 100 100 100 100 100 100 100 100 100 100 100 100 100 100 100 74 74 74 74 74 74 74 74 74 74 74 74 74 74 74 78 78 78 78 78 78 78 76 76 76 76 76 76 100 100 100 100 100 100 100 100 100 100 100 100 100 100 100 100 100 100 100 100 100 100 100 100 100 100 0 0 0 0 0 0 0 0 0 0 0
100 100 100 100 100 100 100 100 100 100 100 100 100 100 100 100 100 100 100 100 74 74 74 74 74 74 74 74 74 74 74 74 74 74 74 78 78 78 78 78 78 78 76 76 76 76 76 76 100 100 100 100 100 100 100 100 100 100 100 100 100 100 100 100 100 100 100 100 100 100 100 100 100 100 0 0 0 0 0 0 0 0 0 0 0
100 100 100 100 100 100 100 100 100 100 100 100 100 100 100 100 100 100 100 100 74 74 74 74 74 74 74 74 74 74 74 74 74 74 74 78 78 78 78 78 78 78 76 76 76 76 76 76 100 100 100 100 100 100 100 100 100 100 100 100 100 100 100 100 100 100 100 100 100 100 100 100 0 0 0 0 0 0 0 0 0 0 0 0 0
100 100 100 100 100 100 100 100 100 100 100 100 100 100 100 100 100 100 100 100 74 74 74 74 74 74 74 74 74 74 74 74 74 74 74 78 78 78 78 78 78 78 76 76 76 76 76 76 100 100 100 100 100 100 100 100 100 100 100 100 100 100 100 100 100 100 100 100 100 100 100 100 0 0 0 0 0 0 0 0 0 0 0 0 0
0 100 100 100 100 100 100 100 100 100 100 100 100 100 100 100 100 100 100 100 74 74 74 74 74 74 74 74 74 74 74 74 74 74 74 78 78 78 78 78 78 78 76 76 76 76 76 100 100 100 100 100 100 100 100 100 100 100 100 100 100 100 100 100 100 100 100 100 100 100 100 100 100 0 0 0 0 0 0 0 0 0 0 0 0
0 0 100 100 100 100 100 100 100 100 100 100 100 100 100 100 100 100 100 100 74 74 74 74 74 74 74 74 74 74 74 74 74 74 78 78 78 78 78 78 78 78 76 76 76 76 76 100 100 100 100 100 100 100 100 100 100 100 100 100 100 100 100 100 100 100 100 100 100 100 100 100 100 0 0 0 0 0 0 0 0 0 0 0 0
0 0 100 100 100 100 100 100 100 100 100 100 100 100 100 100 100 100 100 74 74 74 74 74 74 74 74 74 74 74 74 74 74 74 78 78 78 78 78 78 78 78 76 76 76 76 76 100 100 100 100 100 100 100 100 100 100 100 100 100 100 100 100 100 100 100 100 100 100 100 100 100 100 0 0 0 0 0 0 0 0 0 0 0 0
0 0 100 100 100 100 100 100 100 100 100 100 100 100 100 100 100 100 100 74 74 74 74 74 74 74 74 74 74 74 74 74 74 74 74 78 78 78 78 78 78 78 76 76 76 76 100 100 100 100 100 100 100 100 100 100 100 100 100 100 100 100 100 100 100 100 100 100 100 100 100 100 100 0 0 0 0 0 0 0 0 0 0 0 0
0 100 100 100 100 100 100 100 100 100 100 100 100 100 100 100 100 100 100 69 69 74 74 74 74 74 74 74 74 74 74 74 74 74 78 78 78 78 78 78 78 78 76 76 76 76 100 100 100 100 100 100 100 100 100 100 100 100 100 100 100 100 100 100 100 100 100 100 100 100 100 100 100 0 0 0 0 0 0 0 0 0 0 0 0
100 100 100 100 100 100 100 100 100 100 100 100 100 100 100 100 100 100 69 69 69 69 69 74 74 74 74 74 74 74 74 74 74 74 78 78 78 78 78 78 78 78 76 76 76 76 100 100 100 100 100 100 100 100 100 100 100 100 100 100 100 100 100 100 100 100 100 100 100 100 100 100 100 0 0 0 0 0 0 0 0 0 0 0 0
100 100 100 100 100 100 100 100 100 100 100 100 100 100 100 100 100 100 69 69 69 69 69 69 74 74 69 69 69 74 74 74 74 78 78 78 78 78 78 78 78 78 76 76 76 76 100 100 100 100 100 100 100 100 100 100 100 100 100 100 100 100 100 100 100 100 100 100 100 100 100 100 100 100 0 0 0 0 0 0 0 0 0 0 0
100 100 100 100 100 100 100 100 100 100 100 100 100 100 100 100 100 69 69 69 69 69 69 69 74 69 69 69 69 69 74 74 74 78 78 78 78 78 78 78 78 78 76 76 76 100 100 100 100 100 100 100 100 100 100 100 100 100 100 100 100 100 100 100 100 100 100 100 100 100 100 100 100 100 100 0 0 0 0 0 0 0 0 0 0
100 100 100 100 100 100 100 100 100 100 100 100 100 100 100 100 69 69 69 69 69 69 69 69 69 69 69 69 69 69 69 74 74 78 78 78 78 78 78 78 78 76 76 76 76 100 100 100 100 100 100 100 100 100 100 100 100 100 100 100 100 100 100 100 100 100 100 100 100 100 100 100 100 100 100 0 0 0 0 0 0 0 0 0 0
100 100 100 100 100 100 100 100 100 100 100 100 100 100 100 100 69 69 69 69 69 69 69 69 69 69 69 69 69 69 69 69 74 78 78 78 78 78 78 78 78 76 76 76 76 100 100 100 100 100 100 100 100 100 100 100 100 100 100 100 100 100 100 100 100 100 100 100 100 100 100 100 100 100 100 100 0 0 0 0 0 0 0 0 0
100 100 100 100 100 100 100 100 100 100 100 100 100 100 100 100 69 69 69 69 69 69 69 69 69 69 69 69 69 69 69 69 78 78 78 78 78 78 78 78 78 76 76 76 76 100 100 100 100 100 100 100 100 100 100 100 100 100 100 100 100 100 100 100 100 100 100 100 100 100 100 100 100 100 100 100 100 0 0 0 0 0 0 0 0
100 100 100 100 100 100 100 100 100 100 100 100 100 100 100 100 69 69 69 69 69 69 69 69 69 69 69 69 69 69 69 69 78 78 78 78 78 78 78 78 78 76 76 76 76 100 100 100 100 100 100 100 100 100 100 100 100 100 100 100 100 100 100 100 100 100 100 100 100 100 100 100 100 100 100 100 100 0 0 0 0 0 0 0 0
100 100 100 100 100 100 100 100 100 100 100 100 100 100 100 100 69 69 69 69 69 69 69 69 69 69 69 69 69 69 69 69 78 78 78 78 78 76 76 78 78 76 76 76 100 100 100 100 100 100 100 100 100 100 100 100 100 100 100 100 100 100 100 100 100 100 100 100 100 100 100 100 100 100 100 100 100 100 0 0 0 0 0 0 0
0 100 100 100 100 100 100 100 100 100 100 100 100 100 100 100 69 69 69 69 69 69 69 69 69 69 69 80 69 69 69 78 78 78 78 78 76 76 76 76 78 76 76 76 100 100 100 100 100 100 100 100 100 100 100 100 100 100 100 100 100 100 100 100 100 100 100 100 100 100 100 100 100 100 100 100 100 0 0 0 0 0 0 0 0
0 0 100 100 100 100 100 100 100 100 100 100 100 100 100 100 100 69 69 69 69 69 69 69 69 69 69 80 69 69 69 69 78 78 78 78 76 76 76 76 76 76 76 76 76 100 100 100 100 100 100 100 100 100 100 100 100 100 100 100 100 100 100 100 100 100 100 100 100 100 100 100 100 100 100 100 100 100 0 0 0 0 0 0 0
100 100 100 100 100 100 100 100 100 100 100 100 100 100 100 100 100 100 69 69 69 69 69 69 69 69 80 80 69 69 69 69 78 78 78 78 76 76 76 76 76 76 76 76 76 100 100 100 100 100 100 100 100 100 100 100 100 100 100 100 100 100 100 100 100 100 100 100 100 100 100 100 100 100 100 100 100 100 0 0 0 0 0 0 0
100 100 100 100 100 100 100 100 100 100 100 100 100 100 100 100 100 100 100 100 69 69 69 69 69 69 80 80 69 69 69 69 78 78 78 78 76 76 76 76 76 76 76 10 76 100 100 100 100 100 100 100 100 100 100 100 100 100 100 100 100 100 100 100 100 100 100 100 100 100 100 100 100 100 100 100 100 100 100 0 0 0 0 0 0
100 100 100 100 100 100 100 100 100 100 100 100 100 100 100 100 100 100 100 100 100 100 69 69 69 69 69 80 69 69 69 69 80 80 80 80 76 76 76 76 76 76 76 76 76 100 100 100 100 100 100 100 100 100 100 100 100 100 100 100 100 100 100 100 100 100 100 100 100 100 100 100 100 100 100 100 100 100 100 0 0 0 0 0 0
100 100 100 100 100 100 100 100 100 100 100 100 100 100 100 100 100 100 100 100 100 100 100 69 69 69 80 80 69 69 69 69 80 80 80 80 80 76 76 76 76 76 76 76 76 100 100 100 100 100 100 100 100 100 100 100 100 100 100 100 100 100 100 100 100 100 100 100 100 100 100 100 100 100 100 100 100 100 100 0 0 0 0 0 0
100 100 100 100 100 100 100 100 100 100 100 100 100 100 100 100 100 100 100 100 100 100 100 69 69 69 80 80 80 80 80 80 80 80 80 80 80 76 76 76 76 76 76 10 100 100 100 100 100 100 100 100 100 100 100 100 100 100 100 100 100 100 100 100 100 100 100 100 100 100 100 100 100 100 100 100 100 100 0 0 0 0 0 0 0
100 100 100 100 100 100 100 100 100 100 100 100 100 100 100 100 100 100 100 100 100 100 100 100 69 69 80 80 80 80 80 80 80 80 80 80 80 80 76 76 76 76 76 76 100 100 100 100 100 100 100 100 100 100 100 100 100 100 100 100 100 100 100 100 100 100 100 100 100 100 100 100 100 100 0 0 0 0 0 0 0 0 0 0 0
100 100 100 100 100 100 100 100 100 100 100 100 100 100 100 100 100 100 100 100 100 100 100 100 69 80 80 80 80 80 80 80 80 80 80 80 80 80 76 76 76 76 76 76 100 100 100 100 100 100 100 100 100 100 100 100 100 100 100 100 100 100 100 100 100 100 100 100 100 100 100 100 0 0 0 0 0 0 0 0 0 0 0 0 0
100 100 100 100 100 100 100 100 100 100 100 100 100 100 100 100 100 100 100 100 100 100 100 100 100 80 80 80 80 80 80 80 80 80 80 80 80 80 80 76 76 76 76 100 100 100 100 100 100 100 100 100 100 100 100 100 100 100 100 100 100 100 100 100 100 100 100 100 100 100 100 0 0 0 0 0 0 0 0 0 0 0 0 0 0
100 100 100 100 100 100 100 100 100 100 100 100 100 100 100 100 100 100 100 100 100 100 100 100 100 80 80 80 80 80 80 80 80 80 80 80 80 80 12 12 12 76 76 100 100 100 100 100 100 100 100 100 100 100 100 100 100 100 100 100 100 100 100 100 100 100 100 100 100 100 100 0 0 0 0 0 0 0 0 0 0 0 0 0 0
100 100 100 100 100 100 100 100 100 100 100 100 100 100 100 100 100 100 100 100 100 100 100 100 100 80 80 80 80 80 80 80 80 80 80 80 80 80 80 12 12 12 76 100 100 100 100 100 100 100 100 100 100 100 100 100 100 100 100 100 100 100 100 100 100 100 100 100 100 100 100 100 0 0 0 0 0 0 0 0 0 0 0 0 0
100 100 100 100 100 100 100 100 100 100 100 100 100 100 100 100 100 100 100 100 100 100 100 100 100 80 80 80 80 80 80 80 80 80 80 80 80 80 80 80 12 12 76 76 100 100 100 100 100 100 100 100 100 100 100 100 100 100 100 100 100 100 100 100 100 100 100 100 100 100 100 100 0 0 0 0 0 0 0 0 0 0 0 0 0
100 100 100 100 100 100 100 100 100 100 100 100 100 100 100 100 100 100 100 100 100 100 100 100 100 80 80 80 80 80 80 80 80 80 80 80 80 80 80 80 80 76 76 12 100 100 100 100 100 100 100 100 100 100 100 100 100 100 100 100 100 100 100 100 100 100 100 100 100 100 100 100 0 0 0 0 0 0 0 0 0 0 0 0 0
100 100 100 100 100 100 100 100 100 100 100 100 100 100 100 100 100 100 100 100 100 100 100 100 100 80 80 80 80 80 80 80 80 80 80 80 80 12 12 80 80 12 12 76 76 100 100 100 100 100 100 100 100 100 100 100 100 100 100 100 100 100 100 100 100 100 100 100 100 100 100 100 0 0 0 0 0 0 0 0 0 0 0 0 0
100 100 100 100 100 100 100 100 100 100 100 100 100 100 100 100 100 100 100 100 100 100 100 100 100 80 80 80 80 80 80 80 80 80 80 80 12 12 12 12 12 12 12 12 76 100 100 100 100 100 100 100 100 100 100 100 100 100 100 100 100 100 100 100 100 100 100 100 100 100 100 100 100 0 0 0 0 0 0 0 0 0 0 0 0
100 100 100 100 100 100 100 100 100 100 100 100 100 100 100 100 100 100 100 100 100 100 100 100 100 80 80 80 80 80 80 80 80 80 80 80 80 12 12 12 12 12 12 12 76 76 100 100 100 100 100 100 100 100 100 100 100 100 100 100 100 100 100 100 100 100 100 100 100 100 100 100 100 0 0 0 0 0 0 0 0 0 0 0 0
100 100 100 100 100 100 100 100 100 100 100 100 100 100 100 100 100 100 100 100 100 100 100 100 100 80 80 80 80 80 80 80 80 80 80 80 12 12 12 12 12 12 12 76 76 76 100 100 100 100 100 100 100 100 100 100 100 100 100 100 100 100 100 100 100 100 100 100 100 100 100 100 100 100 0 0 0 0 0 0 0 0 0 0 0
100 100 100 100 100 100 100 100 100 100 100 100 100 100 100 100 100 100 100 100 100 100 100 100 100 80 80 80 80 80 80 80 80 15 15 80 80 12 12 12 12 12 76 76 76 76 100 100 100 100 100 100 100 100 100 100 100 100 100 100 100 100 100 100 100 100 100 100 100 100 100 100 100 100 100 100 0 0 0 0 0 0 0 0 0
100 100 100 100 100 100 100 100 100 100 100 100 100 100 100 100 100 100 100 100 100 100 100 100 69 80 80 80 80 80 80 80 80 15 80 80 15 80 13 12 12 12 12 76 76 100 100 100 100 100 100 100 100 100 100 100 100 100 100 100 100 100 100 100 100 100 100 100 100 100 100 100 100 100 100 100 100 0 0 0 0 0 0 0 0
100 100 100 100 100 100 100 100 100 100 100 100 100 100 100 100 100 100 100 100 100 100 100 100 69 80 80 80 80 80 80 80 80 80 80 15 15 13 13 12 12 76 76 76 76 100 100 100 100 100 100 100 100 100 100 100 100 100 100 100 100 100 100 100 100 100 100 100 100 100 100 100 100 100 100 100 100 100 0 0 0 0 0 0 0
100 100 100 100 100 100 100 100 100 100 100 100 100 100 100 100 100 100 100 100 100 100 100 100 69 80 80 80 80 80 80 80 80 80 80 15 80 13 13 13 13 13 76 76 76 100 100 100 100 100 100 100 100 100 100 100 100 100 100 100 100 100 100 100 100 100 100 100 100 100 100 100 100 100 100 100 100 100 0 0 0 0 0 0 0
100 100 100 100 100 100 100 100 100 100 100 100 100 100 100 100 100 100 100 100 100 100 100 100 69 80 80 80 80 80 80 80 80 80 80 80 13 13 13 13 13 13 76 76 100 100 100 100 100 100 100 100 100 100 100 100 100 100 100 100 100 100 100 100 100 100 100 100 100 100 100 100 100 100 100 100 100 100 0 0 0 0 0 0 0
100 100 100 100 100 100 100 100 100 100 100 100 100 100 100 100 100 100 100 100 100 100 100 100 69 80 80 80 80 80 80 80 80 80 80 80 80 80 80 80 76 76 76 76 100 100 100 100 100 100 100 100 100 100 100 100 100 100 100 100 100 100 100 100 100 100 100 100 100 100 100 100 100 100 100 100 100 100 100 0 0 0 0 0 0
100 100 100 100 100 100 100 100 100 100 100 100 100 100 100 100 100 100 100 100 100 100 100 100 69 80 80 80 80 80 80 80 80 80 80 80 80 80 80 80 76 76 76 100 100 100 100 100 100 100 100 100 100 100 100 100 100 100 100 100 100 100 100 100 100 100 100 100 100 100 100 100 100 100 100 100 100 100 100 100 0 0 0 0 0
100 100 100 100 100 100 100 100 100 100 100 100 100 100 100 100 100 100 100 100 100 100 100 69 69 80 80 80 80 80 80 80 80 80 80 80 14 80 80 80 76 76 76 100 100 100 100 100 100 100 100 100 100 100 100 100 100 100 100 100 100 100 100 100 100 100 100 100 100 100 100 100 100 100 100 100 100 100 100 100 0 0 0 0 0
100 100 100 100 100 100 100 100 100 100 100 100 100 100 100 100 100 100 100 100 100 100 100 69 69 80 80 80 80 80 80 80 80 80 80 80 80 80 80 80 80 76 76 100 100 100 100 100 100 100 100 100 100 100 100 100 100 100 100 100 100 100 100 100 100 100 100 100 100 100 100 100 100 100 100 100 100 100 100 100 100 0 0 0 0
100 100 100 100 100 100 100 100 100 100 100 100 100 100 100 100 100 100 100 100 100 100 100 69 69 80 80 80 80 80 80 80 80 80 80 80 80 80 80 80 80 76 76 100 100 100 100 100 100 100 100 100 100 100 100 100 100 100 100 100 100 100 100 100 100 100 100 100 100 100 100 100 100 100 100 100 100 100 100 100 100 0 0 0 0
100 100 100 100 100 100 100 100 100 100 100 100 100 100 100 100 100 100 100 100 100 100 100 69 69 80 80 80 80 80 80 80 80 57 80 80 57 80 80 80 80 80 76 100 100 100 100 100 100 100 100 100 100 100 100 100 100 100 100 100 100 100 100 100 100 100 100 100 100 100 100 100 100 100 100 100 100 100 100 100 100 0 0 0 0
100 100 100 100 100 100 100 100 100 100 100 100 100 100 100 100 100 100 100 100 100 100 100 57 69 80 80 80 80 80 80 80 80 57 80 57 57 57 80 80 80 80 100 100 100 100 100 100 100 100 100 100 100 100 100 100 100 100 100 100 100 100 100 100 100 100 100 100 100 100 100 100 100 100 100 100 100 100 100 100 100 100 0 0 0
100 100 100 100 100 100 100 100 100 100 100 100 100 100 100 100 100 100 100 100 100 100 100 57 57 80 80 80 80 80 80 80 80 80 57 57 57 80 80 80 80 80 100 100 100 100 100 100 100 100 100 100 100 100 100 100 100 100 100 100 100 100 100 100 100 100 100 100 100 100 100 100 100 100 100 100 100 100 100 100 100 0 0 0 0
100 100 100 100 100 100 100 100 100 100 100 100 100 100 100 100 100 100 100 100 100 100 100 57 57 75 75 75 80 80 80 80 80 80 57 57 57 80 80 80 80 80 100 100 100 100 100 100 100 100 100 100 100 100 100 100 100 100 100 100 100 100 100 100 100 100 100 100 100 100 100 100 100 100 100 100 100 100 100 100 100 0 0 0 0
100 100 100 100 100 100 100 100 100 100 100 100 100 100 100 100 100 100 100 100 100 100 100 75 57 57 75 75 80 80 80 80 80 80 80 57 80 80 80 80 80 80 100 100 100 100 100 100 100 100 100 100 100 100 100 100 100 100 100 100 100 100 100 100 100 100 100 100 100 100 100 100 100 100 100 100 100 100 100 100 100 100 0 0 0
100 100 100 100 100 100 100 100 100 100 100 100 100 100 100 100 100 100 100 100 100 100 100 75 57 57 75 75 75 80 80 80 80 80 80 80 80 80 80 80 80 80 100 100 100 100 100 100 100 100 100 100 100 100 100 100 100 100 100 100 100 100 100 100 100 100 100 100 100 100 100 100 100 100 100 100 100 100 100 100 100 100 0 0 0
100 100 100 100 100 100 100 100 100 100 100 100 100 100 100 100 100 100 100 100 100 100 100 75 75 75 75 75 75 75 80 52 80 80 80 80 80 80 80 80 80 80 100 100 100 100 100 100 100 100 100 100 100 100 100 100 100 100 100 100 100 100 100 100 100 100 100 100 100 100 100 100 100 100 100 100 100 100 100 100 100 100 0 0 0
100 100 100 100 100 100 100 100 100 100 100 100 100 100 100 100 100 100 100 100 100 100 100 75 75 75 52 52 52 52 52 52 75 75 75 80 80 80 80 80 80 80 100 100 100 100 100 100 100 100 100 100 100 100 100 100 100 100 100 100 100 100 100 100 100 100 100 100 100 100 100 100 100 100 100 100 100 100 100 100 100 100 0 0 0
100 100 100 100 100 100 100 100 100 100 100 100 100 100 100 100 100 100 100 100 100 100 75 75 75 75 52 52 52 52 52 52 52 75 75 75 75 80 80 80 80 80 100 100 100 100 100 100 100 100 100 100 100 100 100 100 100 100 100 100 100 100 100 100 100 100 100 100 100 100 100 100 100 100 100 100 100 100 100 100 100 100 0 0 0
100 100 100 100 100 100 100 100 100 100 100 100 100 100 100 100 100 100 100 100 100 100 75 75 75 75 52 52 52 52 52 52 52 75 75 75 75 75 80 77 77 77 100 100 100 100 100 100 100 100 100 100 100 100 100 100 100 100 100 100 100 100 100 100 100 100 100 100 100 100 100 100 100 100 100 100 100 100 100 100 100 100 100 100 0
100 100 100 100 100 100 100 100 100 100 100 100 100 100 100 100 100 100 100 100 100 100 75 75 75 75 52 52 52 52 52 52 52 75 75 75 75 75 75 77 77 77 100 100 100 100 100 100 100 100 100 100 100 100 100 100 100 100 100 100 100 100 100 100 100 100 100 100 100 100 100 100 100 100 100 100 100 100 100 100 100 100 100 100 0
100 100 100 100 100 100 100 100 100 100 100 100 100 100 100 100 100 100 100 100 100 100 75 75 75 75 75 75 75 75 16 16 75 75 75 75 75 75 75 75 77 77 100 100 100 100 100 100 100 100 100 100 100 100 100 100 100 100 100 100 100 100 100 100 100 100 100 100 100 100 100 100 100 100 100 100 100 100 100 100 100 100 100 100 0
100 100 100 100 100 100 100 100 100 100 100 100 100 100 100 100 100 100 100 100 100 100 75 75 75 75 75 75 75 75 75 75 75 75 75 75 75 75 75 77 77 77 77 100 100 100 100 100 100 100 100 100 100 100 100 100 100 100 100 100 100 100 100 100 100 100 100 100 100 100 100 100 100 100 100 100 100 100 100 100 100 100 100 100 100
100 100 100 100 100 100 100 100 100 100 100 100 100 100 100 100 100 100 100 100 100 75 75 75 75 75 75 75 75 75 75 75 75 75 75 75 75 75 75 77 77 77 77 100 100 100 100 100 100 100 100 100 100 100 100 100 100 100 100 100 100 100 100 100 100 100 100 100 100 100 100 100 100 100 100 100 100 100 100 100 100 100 100 100 100
100 100 100 100 100 100 100 100 100 100 100 100 100 100 100 100 100 100 100 100 100 75 75 75 75 75 75 75 75 75 75 75 75 75 75 75 75 75 75 77 77 77 77 77 77 100 100 100 100 100 100 100 100 100 100 100 100 100 100 100 100 100 100 100 100 100 100 100 100 100 100 100 100 100 100 100 100 100 100 100 100 100 100 100 100
100 100 100 100 100 100 100 100 100 100 100 100 100 100 100 100 100 100 100 100 100 75 75 75 75 75 75 75 75 75 75 75 75 75 75 75 75 75 75 77 77 77 77 77 77 77 100 100 100 100 100 100 100 100 100 100 100 100 100 100 100 100 100 100 100 100 100 100 100 100 100 100 100 100 100 100 100 100 100 100 100 100 100 100 100
100 100 100 100 100 100 100 100 100 100 100 100 100 100 100 100 100 100 100 100 75 75 75 75 17 17 17 75 75 75 75 75 75 75 75 75 75 75 75 75 77 77 77 77 77 77 100 100 100 100 100 100 100 100 100 100 100 100 100 100 100 100 100 100 100 100 100 100 100 100 100 100 100 100 100 100 100 100 100 100 100 100 100 0 0
100 100 100 100 100 100 100 100 100 100 100 100 100 100 100 100 100 100 100 100 75 75 75 17 17 17 17 75 75 75 75 75 75 75 75 75 75 75 75 77 77 77 77 77 77 77 100 100 100 100 100 100 100 100 100 100 100 100 100 100 100 100 100 100 100 100 100 100 100 100 100 100 100 100 100 100 100 100 100 100 100 100 100 0 0
100 100 100 100 100 100 100 100 100 100 100 100 100 100 100 100 100 100 100 100 75 75 75 75 75 75 75 75 75 75 75 75 75 75 75 75 75 75 75 77 77 77 77 77 77 77 100 100 100 100 100 100 100 100 100 100 100 100 100 100 100 100 100 100 100 100 100 100 100 100 100 100 100 100 100 100 100 100 100 100 100 100 100 0 0
100 100 100 100 100 100 100 100 100 100 100 100 100 100 100 100 100 100 100 100 75 75 75 75 75 75 75 75 75 75 75 75 75 75 75 75 75 75 75 77 77 77 77 77 77 77 100 100 100 100 100 100 100 100 100 100 100 100 100 100 100 100 100 100 100 100 100 100 100 100 100 100 100 100 100 100 100 100 100 100 100 100 100 100 0
100 100 100 100 100 100 100 100 100 100 100 100 100 100 100 100 100 100 100 100 75 75 75 75 75 75 75 75 75 75 75 75 75 75 75 75 75 75 77 77 77 77 77 77 77 77 77 100 100 100 100 100 100 100 100 100 100 100 100 100 100 100 100 100 100 100 100 100 100 100 100 100 100 100 100 100 100 100 100 100 100 100 100 100 0
100 100 100 100 100 100 100 100 100 100 100 100 100 100 100 100 100 100 100 100 75 75 75 75 75 75 75 75 75 75 75 75 75 75 75 75 75 75 77 77 77 77 77 77 77 77 77 100 100 100 100 100 100 100 100 100 100 100 100 100 100 100 100 100 100 100 100 100 100 100 100 100 100 100 100 100 100 100 100 100 100 100 100 100 0
100 100 100 100 100 100 100 100 100 100 100 100 100 100 100 100 100 100 100 100 75 75 75 75 75 75 75 75 75 75 75 75 75 75 75 75 75 75 77 77 77 77 77 77 77 77 77 100 100 100 100 100 100 100 100 100 100 100 100 100 100 100 100 100 100 100 100 100 100 100 100 100 100 100 100 100 100 100 100 100 100 100 100 0 0
100 100 100 100 100 100 100 100 100 100 100 100 100 100 100 100 100 100 100 75 75 75 75 75 75 75 75 75 75 75 75 75 75 75 75 75 75 75 75 77 77 77 77 77 77 77 77 77 100 100 100 100 100 100 100 100 100 100 100 100 100 100 100 100 100 100 100 100 100 100 100 100 100 100 100 100 100 100 100 100 100 100 100 100 100
100 100 100 100 100 100 100 100 100 100 100 100 100 100 100 100 100 100 100 75 75 75 75 75 75 75 75 75 75 75 75 75 75 75 75 75 75 75 75 75 77 77 77 77 77 77 61 61 100 100 100 100 100 100 100 100 100 100 100 100 100 100 100 100 100 100 100 100 100 100 100 100 100 100 100 100 100 100 100 100 100 100 100 100 100
100 100 100 100 100 100 100 100 100 100 100 100 100 100 100 100 100 100 100 75 75 75 75 75 75 75 75 75 75 75 75 75 75 75 75 75 75 75 75 75 77 77 77 77 77 77 61 77 77 100 100 100 100 100 100 100 100 100 100 100 100 100 100 100 100 100 100 100 100 100 100 100 100 100 100 100 100 100 100 100 100 100 100 100 100
100 100 100 100 100 100 100 100 100 100 100 75 75 100 100 100 100 100 75 75 75 75 75 75 75 75 75 75 75 75 75 75 75 75 75 75 75 75 75 75 77 77 77 77 77 77 77 77 77 100 100 100 100 100 100 100 100 100 100 100 100 100 100 100 100 100 100 100 100 100 100 100 100 100 100 100 100 100 100 100 100 100 100 100 100
100 100 100 100 100 100 100 100 100 100 100 75 75 100 100 100 100 100 75 75 75 75 75 75 20 75 20 75 75 75 75 75 75 75 19 75 75 75 75 77 77 77 77 77 77 77 61 77 77 77 100 100 100 100 100 100 100 100 100 100 100 100 100 100 100 100 100 100 100 100 100 100 100 100 100 100 100 100 100 100 100 100 100 100 100
100 100 100 100 100 100 100 100 100 100 100 75 75 100 100 100 100 100 75 75 75 75 75 20 20 20 20 20 75 75 75 75 75 19 19 75 75 75 75 77 77 77 77 77 77 61 61 77 77 77 77 100 100 100 100 100 100 100 100 100 100 100 100 100 100 100 100 100 100 100 100 100 100 100 100 100 100 100 100 100 100 100 100 100 100
100 100 100 100 100 100 100 100 100 100 100 75 75 75 100 100 100 75 75 75 75 75 75 20 20 20 20 20 75 75 19 19 19 19 19 75 75 75 75 77 77 77 77 77 77 77 77 77 77 77 77 77 77 100 100 100 100 100 100 100 100 100 100 100 100 100 100 100 100 100 100 100 100 100 100 100 100 100 100 100 100 100 100 100 100
100 100 100 100 100 100 100 100 100 100 100 75 75 75 100 100 100 75 75 75 75 75 75 20 20 20 20 20 75 75 19 19 19 19 19 19 19 75 75 77 77 77 77 77 77 77 77 77 77 77 77 77 77 77 77 77 77 100 100 100 100 100 100 100 100 100 100 100 100 100 100 100 100 100 100 100 100 100 100 100 100 100 100 100 100
100 100 100 100 100 100 100 100 100 100 100 75 75 75 100 100 100 75 75 75 75 75 75 20 20 20 20 75 75 75 19 19 19 19 19 19 19 75 75 77 77 77 77 77 77 77 77 77 77 77 77 77 77 77 77 77 77 77 77 77 100 100 100 100 100 100 100 100 100 100 100 100 100 100 100 100 100 100 100 100 100 100 100 100 100
100 100 100 100 100 100 100 100 100 100 100 100 75 75 100 100 75 75 75 75 75 75 75 75 75 75 75 75 75 75 19 19 19 19 19 19 19 75 75 77 77 77 77 77 77 77 77 77 77 77 77 77 77 77 77 77 77 77 77 77 77 77 77 77 100 100 100 100 100 100 100 100 100 100 100 100 100 100 100 100 100 100 100 100 100
100 100 100 100 100 100 100 100 100 100 100 100 75 75 75 100 75 75 75 75 75 75 75 75 75 75 75 75 75 75 75 19 19 19 19 75 75 75 75 77 77 77 77 77 77 77 77 77 77 77 77 77 77 77 77 77 77 77 77 77 77 77 77 77 77 77 100 100 100 100 100 100 100 100 100 100 100 100 100 100 100 100 100 100 100
100 100 100 100 100 100 100 100 100 100 100 75 75 75 75 75 75 75 75 75 75 75 75 75 75 75 75 75 75 75 75 19 19 19 19 75 75 75 77 77 77 77 77 77 77 77 77 77 77 77 77 77 77 77 77 77 77 77 77 77 77 77 77 77 77 77 77 100 100 100 100 100 100 100 100 100 100 100 100 100 100 100 100 100 100
100 100 100 100 100 100 100 100 100 100 100 75 75 75 75 75 75 75 75 75 75 75 75 75 75 75 75 75 75 75 75 75 19 19 75 75 27 27 77 77 77 77 77 77 77 77 77 77 77 77 77 77 77 77 77 77 77 77 77 77 77 77 77 77 77 77 77 77 100 100 100 100 100 100 100 100 100 100 100 100 100 100 100 100 100
100 100 100 100 100 100 100 100 100 100 75 75 75 75 75 75 75 75 75 75 75 75 75 75 75 75 75 75 75 75 75 75 75 75 75 75 27 27 27 27 77 77 77 77 77 77 77 77 77 77 77 77 77 77 77 77 77 77 77 77 77 77 77 77 77 77 77 77 100 100 100 100 100 100 100 100 100 100 100 100 100 100 100 100 100
100 100 100 100 100 100 100 100 100 100 71 75 75 75 75 75 75 75 75 75 75 75 75 75 75 75 75 75 75 75 75 75 75 75 75 75 27 27 27 77 77 77 77 77 77 77 77 77 77 77 77 77 77 77 77 77 77 77 77 77 77 77 77 77 77 77 77 77 100 100 100 100 100 100 100 100 100 100 100 100 100 100 100 100 100
0 100 100 100 100 100 100 100 100 71 71 75 75 75 75 75 75 75 75 75 75 75 75 75 75 75 75 75 75 75 75 75 75 75 75 75 75 27 27 77 77 77 77 77 77 77 77 77 77 77 77 77 77 77 77 77 77 77 77 77 77 77 77 77 77 77 77 77 100 100 100 100 100 100 100 100 100 100 100 100 100 100 100 100 100
0 100 100 100 100 100 100 100 100 71 71 71 75 75 71 71 71 71 75 75 75 75 75 75 75 75 75 75 75 75 75 75 75 75 75 75 75 27 77 77 77 77 77 77 77 77 77 77 77 77 77 77 77 77 77 77 77 77 77 77 77 77 77 77 77 77 77 77 100 100 100 100 100 100 100 100 100 100 100 100 0 0 0 0 0
0 0 100 100 100 100 100 100 100 71 71 71 71 71 71 71 71 71 71 75 75 75 75 75 75 75 75 75 75 75 75 75 75 75 27 27 27 75 77 77 77 77 77 77 77 77 77 77 77 77 77 77 77 77 77 77 77 77 77 77 77 77 77 77 77 77 77 77 100 100 100 100 100 100 100 100 100 100 100 100 0 0 0 0 0
0 0 100 100 100 100 100 100 100 71 71 71 71 71 71 71 71 71 71 71 71 75 75 75 75 75 75 75 75 75 75 75 75 75 27 27 27 75 77 77 77 77 77 77 77 77 77 77 77 77 77 77 77 77 77 77 77 77 77 77 77 77 77 77 77 77 77 77 100 100 100 100 100 100 100 100 100 100 100 100 0 0 0 0 0
0 0 0 100 100 100 100 100 100 71 71 71 71 71 71 71 71 71 71 71 71 71 75 75 75 75 75 75 75 75 75 75 75 75 75 27 27 75 77 77 77 77 77 77 77 77 77 77 77 77 77 77 77 77 77 77 77 77 77 77 77 77 77 77 77 77 77 77 100 100 100 100 100 100 100 100 100 100 100 0 0 0 0 0 0
0 0 0 100 100 100 100 100 100 71 71 71 71 71 71 71 71 71 71 71 71 71 71 75 75 75 75 75 75 75 75 75 75 75 27 27 27 77 77 77 77 77 77 77 77 77 77 77 77 77 77 77 77 77 77 77 77 77 77 77 77 77 77 77 77 77 77 77 100 100 100 100 100 100 100 100 100 100 100 0 0 0 0 0 0
0 0 0 100 100 100 100 100 100 71 71 71 71 71 71 71 71 71 71 71 71 71 71 71 75 75 75 75 75 75 75 75 75 27 27 27 75 77 77 77 77 77 77 77 77 77 77 77 77 77 77 77 63 77 77 77 77 77 77 77 77 77 77 77 77 77 77 77 100 100 100 100 100 100 100 100 100 100 100 0 0 0 0 0 0
0 0 0 0 100 100 100 100 100 71 71 71 71 71 71 71 71 71 71 71 71 71 71 71 75 75 75 75 75 75 75 75 75 75 27 27 77 77 77 77 77 77 77 77 77 77 77 77 77 77 77 77 63 63 63 77 63 63 63 77 77 77 77 77 77 77 77 77 100 100 100 100 100 100 100 100 100 100 100 0 0 0 0 0 0
0 0 0 0 100 100 100 100 100 71 71 71 71 71 71 71 71 71 71 71 71 71 71 71 71 75 75 75 75 75 75 75 75 75 75 75 77 77 77 77 77 77 77 77 77 77 77 77 77 77 77 77 77 63 63 63 63 63 77 77 77 77 77 77 77 77 77 77 100 100 100 100 100 100 100 100 100 100 0 0 0 0 0 0 0
0 0 0 0 100 100 100 100 100 71 71 71 71 71 71 71 71 71 71 71 71 71 71 71 71 71 75 75 75 75 75 27 27 27 75 75 30 77 77 77 77 77 77 77 77 77 77 77 77 77 77 77 77 63 63 63 63 77 77 77 77 77 77 25 25 77 77 77 100 100 100 100 100 100 100 100 100 100 0 0 0 0 0 0 0
0 0 0 0 0 100 100 100 100 71 71 71 71 71 71 71 71 71 71 71 71 71 71 71 71 71 71 75 75 75 75 27 27 27 75 75 30 30 77 77 77 77 77 77 77 77 77 77 77 77 77 77 77 77 63 77 77 77 77 77 77 77 77 25 25 25 77 77 100 100 100 100 100 100 100 100 100 0 0 0 0 0 0 0 0
0 0 0 0 0 100 100 100 100 71 71 71 71 71 71 71 71 71 71 71 71 71 71 71 71 71 71 71 75 75 75 27 27 27 75 75 27 30 77 77 77 77 77 77 77 77 77 77 77 77 77 77 77 77 77 77 77 77 77 77 77 24 24 25 25 25 77 77 100 100 100 100 100 100 100 100 100 0 0 0 0 0 0 0 0
0 0 0 0 0 100 100 100 100 100 71 71 71 71 71 71 71 71 71 71 71 71 32 32 71 71 71 71 71 75 75 27 27 27 75 75 75 30 77 77 77 77 77 77 77 77 77 77 77 77 77 77 77 77 77 77 77 77 77 77 25 25 25 25 25 25 77 77 100 100 100 100 100 100 100 100 0 0 0 0 0 0 0 0 0
0 0 0 0 100 100 100 100 100 100 100 71 71 71 71 71 71 71 71 71 71 71 71 71 71 71 71 71 71 75 75 27 27 27 75 75 75 75 77 77 77 34 77 77 77 77 77 28 77 77 77 77 77 77 77 77 77 77 77 77 77 25 25 25 25 77 77 77 100 100 100 100 100 100 0 0 0 0 0 0 0 0 0 0 0
0 0 0 100 100 100 100 100 100 100 100 100 71 71 71 71 71 71 71 71 71 71 71 71 71 71 71 71 71 71 75 75 27 27 75 75 77 77 34 77 77 34 34 77 77 77 28 28 77 77 77 77 77 77 77 77 77 77 77 77 25 25 25 77 77 77 77 77 100 100 100 100 100 100 0 0 0 0 0 0 0 0 0 0 0
0 100 100 100 100 100 100 100 100 100 100 100 100 100 71 71 71 71 71 71 71 71 71 71 71 71 71 71 71 71 75 75 27 27 75 75 77 77 34 34 77 77 77 34 77 77 77 28 77 77 77 26 26 26 26 77 77 77 77 77 77 77 77 77 77 77 77 77 100 100 100 100 100 100 0 0 0 0 0 0 0 0 0 0 0
0 100 100 100 100 100 100 100 100 100 100 100 100 100 100 71 71 71 71 71 71 71 71 71 71 71 71 71 71 71 32 27 27 27 75 75 77 77 77 77 77 77 77 77 77 77 77 77 77 77 77 77 26 26 26 77 77 77 77 77 77 77 77 77 77 77 77 77 77 100 100 100 100 100 0 0 0 0 0 0 0 0 0 0 0
100 100 100 100 100 100 100 100 100 100 100 100 100 100 100 100 71 71 71 71 71 71 71 71 71 71 71 71 71 71 32 32 27 27 75 75 77 77 34 77 77 77 77 77 77 77 77 77 77 77 77 77 77 77 77 77 77 77 77 77 77 77 77 77 77 77 77 77 77 100 100 100 100 100 0 0 0 0 0 0 0 0 0 0 0
100 100 100 100 100 100 100 100 100 100 100 100 100 100 100 100 100 71 71 71 71 71 71 71 71 71 32 71 71 71 71 75 27 27 27 27 27 77 77 77 34 77 77 77 77 77 77 77 77 77 77 77 77 77 77 77 77 77 77 77 77 77 77 77 77 77 77 77 77 100 100 100 100 100 0 0 0 0 0 0 0 0 0 0 0
100 100 100 100 100 100 100 100 100 100 100 100 100 100 100 100 100 71 71 71 71 71 71 71 71 71 32 71 71 71 71 75 27 27 27 27 75 75 77 77 34 34 34 77 77 77 77 77 77 77 77 77 77 77 33 77 77 77 77 77 77 77 77 77 77 77 77 77 77 100 100 100 100 100 100 0 0 0 0 0 0 0 0 0 0
100 100 100 100 100 100 100 100 100 100 100 100 100 100 100 100 100 100 71 71 71 71 71 71 71 71 71 71 71 71 71 71 75 27 27 27 27 75 77 77 77 77 77 77 77 77 77 77 77 77 77 77 77 77 33 77 77 77 77 77 77 77 77 77 77 77 77 77 77 100 100 100 100 100 100 0 0 0 0 0 0 0 0 0 0
100 100 100 100 100 100 100 100 100 100 100 100 100 100 100 100 100 100 71 71 71 71 71 71 71 71 71 71 71 71 71 71 75 32 27 27 27 27 34 77 77 77 77 77 77 77 77 77 77 77 77 77 77 33 77 77 77 77 77 77 77 77 77 77 77 77 77 77 77 77 100 100 100 100 100 100 100 100 100 100 0 0 0 0 0
100 100 100 100 100 100 100 100 100 100 100 100 100 100 100 100 100 100 71 71 71 71 71 71 71 71 71 71 71 71 71 71 71 32 32 27 27 27 27 75 77 77 34 34 34 34 77 77 77 77 77 77 77 33 77 77 77 77 77 77 77 77 77 77 77 77 77 77 77 77 100 100 100 100 100 100 100 100 100 100 100 0 0 0 0
100 100 100 100 100 100 100 100 100 100 100 100 100 100 100 100 100 100 100 71 71 71 71 71 40 71 71 71 71 71 32 32 32 32 32 32 32 27 27 75 77 77 34 77 77 34 77 77 77 77 77 77 77 33 77 73 73 73 73 73 77 77 77 77 35 35 77 77 77 77 100 100 100 100 100 100 100 100 100 100 100 0 0 0 0
100 100 100 100 100 100 100 100 100 100 100 100 100 100 100 100 100 100 100 71 71 71 71 71 40 71 71 71 71 71 32 32 32 32 32 32 32 32 27 75 77 77 77 77 77 77 77 77 77 77 77 77 77 42 42 73 73 73 73 73 73 73 77 35 35 35 77 77 77 77 100 100 100 100 100 100 100 100 100 100 0 0 0 0 0
100 100 100 100 100 100 100 100 100 100 100 100 100 100 100 100 100 100 100 71 71 71 71 71 71 71 71 71 71 71 40 58 58 58 32 32 75 32 75 41 41 77 77 77 77 77 77 77 77 77 77 77 77 42 73 73 73 73 73 73 73 73 73 77 77 35 77 77 77 77 100 100 100 100 100 100 100 100 100 100 0 0 0 0 0
100 100 100 100 100 100 100 100 100 100 100 100 100 100 100 100 100 100 100 71 71 71 71 71 71 71 71 71 71 71 40 58 58 58 58 32 32 27 27 27 77 41 41 77 77 77 77 77 77 77 77 77 77 77 73 73 73 73 73 73 73 73 73 73 77 77 77 77 77 77 100 100 100 100 100 100 100 100 0 0 0 0 0 0 0
100 100 100 100 100 100 100 100 100 100 100 100 100 100 100 100 100 100 100 100 71 71 71 71 71 71 71 71 71 71 40 58 58 58 58 32 32 27 75 77 77 77 77 77 77 77 77 77 77 77 77 77 73 73 73 73 73 73 73 73 73 73 73 73 73 77 77 77 77 77 77 100 100 100 100 100 100 100 0 0 0 0 0 0 0
100 100 100 100 100 100 100 100 100 100 100 100 100 100 100 100 100 100 100 100 71 71 71 71 71 71 71 71 71 71 71 58 58 58 58 32 32 75 75 77 77 77 77 77 77 77 77 77 77 77 77 73 73 73 73 73 73 42 73 73 73 73 73 73 73 73 73 73 73 73 73 100 100 100 100 100 100 0 0 0 0 0 0 0 0
100 100 100 100 100 100 100 100 100 100 100 100 100 100 100 100 100 100 100 100 71 71 71 71 71 71 71 71 71 71 71 71 71 71 71 75 32 75 77 77 79 79 79 77 77 77 77 77 77 77 77 73 73 73 73 73 73 73 73 42 73 73 73 73 73 73 73 73 73 73 73 100 100 100 100 100 100 0 0 0 0 0 0 0 0
100 100 100 100 100 100 100 100 100 100 100 100 100 100 100 100 100 100 100 100 100 71 71 71 71 71 71 71 71 71 71 71 71 71 71 75 75 77 79 79 79 41 79 79 79 79 77 77 77 77 73 73 73 73 73 73 73 73 73 73 73 73 73 73 73 73 73 73 73 73 73 73 100 100 100 100 0 0 0 0 0 0 0 0 0
100 100 100 100 100 100 100 100 100 100 100 100 100 100 100 100 100 100 100 100 100 71 71 71 71 71 71 71 71 71 71 71 71 71 71 79 79 79 79 79 79 44 44 79 79 79 79 79 79 73 73 73 73 73 73 73 73 73 73 73 73 73 73 73 73 73 73 73 73 73 73 73 100 100 100 100 0 0 0 0 0 0 0 0 0
100 100 100 100 100 100 100 100 100 100 100 100 100 100 100 100 100 100 100 100 100 71 71 71 71 71 71 71 71 71 71 71 71 71 71 79 79 79 79 79 44 44 79 79 79 79 79 79 79 73 73 42 42 73 73 73 73 73 73 73 73 73 73 73 73 73 73 73 73 73 73 73 100 100 100 100 0 0 0 0 0 0 0 0 0
100 100 100 100 100 100 100 100 100 100 100 100 100 100 100 100 100 100 100 100 100 71 71 71 46 46 46 71 71 71 71 71 71 71 79 79 79 79 79 79 44 44 79 79 79 79 79 79 79 79 73 42 42 73 73 73 73 73 73 73 73 73 73 73 73 73 73 73 73 73 73 73 73 100 100 100 100 0 0 0 0 0 0 0 0
100 100 100 100 100 100 100 100 100 100 100 100 100 100 100 100 100 100 100 100 100 71 71 46 46 46 46 71 71 71 71 71 71 79 79 79 79 79 79 79 44 44 79 79 79 79 79 79 79 79 73 73 73 73 73 73 73 73 73 73 73 73 73 73 73 73 73 73 73 73 73 73 73 100 100 100 100 0 0 0 0 0 0 0 0
100 100 100 100 100 100 100 100 100 100 100 100 100 100 100 100 100 100 100 100 100 71 46 46 46 46 71 71 71 71 71 71 71 79 55 55 79 79 79 79 44 79 79 79 79 79 79 79 79 79 73 73 73 73 73 73 73 73 73 73 73 73 73 73 73 73 73 73 73 73 73 73 73 73 100 100 100 0 0 0 0 0 0 0 0
100 100 100 100 100 100 100 100 100 100 100 100 100 100 100 100 100 100 100 100 100 71 46 46 46 71 71 71 71 71 71 55 55 55 55 55 79 79 79 44 44 79 79 79 79 79 79 79 79 79 79 73 73 73 73 73 73 73 73 73 73 73 73 73 73 73 73 73 73 73 73 73 73 73 100 100 100 100 0 0 0 0 0 0 0
100 100 100 100 100 100 100 100 100 100 100 100 100 100 100 100 100 100 100 100 100 71 71 71 71 71 71 71 71 71 71 55 55 55 55 55 79 79 79 79 79 79 79 79 79 79 79 79 79 79 79 73 73 73 73 73 73 73 73 73 73 73 73 73 73 73 73 73 73 73 73 73 73 73 73 100 100 100 0 0 0 0 0 0 0
100 100 100 100 100 100 100 100 100 100 100 100 100 100 100 100 100 100 100 100 100 71 71 71 71 71 71 71 71 71 71 55 55 55 55 55 55 55 79 79 79 79 79 79 79 79 79 79 79 79 79 79 73 73 73 73 73 73 73 73 73 73 73 73 73 73 73 73 73 73 73 73 73 73 73 73 100 100 0 0 0 0 0 0 0
100 100 100 100 100 100 100 100 100 100 100 100 100 100 100 100 100 100 100 100 100 71 71 71 71 71 71 71 71 71 71 79 55 55 55 55 55 55 79 79 79 79 79 79 79 79 79 79 79 79 79 79 73 73 73 73 73 73 73 73 73 73 73 73 73 73 73 73 73 73 73 73 73 73 73 73 73 100 0 0 0 0 0 0 0
100 100 100 100 100 100 100 100 100 100 100 100 100 100 100 100 100 100 100 100 100 71 71 71 71 71 71 71 71 71 71 79 55 55 55 55 79 79 79 79 79 79 79 79 79 79 79 79 79 79 79 79 79 73 73 73 73 73 73 73 73 73 73 73 73 73 73 73 73 73 73 73 73 73 73 73 73 73 100 0 0 0 0 0 0
100 100 100 100 100 100 100 100 100 100 100 100 100 100 100 100 100 100 100 100 100 71 71 71 71 71 71 71 71 71 79 79 79 55 55 55 79 79 79 79 79 79 79 79 79 79 79 79 79 79 79 79 79 73 73 73 73 73 73 73 73 73 73 73 73 73 73 73 73 73 73 73 73 73 73 73 73 73 73 0 0 0 0 0 0
100 100 100 100 100 100 100 100 100 100 100 100 100 100 100 100 100 100 100 100 100 71 71 71 71 71 71 71 71 71 79 79 79 79 79 55 79 79 79 79 79 79 79 79 79 79 79 79 79 79 79 79 79 79 73 73 73 73 73 73 73 73 73 73 73 73 73 73 73 73 73 73 73 73 73 73 73 73 73 73 0 0 0 0 0
100 100 100 100 100 100 100 100 100 100 100 100 100 100 100 100 100 100 100 100 100 100 71 71 71 71 71 71 71 71 79 79 79 79 79 79 79 79 79 79 79 79 79 79 79 79 79 79 79 79 79 79 79 79 73 73 73 73 73 73 73 73 73 73 73 73 73 73 73 73 73 73 73 73 73 73 73 73 73 73 73 0 0 0 0
100 100 100 100 100 100 100 100 100 100 100 100 100 100 100 100 100 100 100 100 100 100 71 71 71 71 71 71 71 79 79 79 79 79 79 79 79 79 79 79 79 79 79 79 79 79 79 79 79 79 79 79 79 79 79 73 73 73 73 73 73 73 73 73 73 73 73 73 73 73 73 73 73 73 73 73 73 73 73 73 73 73 100 100 0
100 100 100 100 100 100 100 100 100 100 100 100 100 100 100 100 100 100 100 100 100 100 71 71 71 71 71 71 71 79 79 79 79 79 79 79 79 79 79 79 79 79 79 79 79 79 79 79 79 79 79 79 79 79 79 73 73 73 73 73 73 73 73 73 73 73 73 73 73 73 73 73 73 73 73 73 73 73 73 73 73 73 73 100 100
100 100 100 100 100 100 100 100 100 100 100 100 100 100 100 100 100 100 100 100 100 100 71 71 71 71 71 71 71 79 79 79 79 79 79 79 79 79 79 79 79 79 79 79 79 79 79 79 79 79 79 79 79 79 79 73 73 73 73 73 73 73 73 73 73 73 73 73 73 73 73 73 73 73 73 73 73 73 73 73 73 73 73 73 100
100 100 100 100 100 100 100 100 100 100 100 100 100 100 100 100 100 100 100 100 100 100 71 71 71 71 71 71 79 79 79 79 79 79 79 79 79 79 79 79 79 79 79 79 79 79 79 79 79 79 79 79 79 79 79 79 73 73 73 73 73 73 73 73 73 73 73 73 73 73 73 73 73 73 73 73 73 73 73 73 73 73 73 73 0
100 100 100 100 100 100 100 100 100 100 100 100 100 100 100 100 100 100 100 100 100 100 100 71 71 71 71 71 79 79 79 79 79 79 79 79 79 79 79 79 79 79 79 79 79 79 79 79 79 79 79 79 79 79 79 79 73 73 73 73 73 73 73 73 73 73 73 73 73 73 73 73 73 73 73 73 73 73 73 73 73 73 73 73 0
100 100 100 100 100 100 100 100 100 100 100 100 100 100 100 100 100 100 100 100 100 100 100 100 71 71 71 71 79 79 79 79 79 79 79 79 79 79 79 79 79 79 79 79 79 79 79 79 79 79 79 79 79 79 79 79 73 73 73 73 73 73 73 73 73 73 73 73 73 73 73 73 73 73 73 73 73 73 73 73 73 73 73 73 0
100 100 100 100 100 100 100 100 100 100 100 100 100 100 100 100 100 100 100 100 100 100 100 100 100 100 71 71 79 79 79 79 79 79 79 79 79 79 79 79 79 79 79 79 79 79 79 79 79 79 79 79 79 79 79 79 73 73 73 73 73 73 73 73 73 73 73 73 73 73 73 73 73 73 73 73 73 73 73 73 73 73 73 73 0
100 100 100 100 100 100 100 100 100 100 100 100 100 100 100 100 100 100 100 100 100 100 100 100 100 100 100 100 79 79 79 79 79 79 79 79 79 79 79 79 79 79 79 79 79 79 79 79 79 79 79 79 79 79 79 79 79 73 73 73 73 73 73 73 73 73 73 73 73 73 73 73 73 73 73 73 73 73 73 73 73 73 73 100 0
100 100 100 100 100 100 100 100 100 100 100 100 100 100 100 100 100 100 100 100 100 100 100 100 100 100 100 100 100 79 79 79 79 79 79 79 79 79 79 79 79 79 79 79 79 79 79 79 79 79 79 79 79 79 79 79 79 73 73 73 73 73 73 73 73 73 73 73 73 73 73 73 73 73 73 73 73 73 73 73 73 73 73 0 0
100 100 100 100 100 100 100 100 100 100 100 100 100 100 100 100 100 100 100 100 100 100 100 100 100 100 100 100 100 100 79 79 79 79 79 79 79 79 79 79 79 79 79 79 79 79 79 79 79 79 79 79 79 79 79 79 79 79 73 73 73 73 73 73 73 73 73 73 73 73 39 39 73 73 73 73 73 73 73 73 73 73 73 0 0
100 100 100 100 100 100 100 100 100 100 100 100 100 100 100 100 100 100 100 100 100 100 100 100 100 100 100 100 100 100 79 79 79 79 79 79 79 79 79 79 79 79 79 79 79 79 79 79 79 79 79 79 79 79 79 79 79 79 73 73 73 73 73 73 73 73 73 73 73 73 39 39 39 39 73 73 73 73 73 73 73 73 73 0 0
100 100 100 100 100 100 100 100 100 100 100 100 100 100 100 100 100 100 100 100 100 100 100 100 100 100 100 100 100 100 100 79 79 79 79 79 79 79 79 79 79 79 79 79 79 79 79 79 79 79 79 79 79 79 79 79 79 79 79 73 73 73 73 73 73 73 73 73 73 73 39 39 39 73 73 73 73 73 73 73 73 73 73 0 0
100 100 100 100 100 100 100 100 100 100 100 100 100 100 100 100 100 100 100 100 100 100 100 100 100 100 100 100 100 100 100 79 79 79 79 79 79 79 79 79 79 79 79 79 79 79 79 79 79 79 79 79 79 79 79 79 79 79 79 79 73 73 73 73 73 73 73 73 73 39 73 73 39 73 73 73 73 73 73 73 73 73 73 0 0
100 100 100 100 100 100 100 100 100 100 100 100 100 100 100 100 100 100 100 100 100 100 100 100 100 100 100 100 100 100 100 79 79 79 79 79 79 79 79 79 79 79 79 79 79 79 79 79 79 79 79 79 79 79 79 79 79 79 79 79 79 73 73 73 73 73 73 73 73 73 73 39 73 73 73 73 73 73 73 73 73 73 73 0 0
100 100 100 100 100 100 100 100 100 100 100 100 100 100 100 100 100 100 100 100 100 100 100 100 100 100 100 100 100 100 79 79 79 79 79 79 79 79 79 79 79 79 79 79 79 79 79 79 79 79 79 79 79 79 79 79 79 79 79 79 79 79 73 73 73 73 73 73 73 73 73 73 73 73 73 73 73 73 73 73 73 73 0 0 0
100 100 100 100 100 100 100 100 100 100 100 100 100 100 100 100 100 100 100 100 100 100 100 100 100 100 100 100 100 100 79 79 79 79 79 79 79 79 79 79 79 79 79 79 79 79 79 79 79 79 79 79 79 79 79 79 79 79 79 79 79 79 79 79 73 73 73 73 73 73 73 73 73 73 73 73 73 73 73 73 73 73 0 0 0
100 100 100 100 100 100 100 100 100 100 100 100 100 100 100 100 100 100 100 100 100 100 100 100 100 100 100 100 100 100 79 79 79 79 79 79 79 79 79 79 79 79 79 79 79 79 79 79 79 79 79 79 79 79 79 79 79 79 79 79 79 79 79 79 79 73 73 73 73 73 73 73 73 73 73 73 73 73 73 73 73 73 0 0 0
100 100 100 100 100 100 100 100 100 100 100 100 100 100 100 100 100 100 100 100 100 100 100 100 100 100 100 100 100 79 79 79 79 79 79 79 79 79 79 79 79 79 79 79 79 79 79 79 79 79 79 79 79 79 79 79 79 79 79 79 79 79 79 79 79 79 79 73 73 73 73 73 73 73 73 73 73 73 73 73 73 73 0 0 0
100 100 100 100 100 100 100 100 100 100 100 100 100 100 100 100 100 100 100 100 100 100 100 100 100 100 100 100 100 79 79 79 79 79 79 79 79 79 79 79 79 79 79 79 79 79 79 79 79 79 79 79 79 79 79 79 79 79 79 79 79 79 79 79 79 79 79 79 79 73 73 73 73 73 73 73 73 73 73 73 73 0 0 0 0
100 100 100 100 100 100 100 100 100 100 100 100 100 100 100 100 100 100 100 100 100 100 100 100 100 100 100 100 100 79 79 79 79 79 79 79 79 79 79 79 79 79 79 79 79 79 79 79 79 79 79 79 79 79 79 79 79 79 79 79 79 79 79 79 79 79 79 79 79 79 73 73 73 73 73 73 73 73 73 73 73 0 0 0 0
100 100 100 100 100 100 100 100 100 100 100 100 100 100 100 100 100 100 100 100 100 100 100 100 100 100 100 100 100 79 79 79 79 79 79 79 79 79 79 79 79 79 79 79 79 79 79 79 79 79 79 79 79 79 79 79 79 79 79 79 79 79 79 79 79 79 79 79 79 79 79 73 73 73 73 73 73 73 73 73 0 0 0 0 0
100 100 100 100 100 100 100 100 100 100 100 100 100 100 100 100 100 100 100 100 100 100 100 100 100 100 100 100 100 79 79 79 79 79 79 79 79 79 79 79 79 79 79 79 79 79 79 79 79 79 79 79 79 79 79 79 79 79 79 79 79 79 79 79 79 79 79 79 79 79 79 79 79 73 73 73 73 73 73 73 0 0 0 0 0
100 100 100 100 100 100 100 100 100 100 100 100 100 100 100 100 100 100 100 100 100 100 100 100 100 100 100 100 100 79 79 79 79 79 79 79 79 79 79 79 79 79 79 79 79 79 79 79 79 79 79 79 79 79 79 79 79 79 79 79 79 79 79 79 79 79 79 79 79 79 79 79 79 79 73 73 73 73 73 73 0 0 0 0 0
100 100 100 100 100 100 100 100 100 100 100 100 100 100 100 100 100 100 100 100 100 100 100 100 100 100 100 100 100 79 79 79 79 79 79 79 79 79 79 79 79 79 79 79 79 79 79 79 79 79 79 79 79 79 79 79 79 79 79 79 79 79 79 79 79 79 79 79 79 79 79 79 79 79 79 73 73 73 73 0 0 0 0 0 0
100 100 100 100 100 100 100 100 100 100 100 100 100 100 100 100 100 100 100 100 100 100 100 100 100 100 100 100 79 79 79 79 79 79 79 79 79 79 79 79 79 79 79 79 79 79 79 79 79 79 79 79 79 79 79 79 79 79 79 79 79 79 79 79 79 79 79 79 79 79 79 79 79 79 79 79 79 73 73 73 0 0 0 0 0
100 100 100 100 100 100 100 100 100 100 100 100 100 100 100 100 100 100 100 100 100 100 100 100 100 100 100 70 79 79 79 79 79 79 79 79 79 79 79 79 79 79 79 79 79 79 79 79 79 79 79 79 79 79 79 79 79 79 79 79 79 79 79 79 79 79 79 79 79 79 79 79 79 79 79 79 79 79 73 0 0 0 0 0 0
100 100 100 100 100 100 100 100 100 100 100 100 100 100 100 100 100 100 100 100 100 100 100 100 100 100 70 79 79 79 79 79 79 79 79 79 79 79 79 79 79 79 79 79 79 79 79 79 79 79 79 79 79 79 79 79 79 79 79 79 79 79 79 79 79 79 79 79 79 79 79 79 79 79 79 79 79 79 79 0 0 0 0 0 0
100 100 100 100 100 100 100 100 100 100 100 100 100 100 100 100 100 100 100 100 100 100 100 100 70 70 70 79 79 79 79 79 79 79 79 79 79 79 79 79 79 79 79 79 79 79 79 79 79 79 79 79 79 79 79 79 79 79 79 79 79 79 79 79 79 79 79 79 79 79 79 79 79 79 79 79 79 79 0 0 0 0 0 0 0
0 100 100 100 100 100 100 100 100 100 100 100 100 100 100 100 100 100 70 70 70 70 70 70 70 70 79 79 79 79 79 79 79 79 79 79 79 79 79 79 79 79 79 79 79 79 79 79 79 79 79 79 79 79 79 79 79 79 79 79 79 79 79 79 79 79 79 79 79 79 79 79 79 79 79 79 79 79 0 0 0 0 0 0 0
0 100 100 100 100 100 100 100 100 100 100 100 100 100 100 100 70 70 70 70 70 70 70 79 79 79 79 79 79 79 79 79 79 79 79 79 79 79 79 79 79 79 79 79 79 79 79 79 79 79 79 79 79 79 79 79 79 79 79 79 79 79 79 79 79 79 79 79 79 79 79 79 79 79 79 79 79 79 0 0 0 0 0 0 0
0 0 100 100 100 100 100 100 100 100 100 100 100 100 100 70 70 70 70 70 70 70 79 79 79 79 79 79 79 79 79 79 79 79 79 79 79 79 79 79 79 79 79 79 79 79 79 79 79 79 79 79 79 79 79 79 79 79 79 79 79 79 79 79 79 79 79 79 79 79 79 79 79 79 79 79 79 79 0 0 0 0 0 0 0
0 0 100 100 100 100 100 100 100 100 100 100 100 100 70 70 70 70 70 70 70 79 79 79 79 79 79 79 79 79 79 79 79 79 79 79 79 79 79 79 79 79 79 79 79 79 79 79 79 79 79 79 79 79 79 79 79 79 79 79 79 79 79 79 79 79 79 79 79 79 79 79 79 79 79 79 79 79 0 0 0 0 0 0 0
0 0 100 100 100 100 100 100 100 100 100 100 100 100 70 70 70 70 70 70 70 79 79 79 79 79 79 79 79 79 79 79 79 79 79 79 79 79 79 79 79 79 79 79 79 79 79 79 79 79 79 79 79 79 79 79 79 79 79 79 79 79 79 79 79 79 79 79 79 79 79 79 79 79 79 79 79 79 0 0 0 0 0 0 0
0 0 0 100 100 100 100 100 100 100 100 100 100 70 70 70 70 70 70 70 70 70 79 79 79 79 79 79 79 79 79 79 79 79 79 79 79 79 79 79 79 79 79 79 79 79 79 79 79 79 79 79 79 79 79 79 79 79 79 79 79 79 79 79 79 79 79 79 79 79 79 79 79 79 79 79 79 79 0 0 0 0 0 0 0
0 0 0 0 100 100 100 100 100 100 100 100 100 70 70 70 70 70 70 70 70 70 70 79 79 79 79 79 79 79 79 79 79 79 79 79 79 79 79 79 79 79 79 79 79 79 79 79 79 79 79 79 79 79 79 79 79 79 79 79 79 79 79 79 79 79 79 79 79 79 79 79 79 79 79 79 79 79 0 0 0 0 0 0 0
0 0 0 0 0 100 100 100 100 100 100 100 100 70 70 70 70 70 70 70 70 70 70 79 79 79 79 79 79 79 79 79 79 79 79 79 79 79 79 79 79 79 79 79 79 79 79 79 79 79 79 79 79 79 79 79 79 79 79 79 79 79 79 79 79 79 79 79 79 79 79 79 79 79 79 79 79 79 0 0 0 0 0 0 0
0 0 0 0 0 100 100 100 100 100 100 100 100 70 70 70 70 70 70 70 70 70 70 79 79 79 79 79 79 79 79 79 79 79 79 79 79 79 79 79 79 79 79 79 79 79 79 79 79 79 79 79 79 79 79 79 79 79 79 79 79 79 79 79 79 79 79 79 79 79 79 79 79 79 79 79 79 79 0 0 0 0 0 0 0
0 0 0 0 0 0 100 100 100 100 100 100 100 70 70 70 70 70 70 70 70 70 70 79 79 79 79 79 79 79 79 79 79 79 79 79 79 79 79 79 79 79 79 79 79 79 79 79 79 79 79 79 79 79 79 79 79 79 79 79 79 79 79 79 79 79 79 79 79 79 79 79 0 0 79 79 79 79 0 0 0 0 0 0 0
0 0 0 0 0 0 100 100 100 100 100 100 100 70 70 70 70 70 70 70 70 70 79 79 79 79 79 79 79 79 79 79 79 79 79 79 79 79 79 79 79 79 79 79 79 79 79 79 79 79 79 79 79 79 79 79 79 79 79 79 79 79 79 79 79 79 79 79 79 79 79 79 79 0 0 79 79 0 0 0 0 0 0 0 0
0 0 0 0 0 0 100 100 100 100 100 100 100 70 70 70 70 70 70 70 70 79 79 79 79 79 79 79 79 79 79 79 79 79 79 79 79 79 79 79 79 79 79 79 79 79 79 79 79 79 79 79 79 79 79 79 79 79 79 79 79 79 79 79 79 79 79 79 79 79 79 79 79 0 0 0 0 0 0 0 0 0 0 0 0
0 0 0 0 0 0 100 100 100 100 100 100 100 70 70 70 70 70 70 79 79 79 79 79 79 79 79 79 79 79 79 79 79 79 79 79 79 79 79 79 79 79 79 79 79 79 79 79 79 79 79 79 79 79 79 79 79 79 79 79 79 79 79 79 79 79 79 79 79 79 79 79 79 0 0 0 0 0 0 0 0 0 0 0 0
0 0 0 0 0 0 0 100 100 100 100 100 100 70 70 70 70 70 79 79 79 79 79 79 79 79 79 79 79 79 79 79 79 79 79 79 79 79 79 79 79 79 79 79 79 79 79 79 79 79 79 79 79 79 79 79 79 79 79 79 79 79 79 79 79 79 79 79 79 79 79 79 0 0 0 0 0 0 0 0 0 0 0 0 0
0 0 0 0 0 0 0 100 100 100 100 100 100 70 70 70 70 79 79 79 79 79 79 79 79 79 79 79 79 79 79 79 79 79 79 79 79 79 79 79 79 79 79 79 79 79 79 79 79 79 79 79 79 79 79 79 79 79 79 79 79 79 79 79 79 79 79 79 79 79 79 79 0 0 0 0 0 0 0 0 0 0 0 0 0
0 0 0 0 0 0 0 100 100 100 100 100 100 70 70 70 79 79 79 79 79 79 79 79 79 79 79 79 79 79 79 79 79 79 79 79 79 79 79 79 79 79 79 79 79 79 79 79 79 79 79 79 79 79 79 79 79 79 79 79 79 79 79 79 79 79 79 79 79 79 79 79 0 0 0 0 0 0 0 0 0 0 0 0 0
0 0 0 0 0 0 0 0 0 100 100 100 100 70 70 70 79 79 79 79 79 79 79 79 79 79 79 79 79 79 79 79 79 79 79 79 79 79 79 79 79 79 79 79 79 79 79 79 79 79 79 79 79 79 79 79 79 79 79 79 79 79 79 79 0 0 79 79 79 79 79 0 0 0 0 0 0 0 0 0 0 0 0 0 0
0 0 0 0 0 0 0 0 0 0 100 100 100 70 70 70 79 79 79 79 79 79 79 79 79 79 79 79 79 79 79 79 79 79 79 79 79 79 79 79 79 79 79 79 79 79 79 79 79 79 79 79 79 79 79 79 79 79 79 79 79 79 79 0 0 0 0 0 0 0 0 0 0 0 0 0 0 0 0 0 0 0 0 0 0
0 0 0 0 0 0 0 0 0 0 0 100 100 70 70 70 79 79 79 79 79 79 79 79 79 79 79 79 79 79 79 79 79 79 79 79 79 79 79 79 79 79 79 79 79 79 79 79 79 79 79 79 79 79 79 79 79 79 79 79 79 79 79 0 0 0 0 0 0 0 0 0 0 0 0 0 0 0 0 0 0 0 0 0 0
0 0 0 0 0 0 0 0 0 0 0 0 100 0 70 70 79 79 79 79 79 79 79 79 79 79 79 79 79 79 79 79 79 79 79 79 79 79 79 79 79 79 79 79 79 79 79 79 79 79 79 79 79 79 79 79 79 79 79 79 79 79 0 0 0 0 0 0 0 0 0 0 0 0 0 0 0 0 0 0 0 0 0 0 0
0 0 0 0 0 0 0 0 0 0 0 0 0 0 70 70 79 79 79 79 79 79 79 79 79 79 79 79 79 79 79 79 79 79 79 79 79 79 79 79 79 79 79 79 79 79 79 79 79 79 79 79 79 79 79 79 79 79 79 79 79 79 0 0 0 0 0 0 0 0 0 0 0 0 0 0 0 0 0 0 0 0 0 0 0
0 0 0 0 0 0 0 0 0 0 0 0 0 70 70 70 79 79 79 79 79 79 79 79 79 79 79 79 79 79 79 79 79 79 79 79 79 79 79 79 79 79 79 79 79 79 79 79 79 79 79 79 79 79 79 79 79 79 79 79 79 79 0 0 0 0 0 0 0 0 0 0 0 0 0 0 0 0 0 0 0 0 0 0 0
0 0 0 0 0 0 0 0 0 0 0 0 70 70 70 79 79 79 79 79 79 79 79 79 79 79 79 79 79 79 79 79 79 79 79 79 79 79 79 79 79 79 79 79 79 79 79 79 79 79 79 79 79 79 79 79 79 79 79 79 79 79 0 0 0 0 0 0 0 0 0 0 0 0 0 0 0 0 0 0 0 0 0 0 0
0 0 0 0 0 0 0 0 0 0 0 0 70 70 70 79 79 79 79 79 79 79 79 79 79 79 79 79 79 79 79 79 79 79 79 79 79 0 0 0 0 79 79 79 79 79 79 79 79 79 79 79 79 79 79 79 79 79 79 79 79 79 0 0 0 0 0 0 0 0 0 0 0 0 0 0 0 0 0 0 0 0 0 0 0
0 0 0 0 0 0 0 0 0 0 0 0 70 70 79 79 79 79 79 79 79 79 79 79 79 79 79 79 79 79 79 79 79 79 79 79 0 0 0 0 0 0 0 0 79 79 79 79 79 79 79 79 79 79 79 79 79 79 79 79 79 79 0 0 0 0 0 0 0 0 0 0 0 0 0 0 0 0 0 0 0 0 0 0 0
0 0 0 0 0 0 0 0 0 0 0 0 70 70 79 79 79 79 79 79 79 79 79 79 79 79 79 79 79 79 79 79 79 79 79 79 0 0 0 0 0 0 0 0 0 0 79 79 79 79 79 79 79 79 79 79 79 79 79 79 79 0 0 0 0 0 0 0 0 0 0 0 0 0 0 0 0 0 0 0 0 0 0 0 0
0 0 0 0 0 0 0 0 0 0 0 0 70 79 79 79 79 79 79 79 79 79 79 79 79 79 79 79 79 79 79 79 79 79 79 79 0 0 0 0 0 0 0 0 0 0 0 0 79 79 79 79 79 79 79 79 79 79 79 79 79 0 0 0 0 0 0 0 0 0 0 0 0 0 0 0 0 0 0 0 0 0 0 0 0
0 0 0 0 0 0 0 0 0 0 0 0 79 79 79 79 79 79 79 79 79 79 79 79 79 79 79 79 79 79 79 79 79 79 79 79 0 0 0 0 0 0 0 0 0 0 0 0 0 79 79 79 79 79 79 79 79 79 79 79 79 0 0 0 0 0 0 0 0 0 0 0 0 0 0 0 0 0 0 0 0 0 0 0 0
0 0 0 0 0 0 0 0 0 0 0 0 79 79 79 79 79 79 79 79 79 79 79 79 79 79 79 79 79 79 79 79 79 79 79 79 0 0 0 0 0 0 0 0 0 0 0 0 0 0 0 79 79 79 79 79 79 79 79 79 79 0 0 0 0 0 0 0 0 0 0 0 0 0 0 0 0 0 0 0 0 0 0 0 0
0 0 0 0 0 0 0 0 0 0 0 0 79 79 79 79 79 79 79 79 79 79 79 79 79 79 79 79 79 79 79 79 79 79 79 0 0 0 0 0 0 0 0 0 0 0 0 0 0 0 0 0 79 79 79 79 79 79 79 79 0 0 0 0 0 0 0 0 0 0 0 0 0 0 0 0 0 0 0 0 0 0 0 0 0
0 0 0 0 0 0 0 0 0 0 0 0 79 79 79 79 79 79 79 79 79 79 79 79 79 79 79 79 79 79 79 79 79 79 79 0 0 0 0 0 0 0 0 0 0 0 0 0 0 0 0 0 0 79 79 79 79 79 79 79 0 0 0 0 0 0 0 0 0 0 0 0 0 0 0 0 0 0 0 0 0 0 0 0 0
0 0 0 0 0 0 0 0 0 0 0 0 79 79 79 79 79 79 79 79 79 79 79 79 79 79 79 79 79 79 79 79 79 79 79 0 0 0 0 0 0 0 0 0 0 0 0 0 0 0 0 0 0 0 79 79 79 79 0 0 0 0 0 0 0 0 0 0 0 0 0 0 0 0 0 0 0 0 0 0 0 0 0 0 0
0 0 0 0 0 0 0 0 0 0 0 0 79 79 79 79 79 79 79 79 79 79 79 79 79 79 79 79 79 79 79 79 79 79 0 0 0 0 0 0 0 0 0 0 0 0 0 0 0 0 0 0 0 0 0 0 0 0 0 0 0 0 0 0 0 0 0 0 0 0 0 0 0 0 0 0 0 0 0 0 0 0 0 0 0
0 0 0 0 0 0 0 0 0 0 0 0 79 79 79 79 79 79 79 79 79 79 79 79 79 79 79 79 79 79 79 79 79 0 0 0 0 0 0 0 0 0 0 0 0 0 0 0 0 0 0 0 0 0 0 0 0 0 0 0 0 0 0 0 0 0 0 0 0 0 0 0 0 0 0 0 0 0 0 0 0 0 0 0 0
0 0 0 0 0 0 0 0 0 0 0 0 79 79 79 79 79 79 79 79 79 79 79 79 79 79 79 79 79 79 79 79 79 0 0 0 0 0 0 0 0 0 0 0 0 0 0 0 0 0 0 0 0 0 0 0 0 0 0 0 0 0 0 0 0 0 0 0 0 0 0 0 0 0 0 0 0 0 0 0 0 0 0 0 0
0 0 0 0 0 0 0 0 0 0 0 0 79 79 79 79 79 79 79 79 79 79 79 79 79 79 79 79 79 79 79 79 0 0 0 0 0 0 0 0 0 0 0 0 0 0 0 0 0 0 0 0 0 0 0 0 0 0 0 0 0 0 0 0 0 0 0 0 0 0 0 0 0 0 0 0 0 0 0 0 0 0 0 0 0
0 0 0 0 0 0 0 0 0 0 0 0 79 79 79 79 79 79 79 79 79 79 79 79 79 79 79 79 79 79 0 0 0 0 0 0 0 0 0 0 0 0 0 0 0 0 0 0 0 0 0 0 0 0 0 0 0 0 0 0 0 0 0 0 0 0 0 0 0 0 0 0 0 0 0 0 0 0 0 0 0 0 0 0 0
0 0 0 0 0 0 0 0 0 0 0 0 79 79 79 79 79 79 79 79 79 79 79 79 79 79 79 79 0 0 0 0 0 0 0 0 0 0 0 0 0 0 0 0 0 0 0 0 0 0 0 0 0 0 0 0 0 0 0 0 0 0 0 0 0 0 0 0 0 0 0 0 0 0 0 0 0 0 0 0 0 0 0 0 0
0 0 0 0 0 0 0 0 0 0 0 0 79 79 79 79 79 79 79 79 79 79 79 79 79 79 0 0 0 0 0 0 0 0 0 0 0 0 0 0 0 0 0 0 0 0 0 0 0 0 0 0 0 0 0 0 0 0 0 0 0 0 0 0 0 0 0 0 0 0 0 0 0 0 0 0 0 0 0 0 0 0 0 0 0
0 0 0 0 0 0 0 0 0 0 0 0 79 79 79 79 79 79 79 79 79 79 79 0 0 0 0 0 0 0 0 0 0 0 0 0 0 0 0 0 0 0 0 0 0 0 0 0 0 0 0 0 0 0 0 0 0 0 0 0 0 0 0 0 0 0 0 0 0 0 0 0 0 0 0 0 0 0 0 0 0 0 0 0 0
0 0 0 0 0 0 0 0 0 0 0 0 79 79 79 79 79 79 79 79 0 0 0 0 0 0 0 0 0 0 0 0 0 0 0 0 0 0 0 0 0 0 0 0 0 0 0 0 0 0 0 0 0 0 0 0 0 0 0 0 0 0 0 0 0 0 0 0 0 0 0 0 0 0 0 0 0 0 0 0 0 0 0 0 0
0 0 0 0 0 0 0 0 0 0 0 0 79 79 79 0 0 0 0 0 0 0 0 0 0 0 0 0 0 0 0 0 0 0 0 0 0 0 0 0 0 0 0 0 0 0 0 0 0 0 0 0 0 0 0 0 0 0 0 0 0 0 0 0 0 0 0 0 0 0 0 0 0 0 0 0 0 0 0 0 0 0 0 0 0
0 0 0 0 0 0 0 0 0 0 0 0 0 0 0 0 0 0 0 0 0 0 0 0 0 0 0 0 0 0 0 0 0 0 0 0 0 0 0 0 0 0 0 0 0 0 0 0 0 0 0 0 0 0 0 0 0 0 0 0 0 0 0 0 0 0 0 0 0 0 0 0 0 0 0 0 0 0 0 0 0 0 0 0 0
0 0 0 0 0 0 0 0 0 0 0 0 0 0 0 0 0 0 0 0 0 0 0 0 0 0 0 0 0 0 0 0 0 0 0 0 0 0 0 0 0 0 0 0 0 0 0 0 0 0 0 0 0 0 0 0 0 0 0 0 0 0 0 0 0 0 0 0 0 0 0 0 0 0 0 0 0 0 0 0 0 0 0 0 0
0 0 0 0 0 0 0 0 0 0 0 0 0 0 0 0 0 0 0 0 0 0 0 0 0 0 0 0 0 0 0 0 0 0 0 0 0 0 0 0 0 0 0 0 0 0 0 0 0 0 0 0 0 0 0 0 0 0 0 0 0 0 0 0 0 0 0 0 0 0 0 0 0 0 0 0 0 0 0 0 0 0 0 0 0
0 0 0 0 0 0 0 0 0 0 0 0 0 0 0 0 0 0 0 0 0 0 0 0 0 0 0 0 0 0 0 0 0 0 0 0 0 0 0 0 0 0 0 0 0 0 0 0 0 0 0 0 0 0 0 0 0 0 0 0 0 0 0 0 0 0 0 0 0 0 0 0 0 0 0 0 0 0 0 0 0 0 0 0 0
0 0 0 0 0 0 0 0 0 0 0 0 0 0 0 0 0 0 0 0 0 0 0 0 0 0 0 0 0 0 0 0 0 0 0 0 0 0 0 0 0 0 0 0 0 0 0 0 0 0 0 0 0 0 0 0 0 0 0 0 0 0 0 0 0 0 0 0 0 0 0 0 0 0 0 0 0 0 0 0 0 0 0 0 0
0 0 0 0 0 0 0 0 0 0 0 0 0 0 0 0 0 0 0 0 0 0 0 0 0 0 0 0 0 0 0 0 0 0 0 0 0 0 0 0 0 0 0 0 0 0 0 0 0 0 0 0 0 0 0 0 0 0 0 0 0 0 0 0 0 0 0 0 0 0 0 0 0 0 0 0 0 0 0 0 0 0 0 0 0
0 0 0 0 0 0 0 0 0 0 0 0 0 0 0 0 0 0 0 0 0 0 0 0 0 0 0 0 0 0 0 0 0 0 0 0 0 0 0 0 0 0 0 0 0 0 0 0 0 0 0 0 0 0 0 0 0 0 0 0 0 0 0 0 0 0 0 0 0 0 0 0 0 0 0 0 0 0 0 0 0 0 0 0 0
0 0 0 0 0 0 0 0 0 0 0 0 0 0 0 0 0 0 0 0 0 0 0 0 0 0 0 0 0 0 0 0 0 0 0 0 0 0 0 0 0 0 0 0 0 0 0 0 0 0 0 0 0 0 0 0 0 0 0 0 0 0 0 0 0 0 0 0 0 0 0 0 0 0 0 0 0 0 0 0 0 0 0 0 0
0 0 0 0 0 0 0 0 0 0 0 0 0 0 0 0 0 0 0 0 0 0 0 0 0 0 0 0 0 0 0 0 0 0 0 0 0 0 0 0 0 0 0 0 0 0 0 0 0 0 0 0 0 0 0 0 0 0 0 0 0 0 0 0 0 0 0 0 0 0 0 0 0 0 0 0 0 0 0 0 0 0 0 0 0
0 0 0 0 0 0 0 0 0 0 0 0 0 0 0 0 0 0 0 0 0 0 0 0 0 0 0 0 0 0 0 0 0 0 0 0 0 0 0 0 0 0 0 0 0 0 0 0 0 0 0 0 0 0 0 0 0 0 0 0 0 0 0 0 0 0 0 0 0 0 0 0 0 0 0 0 0 0 0 0 0 0 0 0 0
0 0 0 0 0 0 0 0 0 0 0 0 0 0 0 0 0 0 0 0 0 0 0 0 0 0 0 0 0 0 0 0 0 0 0 0 0 0 0 0 0 0 0 0 0 0 0 0 0 0 0 0 0 0 0 0 0 0 0 0 0 0 0 0 0 0 0 0 0 0 0 0 0 0 0 0 0 0 0 0 0 0 0 0 0
0 0 0 0 0 0 0 0 0 0 0 0 0 0 0 0 0 0 0 0 0 0 0 0 0 0 0 0 0 0 0 0 0 0 0 0 0 0 0 0 0 0 0 0 0 0 0 0 0 0 0 0 0 0 0 0 0 0 0 0 0 0 0 0 0 0 0 0 0 0 0 0 0 0 0 0 0 0 0 0 0 0 0 0 0
0 0 0 0 0 0 0 0 0 0 0 0 0 0 0 0 0 0 0 0 0 0 0 0 0 0 0 0 0 0 0 0 0 0 0 0 0 0 0 0 0 0 0 0 0 0 0 0 0 0 0 0 0 0 0 0 0 0 0 0 0 0 0 0 0 0 0 0 0 0 0 0 0 0 0 0 0 0 0 0 0 0 0 0 0
0 0 0 0 0 0 0 0 0 0 0 0 0 0 0 0 0 0 0 0 0 0 0 0 0 0 0 0 0 0 0 0 0 0 0 0 0 0 0 0 0 0 0 0 0 0 0 0 0 0 0 0 0 0 0 0 0 0 0 0 0 0 0 0 0 0 0 0 0 0 0 0 0 0 0 0 0 0 0 0 0 0 0 0 0
0 0 0 0 0 0 0 0 0 0 0 0 0 0 0 0 0 0 0 0 0 0 0 0 0 0 0 0 0 0 0 0 0 0 0 0 0 0 0 0 0 0 0 0 0 0 0 0 0 0 0 0 0 0 0 0 0 0 0 0 0 0 0 0 0 0 0 0 0 0 0 0 0 0 0 0 0 0 0 0 0 0 0 0 0
0 0 0 0 0 0 0 0 0 0 0 0 0 0 0 0 0 0 0 0 0 0 0 0 0 0 0 0 0 0 0 0 0 0 0 0 0 0 0 0 0 0 0 0 0 0 0 0 0 0 0 0 0 0 0 0 0 0 0 0 0 0 0 0 0 0 0 0 0 0 0 0 0 0 0 0 0 0 0 0 0 0 0 0 0
0 0 0 0 0 0 0 0 0 0 0 0 0 0 0 0 0 0 0 0 0 0 0 0 0 0 0 0 0 0 0 0 0 0 0 0 0 0 0 0 0 0 0 0 0 0 0 0 0 0 0 0 0 0 0 0 0 0 0 0 0 0 0 0 0 0 0 0 0 0 0 0 0 0 0 0 0 0 0 0 0 0 0 0 0
0 0 0 0 0 0 0 0 0 0 0 0 0 0 0 0 0 0 0 0 0 0 0 0 0 0 0 0 0 0 0 0 0 0 0 0 0 0 0 0 0 0 0 0 0 0 0 0 0 0 0 0 0 0 0 0 0 0 0 0 0 0 0 0 0 0 0 0 0 0 0 0 0 0 0 0 0 0 0 0 0 0 0 0 0
0 0 0 0 0 0 0 0 0 0 0 0 0 0 0 0 0 0 0 0 0 0 0 0 0 0 0 0 0 0 0 0 0 0 0 0 0 0 0 0 0 0 0 0 0 0 0 0 0 0 0 0 0 0 0 0 0 0 0 0 0 0 0 0 0 0 0 0 0 0 0 0 0 0 0 0 0 0 0 0 0 0 0 0 0
0 0 0 0 0 0 0 0 0 0 0 0 0 0 0 0 0 0 0 0 0 0 0 0 0 0 0 0 0 0 0 0 0 0 0 0 0 0 0 0 0 0 0 0 0 0 0 0 0 0 0 0 0 0 0 0 0 0 0 0 0 0 0 0 0 0 0 0 0 0 0 0 0 0 0 0 0 0 0 0 0 0 0 0 0
0 0 0 0 0 0 0 0 0 0 0 0 0 0 0 0 0 0 0 0 0 0 0 0 0 0 0 0 0 0 0 0 0 0 0 0 0 0 0 0 0 0 0 0 0 0 0 0 0 0 0 0 0 0 0 0 0 0 0 0 0 0 0 0 0 0 0 0 0 0 0 0 0 0 0 0 0 0 0 0 0 0 0 0 0
0 0 0 0 0 0 0 0 0 0 0 0 0 0 0 0 0 0 0 0 0 0 0 0 0 0 0 0 0 0 0 0 0 0 0 0 0 0 0 0 0 0 0 0 0 0 0 0 0 0 0 0 0 0 0 0 0 0 0 0 0 0 0 0 0 0 0 0 0 0 0 0 0 0 0 0 0 0 0 0 0 0 0 0 0
0 0 0 0 0 0 0 0 0 0 0 0 0 0 0 0 0 0 0 0 0 0 0 0 0 0 0 0 0 0 0 0 0 0 0 0 0 0 0 0 0 0 0 0 0 0 0 0 0 0 0 0 0 0 0 0 0 0 0 0 0 0 0 0 0 0 0 0 0 0 0 0 0 0 0 0 0 0 0 0 0 0 0 0 0
0 0 0 0 0 0 0 0 0 0 0 0 0 0 0 0 0 0 0 0 0 0 0 0 0 0 0 0 0 0 0 0 0 0 0 0 0 0 0 0 0 0 0 0 0 0 0 0 0 0 0 0 0 0 0 0 0 0 0 0 0 0 0 0 0 0 0 0 0 0 0 0 0 0 0 0 0 0 0 0 0 0 0 0 0
0 0 0 0 0 0 0 0 0 0 0 0 0 0 0 0 0 0 0 0 0 0 0 0 0 0 0 0 0 0 0 0 0 0 0 0 0 0 0 0 0 0 0 0 0 0 0 0 0 0 0 0 0 0 0 0 0 0 0 0 0 0 0 0 0 0 0 0 0 0 0 0 0 0 0 0 0 0 0 0 0 0 0 0 0
0 0 0 0 0 0 0 0 0 0 0 0 0 0 0 0 0 0 0 0 0 0 0 0 0 0 0 0 0 0 0 0 0 0 0 0 0 0 0 0 0 0 0 0 0 0 0 0 0 0 0 0 0 0 0 0 0 0 0 0 0 0 0 0 0 0 0 0 0 0 0 0 0 0 0 0 0 0 0 0 0 0 0 0 0
0 0 0 0 0 0 0 0 0 0 0 0 0 0 0 0 0 0 0 0 0 0 0 0 0 0 0 0 0 0 0 0 0 0 0 0 0 0 0 0 0 0 0 0 0 0 0 0 0 0 0 0 0 0 0 0 0 0 0 0 0 0 0 0 0 0 0 0 0 0 0 0 0 0 0 0 0 0 0 0 0 0 0 0 0
