0 0 0 0 0 0 0 0 0 0 0 0 0 0 0 0 0 0 0 0 0 0 0 0 0 0 0 72 72 76 76 79 79 79 79 79 79 79 79 79 79 79 79 79 79 79 79 79 79 79 79 79 79 79 79 79 79 79 79 79 79 79 79 79 79 79 79 79 79 79 79 79 79 0 0 0 0 0 0 0 0 0 0 0 0
0 0 0 0 0 0 0 0 0 0 0 0 0 0 0 0 0 0 0 0 0 0 0 0 0 0 72 72 72 76 76 76 76 79 79 79 79 79 79 79 79 79 79 79 79 79 79 79 79 79 79 79 79 79 79 79 79 79 79 79 79 79 79 79 79 79 79 79 79 79 79 79 0 0 0 0 0 0 0 0 0 0 0 0 0
0 0 0 0 0 0 0 0 0 0 0 0 0 0 0 0 0 0 0 0 0 0 0 0 0 0 72 72 72 72 76 76 76 79 79 79 79 79 79 79 79 79 79 79 79 79 79 79 79 79 79 79 79 79 79 79 79 79 79 79 79 79 79 79 79 79 79 79 79 79 79 0 0 0 0 0 0 0 0 0 0 0 0 0 0
0 0 0 0 0 0 0 0 0 0 0 0 0 0 0 0 0 0 0 0 0 0 0 0 0 72 72 1 72 72 72 76 76 76 79 79 79 79 79 79 79 79 79 79 79 79 79 79 79 79 79 79 79 79 79 79 79 79 79 79 79 79 79 79 79 79 79 79 79 79 79 0 0 0 0 0 0 0 0 0 0 0 0 0 0
0 0 0 0 0 0 0 0 0 0 0 0 0 0 0 0 0 0 0 0 0 0 0 72 72 72 72 72 72 72 72 76 76 76 76 79 79 79 79 79 79 79 79 79 79 79 79 79 79 79 79 79 79 79 79 79 79 79 79 79 79 79 79 79 79 79 79 79 79 79 79 0 0 0 0 0 0 0 0 0 0 0 0 0 0
0 0 0 0 0 0 0 0 0 0 0 0 0 0 0 0 0 0 0 0 0 53 72 72 72 72 72 72 72 72 72 72 76 76 76 79 79 79 79 79 79 79 79 79 79 79 79 79 79 79 79 79 79 79 79 79 79 79 79 79 79 79 79 79 79 79 79 79 79 79 0 0 0 0 0 0 0 0 0 0 0 0 0 0 0
0 0 0 0 0 0 0 0 0 0 0 0 0 0 0 0 72 72 72 72 53 53 72 53 72 72 72 72 72 72 72 72 76 76 76 76 79 79 79 79 79 79 79 79 79 79 79 79 79 79 79 79 79 79 79 79 79 79 79 79 79 79 79 79 79 79 79 79 79 79 79 0 0 0 0 0 0 0 0 0 0 0 0 0 0
0 0 0 0 0 0 0 0 0 0 0 0 0 0 79 72 72 72 72 72 53 53 53 72 72 72 72 72 72 72 72 72 72 76 76 76 76 79 79 79 79 79 79 79 79 79 79 79 79 79 79 79 79 79 79 79 79 79 79 79 79 79 79 79 79 79 79 79 79 79 79 79 0 0 0 0 0 0 0 0 0 0 0 0 0
0 0 0 0 0 0 0 0 0 0 0 79 79 79 79 72 72 72 72 72 72 72 72 72 53 72 72 72 72 72 72 72 72 72 76 76 76 79 79 79 79 79 79 79 79 79 79 79 79 79 79 79 79 79 79 79 79 79 79 79 79 79 79 79 79 79 79 79 79 79 79 79 79 0 0 0 0 0 0 0 0 0 0 0 0
0 0 0 0 0 0 0 0 79 79 79 79 79 79 79 79 72 72 72 72 53 53 53 53 53 72 72 72 72 72 72 72 72 72 76 76 76 79 79 79 79 79 79 79 79 79 79 79 79 79 79 79 79 79 79 79 79 79 79 79 79 79 79 79 79 79 79 79 79 79 79 79 79 79 79 79 0 0 0 0 0 0 0 0 0
0 0 0 0 79 0 0 79 79 79 79 79 79 79 79 79 72 72 72 72 72 72 53 53 53 72 72 72 72 72 72 72 72 72 72 2 2 2 79 79 79 79 79 79 79 79 79 79 79 79 79 79 79 79 79 79 79 79 79 79 79 79 79 79 79 79 79 79 79 79 79 79 79 79 79 79 79 79 0 0 0 0 0 0 0
0 0 79 79 79 79 79 79 79 79 79 79 79 79 79 79 79 72 72 72 72 72 53 53 72 72 72 72 72 72 72 72 72 72 2 2 2 2 79 79 79 79 79 79 79 79 79 79 79 79 79 79 79 79 79 79 79 79 79 79 79 79 79 79 79 79 79 79 79 79 79 79 79 79 79 79 79 79 0 0 0 0 0 0 0
79 79 79 79 79 79 79 79 79 79 79 79 79 79 79 79 79 72 72 72 72 72 53 53 72 3 3 3 72 72 72 72 72 2 2 2 72 76 76 79 79 79 79 79 79 79 79 79 79 79 79 79 79 79 79 79 79 79 79 79 79 79 79 79 79 79 79 79 79 79 79 79 79 79 79 79 79 79 79 79 0 0 0 0 0
79 79 79 79 79 79 79 79 79 79 79 79 79 79 79 79 79 72 72 72 72 72 72 72 5 3 3 72 72 72 3 72 72 72 72 72 72 72 2 79 79 79 79 79 79 79 79 79 79 79 79 79 79 79 79 79 79 79 79 79 79 79 79 79 79 79 79 79 79 79 79 79 79 79 79 79 79 79 79 79 0 0 0 0 0
79 79 79 79 79 79 79 79 79 79 79 79 79 79 79 79 79 79 72 72 72 72 72 72 72 72 72 72 72 72 3 3 3 72 72 72 72 76 2 2 79 79 79 79 79 79 79 79 79 79 79 79 79 79 79 79 79 79 79 79 79 79 79 79 79 79 79 79 79 79 79 79 79 79 79 79 79 79 79 79 79 79 0 0 0
79 79 79 79 79 79 79 79 79 79 79 79 79 79 79 79 79 79 72 72 72 72 72 72 72 72 72 72 72 72 72 72 72 72 2 72 72 76 2 76 76 79 79 79 79 79 79 79 79 79 79 79 79 79 79 79 79 79 79 79 79 79 79 79 79 79 79 79 79 79 79 79 79 79 79 79 79 79 79 79 79 79 0 0 0
0 79 79 79 79 79 79 79 79 79 79 79 79 79 79 79 79 72 72 72 72 72 72 72 72 72 72 72 72 72 72 72 72 4 2 72 72 76 76 76 76 79 79 79 79 79 79 79 79 79 79 79 79 79 79 79 79 79 79 79 79 79 79 79 79 79 79 79 79 79 79 79 79 79 79 79 79 79 79 79 79 79 79 0 0
0 79 79 79 79 79 79 79 79 79 79 79 79 79 79 79 79 69 72 72 72 72 72 72 72 72 72 72 72 72 4 4 4 4 2 72 72 2 2 2 2 79 79 79 79 79 79 79 79 79 79 79 79 79 79 79 79 79 79 79 79 79 79 79 79 79 79 79 79 79 79 79 79 79 79 79 79 79 79 79 79 79 79 0 0
0 79 79 79 79 79 79 79 79 79 79 79 79 79 79 79 79 69 72 72 72 72 72 72 72 72 72 72 72 4 4 4 4 4 4 4 2 2 2 2 2 79 79 79 79 79 79 79 79 79 79 79 79 79 79 79 79 79 79 79 79 79 79 79 79 79 79 79 79 79 79 79 79 79 79 79 79 79 79 79 79 79 0 0 0
0 0 79 79 79 79 79 79 79 79 79 79 79 79 79 79 79 69 69 72 72 72 72 72 72 72 72 72 72 72 4 4 4 72 72 4 72 72 76 2 76 79 79 79 79 79 79 79 79 79 79 79 79 79 79 79 79 79 79 79 79 79 79 79 79 79 79 79 79 79 79 79 79 79 79 79 79 79 79 79 79 0 0 0 0
0 0 79 79 79 79 79 79 79 79 79 79 79 79 79 79 69 69 69 69 72 72 72 72 72 72 72 72 72 72 72 72 72 72 72 72 72 72 76 2 76 79 79 79 79 79 79 79 79 79 79 79 79 79 79 79 79 79 79 79 79 79 79 79 79 79 79 79 79 79 79 79 79 79 79 79 79 79 79 79 0 0 0 0 0
0 0 79 79 79 79 79 79 79 79 79 79 79 79 79 79 69 69 69 69 69 72 72 72 72 72 72 72 72 72 72 72 72 72 72 72 72 72 76 76 76 79 79 79 79 79 79 79 79 79 79 79 79 79 79 79 79 79 79 79 79 79 79 79 79 79 79 79 79 79 79 79 79 79 79 79 79 79 79 0 0 0 0 0 0
0 0 0 79 79 79 79 79 79 79 79 79 79 79 79 79 69 69 69 69 69 69 72 72 72 72 72 72 72 72 72 72 72 72 72 72 72 72 76 76 76 79 79 79 79 79 79 79 79 79 79 79 79 79 79 79 79 79 79 79 79 79 79 79 79 79 79 79 79 79 79 79 79 79 79 79 79 79 0 0 0 0 0 0 0
0 0 0 79 79 79 79 79 79 79 79 79 79 79 79 69 69 69 69 69 69 69 69 72 72 72 72 72 72 72 72 72 72 72 72 72 72 72 76 76 76 79 79 79 79 79 79 79 79 79 79 79 79 79 79 79 79 79 79 79 79 79 79 79 79 79 79 79 79 79 79 79 79 79 79 79 79 0 0 0 0 0 0 0 0
0 0 0 79 79 79 79 79 79 79 79 79 79 79 79 69 69 69 69 69 69 69 69 69 72 72 72 72 72 72 72 72 72 72 72 72 72 72 76 76 76 76 79 79 79 79 79 79 79 79 79 79 79 79 79 79 79 79 79 79 79 79 79 79 79 79 79 79 79 79 79 79 79 79 79 79 0 0 0 0 0 0 0 0 0
0 0 79 79 79 79 79 79 79 79 79 79 79 79 79 69 69 69 69 69 69 69 69 69 69 69 72 72 72 69 72 72 72 72 72 72 72 2 2 76 76 76 79 79 79 79 79 79 79 79 79 79 79 79 79 79 79 79 79 79 79 79 79 79 79 79 79 79 79 79 79 79 79 79 0 0 0 0 0 0 0 0 0 0 0
0 0 79 79 79 79 79 79 79 79 79 79 79 79 79 69 69 69 69 69 69 69 69 69 69 69 69 69 69 69 72 72 72 72 72 72 72 2 2 76 2 6 79 79 79 79 79 79 79 79 79 79 79 79 79 79 79 79 79 79 79 79 79 79 79 79 79 79 79 79 79 79 0 0 0 0 0 0 0 0 0 0 0 0 0
0 0 0 79 79 79 79 79 79 79 79 79 79 79 79 69 69 69 69 69 69 69 69 69 69 69 69 69 69 69 72 72 56 72 72 72 72 2 6 6 6 6 76 79 79 79 79 79 79 79 79 79 79 79 79 79 79 79 79 79 79 79 79 79 79 79 79 79 79 79 0 0 0 0 0 0 0 0 0 0 0 0 0 0 0
0 0 0 79 79 79 79 79 79 79 79 79 79 79 69 69 69 69 69 69 69 69 69 69 69 69 69 69 69 69 72 72 56 56 72 72 72 6 6 6 6 6 76 79 79 79 79 79 79 79 79 79 79 79 79 79 79 79 79 79 79 79 79 79 79 79 79 79 79 79 0 0 0 0 0 0 0 0 0 0 0 0 0 0 0
0 0 0 79 79 79 79 79 79 79 79 79 79 79 69 69 69 69 69 69 69 69 69 69 69 69 69 69 69 69 72 56 56 56 72 72 72 6 6 6 6 6 76 79 79 79 79 79 79 79 79 79 79 79 79 79 79 79 79 79 79 79 79 79 79 79 79 79 0 0 0 0 0 0 0 0 0 0 0 0 0 0 0 0 0
0 0 79 79 79 79 79 79 79 79 79 79 79 79 69 69 69 69 69 69 69 69 69 69 69 69 69 69 69 69 72 56 56 72 72 72 72 6 6 6 6 6 76 79 79 79 79 79 79 79 79 79 79 79 79 79 79 79 79 79 79 79 79 79 79 79 79 0 0 0 0 0 0 0 0 0 0 0 0 0 0 0 0 0 0
0 0 0 79 79 79 79 79 79 79 79 79 79 79 69 69 69 69 69 69 69 69 69 69 69 69 69 69 69 69 69 72 72 72 72 72 72 6 6 6 6 6 6 79 79 79 79 79 79 79 79 79 79 79 79 79 79 79 79 79 79 79 79 79 79 79 79 0 0 0 0 0 0 0 0 0 0 0 0 0 0 0 0 0 0
0 0 0 79 79 79 79 79 79 79 79 79 79 79 69 69 69 69 69 69 69 69 74 74 74 74 69 69 69 69 69 69 72 72 72 72 72 6 6 6 6 6 6 79 79 79 79 79 79 79 79 79 79 79 79 79 79 79 79 79 79 79 79 79 79 79 79 0 0 0 0 0 0 0 0 0 0 0 0 0 0 0 0 0 0
0 0 79 79 79 79 79 79 79 79 79 79 79 79 69 69 69 69 74 74 74 74 74 74 74 74 69 69 69 69 69 69 69 72 72 72 72 6 6 6 6 6 6 79 79 79 79 79 79 79 79 79 79 79 79 79 79 79 79 79 79 79 79 79 79 79 79 79 0 0 0 0 0 0 0 0 0 0 0 0 0 0 0 0 0
0 0 79 79 79 79 79 79 79 79 79 79 79 79 69 69 69 69 74 74 74 74 74 74 74 69 69 69 60 69 69 69 69 69 69 72 72 72 6 6 6 6 6 79 79 79 79 79 79 79 79 79 79 79 79 79 79 79 79 79 79 79 79 79 79 79 79 79 0 0 0 0 0 0 0 0 0 0 0 0 0 0 0 0 0
0 0 79 79 79 79 79 79 79 79 79 79 79 79 69 69 69 69 74 74 74 74 74 74 74 69 69 69 69 69 69 69 69 69 69 69 72 72 72 72 72 72 6 79 79 79 79 79 79 79 79 79 79 79 79 79 79 79 79 79 79 79 79 79 79 79 79 79 79 0 0 0 0 0 0 0 0 0 0 0 0 0 0 0 0
0 0 79 79 79 79 79 79 79 79 79 79 79 79 79 69 69 74 74 74 74 74 74 74 74 69 69 69 69 69 69 69 69 69 69 69 69 72 72 72 72 72 76 79 79 79 79 79 79 79 79 79 79 79 79 79 79 79 79 79 79 79 79 79 79 79 79 79 79 0 0 0 0 0 0 0 0 0 0 0 0 0 0 0 0
0 0 79 79 79 79 79 79 79 79 79 79 79 79 79 69 69 74 74 74 74 74 74 74 74 74 74 74 69 69 69 69 69 69 69 69 69 69 72 72 72 72 76 79 79 79 79 79 79 79 79 79 79 79 79 79 79 79 79 79 79 79 79 79 79 79 79 79 79 0 0 0 0 0 0 0 0 0 0 0 0 0 0 0 0
0 0 79 79 79 79 79 79 79 79 79 79 79 79 79 69 74 74 74 74 74 74 74 74 74 74 74 74 74 74 69 69 69 69 69 69 69 69 69 72 72 76 76 79 79 79 79 79 79 79 79 79 79 79 79 79 79 79 79 79 79 79 79 79 79 79 79 79 79 79 0 0 0 0 0 0 0 0 0 0 0 0 0 0 0
0 79 79 79 79 79 79 79 79 79 79 79 79 79 79 79 74 74 74 74 74 74 74 74 74 74 74 74 74 74 69 69 69 69 69 69 69 69 69 72 7 7 76 79 79 79 79 79 79 79 79 79 79 79 79 79 79 79 79 79 79 79 79 79 79 79 79 79 79 79 79 0 0 0 0 0 0 0 0 0 0 0 0 0 0
0 79 79 79 79 79 79 79 79 79 79 79 79 79 79 79 74 74 74 74 74 74 74 74 74 74 74 74 74 74 74 69 69 69 69 69 69 78 78 7 7 7 79 79 79 79 79 79 79 79 79 79 79 79 79 79 79 79 79 79 79 79 79 79 79 79 79 79 79 79 79 0 0 0 0 0 0 0 0 0 0 0 0 0 0
0 0 79 79 79 79 79 79 79 79 79 79 79 79 79 79 79 74 74 74 74 74 74 74 74 74 74 74 74 74 74 78 69 69 69 78 78 78 7 7 76 76 79 79 79 79 79 79 79 79 79 79 79 79 79 79 79 79 79 79 79 79 79 79 79 79 79 79 79 79 79 0 0 0 0 0 0 0 0 0 0 0 0 0 0
0 0 0 79 79 79 79 79 79 79 79 79 79 79 79 79 79 79 74 74 74 74 74 74 74 74 74 74 74 74 74 74 78 78 78 78 78 78 7 7 76 76 76 79 79 79 79 79 79 79 79 79 79 79 79 79 79 79 79 79 79 79 79 79 79 79 79 79 79 79 79 0 0 0 0 0 0 0 0 0 0 0 0 0 0
0 0 0 79 79 79 79 79 79 79 79 79 79 79 79 79 79 79 79 74 74 74 74 74 74 74 74 74 74 74 74 74 78 78 78 78 78 78 7 7 7 76 76 76 79 79 79 79 79 79 79 79 79 79 79 79 79 79 79 79 79 79 79 79 79 79 79 79 79 79 79 79 0 0 0 0 0 0 0 0 0 0 0 0 0
0 79 79 79 79 79 79 79 79 79 79 79 79 79 79 79 79 79 79 74 74 74 74 74 74 74 74 74 74 74 74 74 78 78 78 78 78 78 78 7 76 7 7 7 76 79 79 79 79 79 79 79 79 79 79 79 79 79 79 79 79 79 79 79 79 79 79 79 79 79 79 79 79 0 0 0 0 0 0 0 0 0 0 0 0
0 79 79 79 79 79 79 79 79 79 79 79 79 79 79 79 79 79 79 79 74 74 74 74 74 74 74 74 74 74 74 74 78 78 78 78 78 78 78 8 7 76 7 7 76 76 79 79 79 79 79 79 79 79 79 79 79 79 79 79 79 79 79 79 79 79 79 79 79 79 79 79 79 0 0 0 0 0 0 0 0 0 0 0 0
0 79 79 79 79 79 79 79 79 79 79 79 79 79 79 79 79 79 79 79 74 74 74 74 74 74 74 74 74 74 74 74 78 78 78 78 78 78 78 78 76 76 76 76 76 76 76 76 79 79 79 79 79 79 79 79 79 79 79 79 79 79 79 79 79 79 79 79 79 79 79 79 79 0 0 0 0 0 0 0 0 0 0 0 0
0 79 79 79 79 79 79 79 79 79 79 79 79 79 79 79 79 79 79 79 74 74 74 9 74 74 74 74 74 74 74 74 74 74 78 78 78 78 78 78 76 76 76 76 76 76 76 76 79 79 79 79 79 79 79 79 79 79 79 79 79 79 79 79 79 79 79 79 79 79 79 79 79 0 0 0 0 0 0 0 0 0 0 0 0
79 79 79 79 79 79 79 79 79 79 79 79 79 79 79 79 79 79 79 79 74 74 74 74 74 74 74 74 74 74 74 74 74 74 74 78 78 78 78 78 76 76 76 76 76 76 76 76 79 79 79 79 79 79 79 79 79 79 79 79 79 79 79 79 79 79 79 79 79 79 79 79 79 79 0 0 0 0 0 0 0 0 0 0 0
79 79 79 79 79 79 79 79 79 79 79 79 79 79 79 79 79 79 79 79 74 74 74 74 74 74 74 74 74 74 74 74 74 74 74 78 8 78 78 78 78 76 76 76 76 76 76 76 79 79 79 79 79 79 79 79 79 79 79 79 79 79 79 79 79 79 79 79 79 79 79 79 79 79 79 0 0 0 0 0 0 0 0 0 0
79 79 79 79 79 79 79 79 79 79 79 79 79 79 79 79 79 79 79 79 74 74 74 74 74 74 74 74 74 74 74 74 74 74 74 78 78 78 78 78 78 76 76 76 76 76 76 76 79 79 79 79 79 79 79 79 79 79 79 79 79 79 79 79 79 79 79 79 79 79 79 79 79 79 79 0 0 0 0 0 0 0 0 0 0
79 79 79 79 79 79 79 79 79 79 79 79 79 79 79 79 79 79 79 79 74 74 74 64 74 74 74 74 74 74 74 74 74 74 74 78 78 78 78 78 78 78 76 76 76 76 76 76 79 79 79 79 79 79 79 79 79 79 79 79 79 79 79 79 79 79 79 79 79 79 79 79 79 79 0 0 0 0 0 0 0 0 0 0 0
79 79 79 79 79 79 79 79 79 79 79 79 79 79 79 79 79 79 79 79 74 74 74 74 74 74 74 74 74 74 74 74 74 74 74 78 78 78 78 78 78 78 76 76 76 76 76 76 79 79 79 79 79 79 79 79 79 79 79 79 79 79 79 79 79 79 79 79 79 79 79 79 79 79 0 0 0 0 0 0 0 0 0 0 0
79 79 79 79 79 79 79 79 79 79 79 79 79 79 79 79 79 79 79 79 74 74 74 74 74 74 74 74 74 74 74 74 74 74 74 78 78 78 78 78 78 78 76 76 76 76 76 76 79 79 79 79 79 79 79 79 79 79 79 79 79 79 79 79 79 79 79 79 79 79 79 79 0 0 0 0 0 0 0 0 0 0 0 0 0
79 79 79 79 79 79 79 79 79 79 79 79 79 79 79 79 79 79 79 79 74 74 74 74 74 74 74 74 74 74 74 74 74 74 74 78 78 78 78 78 78 78 76 76 76 76 76 76 79 79 79 79 79 79 79 79 79 79 79 79 79 79 79 79 79 79 79 79 79 79 79 79 0 0 0 0 0 0 0 0 0 0 0 0 0
0 79 79 79 79 79 79 79 79 79 79 79 79 79 79 79 79 79 79 79 74 74 74 74 74 74 74 74 74 74 74 74 74 74 74 78 78 78 78 78 78 78 76 76 76 76 76 79 79 79 79 79 79 79 79 79 79 79 79 79 79 79 79 79 79 79 79 79 79 79 79 79 79 0 0 0 0 0 0 0 0 0 0 0 0
0 0 79 79 79 79 79 79 79 79 79 79 79 79 79 79 79 79 79 79 74 74 74 74 74 74 74 74 74 74 74 74 74 74 78 78 78 78 78 78 78 78 76 76 76 76 76 79 79 79 79 79 79 79 79 79 79 79 79 79 79 79 79 79 79 79 79 79 79 79 79 79 79 0 0 0 0 0 0 0 0 0 0 0 0
0 0 79 79 79 79 79 79 79 79 79 79 79 79 79 79 79 79 79 74 74 74 74 74 74 74 74 74 74 74 74 74 74 74 78 78 78 78 78 78 78 78 76 76 76 76 76 79 79 79 79 79 79 79 79 79 79 79 79 79 79 79 79 79 79 79 79 79 79 79 79 79 79 0 0 0 0 0 0 0 0 0 0 0 0
0 0 79 79 79 79 79 79 79 79 79 79 79 79 79 79 79 79 79 74 74 74 74 74 74 74 74 74 74 74 74 74 74 74 74 78 78 78 78 78 78 78 76 76 76 76 79 79 79 79 79 79 79 79 79 79 79 79 79 79 79 79 79 79 79 79 79 79 79 79 79 79 79 0 0 0 0 0 0 0 0 0 0 0 0
0 79 79 79 79 79 79 79 79 79 79 79 79 79 79 79 79 79 79 69 69 74 74 74 74 74 74 74 74 74 74 74 74 74 78 78 78 78 78 78 78 78 76 76 76 76 79 79 79 79 79 79 79 79 79 79 79 79 79 79 79 79 79 79 79 79 79 79 79 79 79 79 79 0 0 0 0 0 0 0 0 0 0 0 0
79 79 79 79 79 79 79 79 79 79 79 79 79 79 79 79 79 79 69 69 69 69 69 74 74 74 74 74 74 74 74 74 74 74 78 78 78 78 78 78 78 78 10 10 10 76 79 79 79 79 79 79 79 79 79 79 79 79 79 79 79 79 79 79 79 79 79 79 79 79 79 79 79 0 0 0 0 0 0 0 0 0 0 0 0
79 79 79 79 79 79 79 79 79 79 79 79 79 79 79 79 79 79 69 69 69 69 69 69 74 74 69 69 69 74 74 74 74 78 78 78 78 78 78 78 78 78 76 76 76 76 79 79 79 79 79 79 79 79 79 79 79 79 79 79 79 79 79 79 79 79 79 79 79 79 79 79 79 79 0 0 0 0 0 0 0 0 0 0 0
79 79 79 79 79 79 79 79 79 79 79 79 79 79 79 79 79 69 69 69 69 69 69 64 74 69 69 69 69 69 74 74 74 78 78 78 78 78 78 78 78 78 76 76 76 79 79 79 79 79 79 79 79 79 79 79 79 79 79 79 79 79 79 79 79 79 79 79 79 79 79 79 79 79 79 0 0 0 0 0 0 0 0 0 0
79 79 79 79 79 79 79 79 79 79 79 79 79 79 79 79 69 69 69 69 69 69 69 69 64 69 69 69 69 69 69 74 74 78 78 78 78 78 78 78 78 76 76 76 76 79 79 79 79 79 79 79 79 79 79 79 79 79 79 79 79 79 79 79 79 79 79 79 79 79 79 79 79 79 79 0 0 0 0 0 0 0 0 0 0
79 79 79 79 79 79 79 79 79 79 79 79 79 79 79 79 69 69 69 69 69 69 69 69 64 69 69 69 69 69 69 69 74 78 78 78 78 78 78 78 78 76 76 76 76 79 79 79 79 79 79 79 79 79 79 79 79 79 79 79 79 79 79 79 79 79 79 79 79 79 79 79 79 79 79 79 0 0 0 0 0 0 0 0 0
79 79 79 79 79 79 79 79 79 79 79 79 79 79 79 79 69 11 11 69 69 69 69 69 69 69 69 69 69 69 69 69 78 78 78 78 78 78 78 78 78 76 76 76 76 79 79 79 79 79 79 79 79 79 79 79 79 79 79 79 79 79 79 79 79 79 79 79 79 79 79 79 79 79 79 79 79 0 0 0 0 0 0 0 0
79 79 79 79 79 79 79 79 79 79 79 79 79 79 79 79 69 11 11 11 69 69 69 69 69 69 69 69 69 69 69 69 78 78 78 78 78 78 78 78 78 76 76 76 76 79 79 79 79 79 79 79 79 79 79 79 79 79 79 79 79 79 79 79 79 79 79 79 79 79 79 79 79 79 79 79 79 0 0 0 0 0 0 0 0
79 79 79 79 79 79 79 79 79 79 79 79 79 79 79 79 69 69 11 11 11 69 69 69 69 69 69 69 69 69 69 69 78 78 78 78 78 76 76 78 78 76 76 76 79 79 79 79 79 79 79 79 79 79 79 79 79 79 79 79 79 79 79 79 79 79 79 79 79 79 79 79 79 79 79 79 79 79 0 0 0 0 0 0 0
0 79 79 79 79 79 79 79 79 79 79 79 79 79 79 79 69 69 69 69 69 69 69 69 69 69 69 80 69 69 69 78 78 78 78 78 76 76 76 76 78 76 76 76 79 79 79 79 79 79 79 79 79 79 79 79 79 79 79 79 79 79 79 79 79 79 79 79 79 79 79 79 79 79 79 79 79 0 0 0 0 0 0 0 0
0 0 79 79 79 79 79 79 79 79 79 79 79 79 79 79 79 69 69 69 69 69 69 69 69 69 69 80 69 69 69 69 78 78 78 78 76 76 76 76 76 76 76 76 76 79 79 79 79 79 79 79 79 79 79 79 79 79 79 79 79 79 79 79 79 79 79 79 79 79 79 79 79 79 79 79 79 79 0 0 0 0 0 0 0
79 79 79 79 79 79 79 79 79 79 79 79 79 79 79 79 79 79 69 69 69 69 69 69 69 69 80 80 69 69 69 69 78 78 78 78 76 76 76 76 76 76 76 76 76 79 79 79 79 79 79 79 79 79 79 79 79 79 79 79 79 79 79 79 79 79 79 79 79 79 79 79 79 79 79 79 79 79 0 0 0 0 0 0 0
79 79 79 79 79 79 79 79 79 79 79 79 79 79 79 79 79 79 79 79 69 69 69 69 69 69 80 80 69 69 69 69 78 78 78 78 76 76 76 76 76 76 10 10 76 79 79 79 79 79 79 79 79 79 79 79 79 79 79 79 79 79 79 79 79 79 79 79 79 79 79 79 79 79 79 79 79 79 79 0 0 0 0 0 0
79 79 79 79 79 79 79 79 79 79 79 79 79 79 79 79 79 79 79 79 79 79 69 69 69 69 69 80 69 69 69 69 80 80 80 80 76 76 76 76 76 76 76 76 76 79 79 79 79 79 79 79 79 79 79 79 79 79 79 79 79 79 79 79 79 79 79 79 79 79 79 79 79 79 79 79 79 79 79 0 0 0 0 0 0
79 79 79 79 79 79 79 79 79 79 79 79 79 79 79 79 79 79 79 79 79 79 79 69 69 69 80 80 69 69 69 69 80 80 80 80 80 76 76 76 76 76 76 76 76 79 79 79 79 79 79 79 79 79 79 79 79 79 79 79 79 79 79 79 79 79 79 79 79 79 79 79 79 79 79 79 79 79 79 0 0 0 0 0 0
79 79 79 79 79 79 79 79 79 79 79 79 79 79 79 79 79 79 79 79 79 79 79 69 69 69 80 80 80 80 80 80 80 80 80 80 80 76 76 76 76 76 76 10 79 79 79 79 79 79 79 79 79 79 79 79 79 79 79 79 79 79 79 79 79 79 79 79 79 79 79 79 79 79 79 79 79 79 0 0 0 0 0 0 0
79 79 79 79 79 79 79 79 79 79 79 79 79 79 79 79 79 79 79 79 79 79 79 79 69 69 80 80 80 80 80 80 80 80 80 80 80 80 76 76 76 76 76 76 79 79 79 79 79 79 79 79 79 79 79 79 79 79 79 79 79 79 79 79 79 79 79 79 79 79 79 79 79 79 0 0 0 0 0 0 0 0 0 0 0
79 79 79 79 79 79 79 79 79 79 79 79 79 79 79 79 79 79 79 79 79 79 79 79 69 80 80 80 80 80 80 80 80 80 80 80 80 80 76 76 76 76 76 76 79 79 79 79 79 79 79 79 79 79 79 79 79 79 79 79 79 79 79 79 79 79 79 79 79 79 79 79 0 0 0 0 0 0 0 0 0 0 0 0 0
79 79 79 79 79 79 79 79 79 79 79 79 79 79 79 79 79 79 79 79 79 79 79 79 79 80 80 80 80 80 80 80 80 80 80 80 80 80 80 76 76 76 76 79 79 79 79 79 79 79 79 79 79 79 79 79 79 79 79 79 79 79 79 79 79 79 79 79 79 79 79 0 0 0 0 0 0 0 0 0 0 0 0 0 0
79 79 79 79 79 79 79 79 79 79 79 79 79 79 79 79 79 79 79 79 79 79 79 79 79 80 80 80 80 80 80 80 80 80 80 80 80 80 80 76 76 76 76 79 79 79 79 79 79 79 79 79 79 79 79 79 79 79 79 79 79 79 79 79 79 79 79 79 79 79 79 0 0 0 0 0 0 0 0 0 0 0 0 0 0
79 79 79 79 79 79 79 79 79 79 79 79 79 79 79 79 79 79 79 79 79 79 79 79 79 80 80 80 80 80 80 80 80 80 80 80 80 80 80 80 12 76 12 79 79 79 79 79 79 79 79 79 79 79 79 79 79 79 79 79 79 79 79 79 79 79 79 79 79 79 79 79 0 0 0 0 0 0 0 0 0 0 0 0 0
79 79 79 79 79 79 79 79 79 79 79 79 79 79 79 79 79 79 79 79 79 79 79 79 79 80 80 80 80 80 80 80 80 80 80 80 80 80 80 80 76 76 12 76 79 79 79 79 79 79 79 79 79 79 79 79 79 79 79 79 79 79 79 79 79 79 79 79 79 79 79 79 0 0 0 0 0 0 0 0 0 0 0 0 0
79 79 79 79 79 79 79 79 79 79 79 79 79 79 79 79 79 79 79 79 79 79 79 79 79 80 80 80 80 80 80 80 80 80 80 80 80 80 80 80 80 76 76 12 79 79 79 79 79 79 79 79 79 79 79 79 79 79 79 79 79 79 79 79 79 79 79 79 79 79 79 79 0 0 0 0 0 0 0 0 0 0 0 0 0
79 79 79 79 79 79 79 79 79 79 79 79 79 79 79 79 79 79 79 79 79 79 79 79 79 80 80 80 80 80 80 80 80 80 80 80 80 80 80 80 80 76 76 76 76 79 79 79 79 79 79 79 79 79 79 79 79 79 79 79 79 79 79 79 79 79 79 79 79 79 79 79 0 0 0 0 0 0 0 0 0 0 0 0 0
79 79 79 79 79 79 79 79 79 79 79 79 79 79 79 79 79 79 79 79 79 79 79 79 79 80 80 80 80 80 80 80 80 80 80 80 80 80 80 80 76 76 76 76 76 79 79 79 79 79 79 79 79 79 79 79 79 79 79 79 79 79 79 79 79 79 79 79 79 79 79 79 79 0 0 0 0 0 0 0 0 0 0 0 0
79 79 79 79 79 79 79 79 79 79 79 79 79 79 79 79 79 79 79 79 79 79 79 79 79 80 80 80 80 80 80 80 80 80 80 80 80 80 80 80 76 76 76 76 76 76 79 79 79 79 79 79 79 79 79 79 79 79 79 79 79 79 79 79 79 79 79 79 79 79 79 79 79 0 0 0 0 0 0 0 0 0 0 0 0
79 79 79 79 79 79 79 79 79 79 79 79 79 79 79 79 79 79 79 79 79 79 79 79 79 80 80 80 80 80 80 80 80 80 80 80 80 80 80 80 76 76 76 76 76 76 79 79 79 79 79 79 79 79 79 79 79 79 79 79 79 79 79 79 79 79 79 79 79 79 79 79 79 79 0 0 0 0 0 0 0 0 0 0 0
79 79 79 79 79 79 79 79 79 79 79 79 79 79 79 79 79 79 79 79 79 79 79 79 79 80 80 80 80 80 80 80 80 15 80 80 80 80 80 80 76 76 76 76 76 76 79 79 79 79 79 79 79 79 79 79 79 79 79 79 79 79 79 79 79 79 79 79 79 79 79 79 79 79 79 79 0 0 0 0 0 0 0 0 0
79 79 79 79 79 79 79 79 79 79 79 79 79 79 79 79 79 79 79 79 79 79 79 79 69 80 80 80 80 80 80 80 80 15 80 15 15 80 80 76 76 76 76 76 76 79 79 79 79 79 79 79 79 79 79 79 79 79 79 79 79 79 79 79 79 79 79 79 79 79 79 79 79 79 79 79 79 0 0 0 0 0 0 0 0
79 79 79 79 79 79 79 79 79 79 79 79 79 79 79 79 79 79 79 79 79 79 79 79 69 80 80 80 80 80 80 80 80 80 15 15 15 13 13 12 12 76 76 76 76 79 79 79 79 79 79 79 79 79 79 79 79 79 79 79 79 79 79 79 79 79 79 79 79 79 79 79 79 79 79 79 79 79 0 0 0 0 0 0 0
79 79 79 79 79 79 79 79 79 79 79 79 79 79 79 79 79 79 79 79 79 79 79 79 69 80 80 80 80 80 80 80 80 80 15 15 15 13 13 13 13 13 76 76 76 79 79 79 79 79 79 79 79 79 79 79 79 79 79 79 79 79 79 79 79 79 79 79 79 79 79 79 79 79 79 79 79 79 0 0 0 0 0 0 0
79 79 79 79 79 79 79 79 79 79 79 79 79 79 79 79 79 79 79 79 79 79 79 79 69 80 80 80 80 80 80 80 80 80 80 80 13 13 13 13 13 76 76 76 79 79 79 79 79 79 79 79 79 79 79 79 79 79 79 79 79 79 79 79 79 79 79 79 79 79 79 79 79 79 79 79 79 79 0 0 0 0 0 0 0
79 79 79 79 79 79 79 79 79 79 79 79 79 79 79 79 79 79 79 79 79 79 79 79 69 80 80 80 80 80 80 80 80 80 80 80 80 80 80 80 76 76 76 76 79 79 79 79 79 79 79 79 79 79 79 79 79 79 79 79 79 79 79 79 79 79 79 79 79 79 79 79 79 79 79 79 79 79 79 0 0 0 0 0 0
79 79 79 79 79 79 79 79 79 79 79 79 79 79 79 79 79 79 79 79 79 79 79 79 69 80 80 80 80 80 80 80 80 80 80 80 80 80 80 80 76 76 76 79 79 79 79 79 79 79 79 79 79 79 79 79 79 79 79 79 79 79 79 79 79 79 79 79 79 79 79 79 79 79 79 79 79 79 79 79 0 0 0 0 0
79 79 79 79 79 79 79 79 79 79 79 79 79 79 79 79 79 79 79 79 79 79 79 69 69 80 80 80 80 80 80 80 80 80 80 80 80 80 80 80 76 76 76 79 79 79 79 79 79 79 79 79 79 79 79 79 79 79 79 79 79 79 79 79 79 79 79 79 79 79 79 79 79 79 79 79 79 79 79 79 0 0 0 0 0
79 79 79 79 79 79 79 79 79 79 79 79 79 79 79 79 79 79 79 79 79 79 79 69 69 80 80 80 80 80 80 80 80 80 80 80 80 80 80 80 80 76 76 79 79 79 79 79 79 79 79 79 79 79 79 79 79 79 79 79 79 79 79 79 79 79 79 79 79 79 79 79 79 79 79 79 79 79 79 79 79 0 0 0 0
79 79 79 79 79 79 79 79 79 79 79 79 79 79 79 79 79 79 79 79 79 79 79 69 69 80 80 80 80 80 80 80 80 80 80 80 80 80 80 80 80 76 76 79 79 79 79 79 79 79 79 79 79 79 79 79 79 79 79 79 79 79 79 79 79 79 79 79 79 79 79 79 79 79 79 79 79 79 79 79 79 0 0 0 0
79 79 79 79 79 79 79 79 79 79 79 79 79 79 79 79 79 79 79 79 79 79 79 69 69 80 80 80 80 80 80 80 80 80 80 80 80 80 80 80 80 80 76 79 79 79 79 79 79 79 79 79 79 79 79 79 79 79 79 79 79 79 79 79 79 79 79 79 79 79 79 79 79 79 79 79 79 79 79 79 79 0 0 0 0
79 79 79 79 79 79 79 79 79 79 79 79 79 79 79 79 79 79 79 79 79 79 79 57 69 80 80 80 80 80 80 80 80 80 80 80 80 80 80 80 80 80 79 79 79 79 79 79 79 79 79 79 79 79 79 79 79 79 79 79 79 79 79 79 79 79 79 79 79 79 79 79 79 79 79 79 79 79 79 79 79 79 0 0 0
79 79 79 79 79 79 79 79 79 79 79 79 79 79 79 79 79 79 79 79 79 79 79 57 57 80 80 80 80 80 80 80 80 80 80 80 80 80 80 80 80 80 79 79 79 79 79 79 79 79 79 79 79 79 79 79 79 79 79 79 79 79 79 79 79 79 79 79 79 79 79 79 79 79 79 79 79 79 79 79 79 0 0 0 0
79 79 79 79 79 79 79 79 79 79 79 79 79 79 79 79 79 79 79 79 79 79 79 75 75 75 75 75 80 80 80 80 80 80 80 80 80 80 80 80 80 80 79 79 79 79 79 79 79 79 79 79 79 79 79 79 79 79 79 79 79 79 79 79 79 79 79 79 79 79 79 79 79 79 79 79 79 79 79 79 79 0 0 0 0
79 79 79 79 79 79 79 79 79 79 79 79 79 79 79 79 79 79 79 79 79 79 79 75 57 57 75 75 80 80 80 80 80 80 80 80 80 80 80 80 80 80 79 79 79 79 79 79 79 79 79 79 79 79 79 79 79 79 79 79 79 79 79 79 79 79 79 79 79 79 79 79 79 79 79 79 79 79 79 79 79 79 0 0 0
79 79 79 79 79 79 79 79 79 79 79 79 79 79 79 79 79 79 79 79 79 79 79 75 57 57 75 75 75 80 80 80 80 80 80 80 80 80 80 80 80 80 79 79 79 79 79 79 79 79 79 79 79 79 79 79 79 79 79 79 79 79 79 79 79 79 79 79 79 79 79 79 79 79 79 79 79 79 79 79 79 79 0 0 0
79 79 79 79 79 79 79 79 79 79 79 79 79 79 79 79 79 79 79 79 79 79 79 75 75 75 52 52 52 52 52 52 52 80 80 80 80 80 80 80 80 80 79 79 79 79 79 79 79 79 79 79 79 79 79 79 79 79 79 79 79 79 79 79 79 79 79 79 79 79 79 79 79 79 79 79 79 79 79 79 79 79 0 0 0
79 79 79 79 79 79 79 79 79 79 79 79 79 79 79 79 79 79 79 79 79 79 79 75 75 75 52 52 52 52 52 52 52 75 75 80 80 80 80 80 80 80 79 79 79 79 79 79 79 79 79 79 79 79 79 79 79 79 79 79 79 79 79 79 79 79 79 79 79 79 79 79 79 79 79 79 79 79 79 79 79 79 0 0 0
79 79 79 79 79 79 79 79 79 79 79 79 79 79 79 79 79 79 79 79 79 79 75 75 75 75 52 52 52 52 52 52 52 75 75 75 75 80 80 80 80 80 79 79 79 79 79 79 79 79 79 79 79 79 79 79 79 79 79 79 79 79 79 79 79 79 79 79 79 79 79 79 79 79 79 79 79 79 79 79 79 79 0 0 0
79 79 79 79 79 79 79 79 79 79 79 79 79 79 79 79 79 79 79 79 79 79 75 75 75 75 52 52 52 52 52 52 52 75 75 75 75 75 80 77 77 77 79 79 79 79 79 79 79 79 79 79 79 79 79 79 79 79 79 79 79 79 79 79 79 79 79 79 79 79 79 79 79 79 79 79 79 79 79 79 79 79 79 79 0
79 79 79 79 79 79 79 79 79 79 79 79 79 79 79 79 79 79 79 79 79 79 75 75 75 75 52 52 52 52 52 52 52 75 75 75 75 75 75 77 77 77 79 79 79 79 79 79 79 79 79 79 79 79 79 79 79 79 79 79 79 79 79 79 79 79 79 79 79 79 79 79 79 79 79 79 79 79 79 79 79 79 79 79 0
79 79 79 79 79 79 79 79 79 79 79 79 79 79 79 79 79 79 79 79 79 79 75 16 75 75 75 75 75 16 16 16 16 75 75 75 75 75 75 75 77 77 79 79 79 79 79 79 79 79 79 79 79 79 79 79 79 79 79 79 79 79 79 79 79 79 79 79 79 79 79 79 79 79 79 79 79 79 79 79 79 79 79 79 0
79 79 79 79 79 79 79 79 79 79 79 79 79 79 79 79 79 79 79 79 79 79 75 17 16 16 75 75 75 75 75 75 75 75 75 75 75 75 75 77 77 77 77 79 79 79 79 79 79 79 79 79 79 79 79 79 79 79 79 79 79 79 79 79 79 79 79 79 79 79 79 79 79 79 79 79 79 79 79 79 79 79 79 79 79
79 79 79 79 79 79 79 79 79 79 79 79 79 79 79 79 79 79 79 79 79 75 75 17 17 17 75 75 75 75 75 75 75 75 75 75 75 75 75 77 77 77 77 79 79 79 79 79 79 79 79 79 79 79 79 79 79 79 79 79 79 79 79 79 79 79 79 79 79 79 79 79 79 79 79 79 79 79 79 79 79 79 79 79 79
79 79 79 79 79 79 79 79 79 79 79 79 79 79 79 79 79 79 79 79 79 75 75 75 17 75 75 75 75 75 75 75 75 75 75 75 75 75 75 77 77 77 77 77 77 79 79 79 79 79 79 79 79 79 79 79 79 79 79 79 79 79 79 79 79 79 79 79 79 79 79 79 79 79 79 79 79 79 79 79 79 79 79 79 79
79 79 79 79 79 79 79 79 79 79 79 79 79 79 79 79 79 79 79 79 79 75 17 17 17 75 75 75 75 75 75 75 75 75 75 75 75 75 75 77 77 77 77 77 77 77 79 79 79 79 79 79 79 79 79 79 79 79 79 79 79 79 79 79 79 79 79 79 79 79 79 79 79 79 79 79 79 79 79 79 79 79 79 79 79
79 79 79 79 79 79 79 79 79 79 79 79 79 79 79 79 79 79 79 79 75 75 17 17 17 17 75 75 75 75 75 75 75 75 75 75 75 75 75 75 77 77 77 77 77 77 79 79 79 79 79 79 79 79 79 79 79 79 79 79 79 79 79 79 79 79 79 79 79 79 79 79 79 79 79 79 79 79 79 79 79 79 79 0 0
79 79 79 79 79 79 79 79 79 79 79 79 79 79 79 79 79 79 79 79 75 75 75 17 17 17 75 75 75 75 75 75 75 75 75 75 75 75 75 77 77 77 77 77 77 77 79 79 79 79 79 79 79 79 79 79 79 79 79 79 79 79 79 79 79 79 79 79 79 79 79 79 79 79 79 79 79 79 79 79 79 79 79 0 0
79 79 79 79 79 79 79 79 79 79 79 79 79 79 79 79 79 79 79 79 75 75 75 75 75 75 75 75 75 75 75 75 75 75 75 75 75 75 75 77 77 77 77 77 77 77 79 79 79 79 79 79 79 79 79 79 79 79 79 79 79 79 79 79 79 79 79 79 79 79 79 79 79 79 79 79 79 79 79 79 79 79 79 0 0
79 79 79 79 79 79 79 79 79 79 79 79 79 79 79 79 79 79 79 79 75 75 75 75 75 75 75 75 75 75 75 75 75 75 75 75 75 75 75 77 77 77 77 77 77 77 79 79 79 79 79 79 79 79 79 79 79 79 79 79 79 79 79 79 79 79 79 79 79 79 79 79 79 79 79 79 79 79 79 79 79 79 79 79 0
79 79 79 79 79 79 79 79 79 79 79 79 79 79 79 79 79 79 79 79 75 75 75 75 75 75 75 75 75 75 75 75 75 75 75 75 75 75 77 77 77 77 77 77 77 77 77 79 79 79 79 79 79 79 79 79 79 79 79 79 79 79 79 79 79 79 79 79 79 79 79 79 79 79 79 79 79 79 79 79 79 79 79 79 0
79 79 79 79 79 79 79 79 79 79 79 79 79 79 79 79 79 79 79 79 75 75 75 75 75 75 75 75 75 75 75 75 75 75 75 75 75 75 77 77 77 77 77 77 77 77 77 79 79 79 79 79 79 79 79 79 79 79 79 79 79 79 79 79 79 79 79 79 79 79 79 79 79 79 79 79 79 79 79 79 79 79 79 79 0
79 79 79 79 79 79 79 79 79 79 79 79 79 79 79 79 79 79 79 79 75 75 75 75 75 75 75 75 75 75 75 75 75 75 75 75 75 75 77 77 77 77 77 77 77 77 77 79 79 79 79 79 79 79 79 79 79 79 79 79 79 79 79 79 79 79 79 79 79 79 79 79 79 79 79 79 79 79 79 79 79 79 79 0 0
79 79 79 79 79 79 79 79 79 79 79 79 79 79 79 79 79 79 79 75 75 75 75 75 75 75 75 75 75 75 75 75 75 75 75 75 75 75 75 77 77 77 77 77 77 77 77 77 79 79 79 79 79 79 79 79 79 79 79 79 79 79 79 79 79 79 79 79 79 79 79 79 79 79 79 79 79 79 79 79 79 79 79 79 79
79 79 79 79 79 79 79 79 79 79 79 79 79 79 79 79 79 79 79 75 75 75 75 75 75 75 75 75 75 75 75 75 75 75 75 75 75 75 75 75 77 77 77 77 77 77 61 61 79 79 79 79 79 79 79 79 79 79 79 79 79 79 79 79 79 79 79 79 79 79 79 79 79 79 79 79 79 79 79 79 79 79 79 79 79
79 79 79 79 79 79 79 79 79 79 79 79 79 79 79 79 79 79 79 75 75 75 75 75 75 75 75 75 75 75 75 75 75 75 75 75 75 75 75 75 77 77 77 77 77 77 77 77 77 79 79 79 79 79 79 79 79 79 79 79 79 79 79 79 79 79 79 79 79 79 79 79 79 79 79 79 79 79 79 79 79 79 79 79 79
79 79 79 79 79 79 79 79 79 79 79 75 75 79 79 79 79 79 75 75 75 75 75 75 75 75 75 75 75 75 75 75 75 75 75 75 75 75 75 75 77 77 77 77 77 77 77 77 77 79 79 79 79 79 79 79 79 79 79 79 79 79 79 79 79 79 79 79 79 79 79 79 79 79 79 79 79 79 79 79 79 79 79 79 79
79 79 79 79 79 79 79 79 79 79 79 75 75 79 79 79 79 79 75 75 75 75 75 75 20 20 75 75 75 75 75 75 75 75 75 75 75 75 75 77 77 77 77 77 77 77 77 77 77 61 79 79 79 79 79 79 79 79 79 79 79 79 79 79 79 79 79 79 79 79 79 79 79 79 79 79 79 79 79 79 79 79 79 79 79
79 79 79 79 79 79 79 79 79 79 79 75 75 79 79 79 79 79 75 75 21 21 75 20 20 20 20 20 75 75 75 75 75 75 75 75 75 75 75 77 77 77 77 77 77 77 77 77 61 61 77 79 79 79 79 79 79 79 79 79 79 79 79 79 79 79 79 79 79 79 79 79 79 79 79 79 79 79 79 79 79 79 79 79 79
79 79 79 79 79 79 79 79 79 79 79 75 75 75 79 79 79 75 75 75 21 21 20 20 20 20 20 20 75 75 75 75 75 75 75 75 75 75 75 77 77 77 77 77 77 77 77 77 77 77 77 77 77 79 79 79 79 79 79 79 79 79 79 79 79 79 79 79 79 79 79 79 79 79 79 79 79 79 79 79 79 79 79 79 79
79 79 79 79 79 79 79 79 79 79 79 75 75 75 79 79 79 75 75 21 21 21 20 20 20 20 20 20 75 75 75 75 75 75 75 75 75 75 75 77 77 77 77 77 77 77 77 77 77 77 77 77 77 77 77 77 77 79 79 79 79 79 79 79 79 79 79 79 79 79 79 79 79 79 79 79 79 79 79 79 79 79 79 79 79
79 79 79 79 79 79 79 79 79 79 79 75 75 75 79 79 79 75 75 21 21 21 75 20 20 20 20 75 75 75 75 75 75 75 75 75 75 75 75 77 77 77 77 77 77 77 77 77 77 77 77 77 77 77 77 77 77 77 77 77 79 79 79 79 79 79 79 79 79 79 79 79 79 79 79 79 79 79 79 79 79 79 79 79 79
79 79 79 79 79 79 79 79 79 79 79 79 75 75 79 79 75 75 75 21 21 75 20 75 75 75 75 75 75 75 75 75 75 75 75 75 75 75 75 77 77 77 77 77 77 77 77 77 77 77 77 77 77 18 77 77 77 77 77 77 77 77 77 77 79 79 79 79 79 79 79 79 79 79 79 79 79 79 79 79 79 79 79 79 79
79 79 79 79 79 79 79 79 79 79 79 79 75 75 75 79 75 75 75 21 21 75 75 75 75 75 75 75 75 75 75 75 75 75 75 75 75 75 75 77 77 77 77 77 77 77 77 77 77 77 77 77 77 77 77 77 77 77 77 77 77 77 77 77 77 77 79 79 79 79 79 79 79 79 79 79 79 79 79 79 79 79 79 79 79
79 79 79 79 79 79 79 79 79 79 79 75 75 75 75 75 75 75 75 75 75 75 75 75 75 75 75 75 75 75 75 75 75 75 75 75 75 75 77 77 77 77 77 77 77 77 77 77 77 77 77 77 77 77 77 18 77 77 77 77 77 77 77 77 77 77 77 79 79 79 79 79 79 79 79 79 79 79 79 79 79 79 79 79 79
79 79 79 79 79 79 79 79 79 79 79 75 75 75 75 75 75 75 75 75 75 75 75 75 75 75 75 75 75 75 75 75 75 75 75 75 77 77 77 77 77 77 77 77 77 77 77 77 77 77 77 77 77 77 77 18 18 77 77 77 77 77 77 77 77 77 77 77 79 79 79 79 79 79 79 79 79 79 79 79 79 79 79 79 79
79 79 79 79 79 79 79 79 79 79 75 75 75 75 75 75 75 75 75 75 75 75 75 75 75 75 19 19 19 19 19 19 19 19 19 75 77 77 77 77 77 77 77 77 77 77 77 77 77 77 77 77 77 77 77 77 77 77 77 77 77 77 77 77 77 77 77 77 79 79 79 79 79 79 79 79 79 79 79 79 79 79 79 79 79
79 79 79 79 79 79 79 79 79 79 71 75 75 75 75 75 75 75 75 75 75 75 75 75 23 23 19 19 19 19 19 19 19 19 19 27 75 77 77 77 77 77 77 77 77 77 77 77 77 77 77 77 77 77 77 77 77 77 77 77 77 77 77 77 77 77 77 77 79 79 79 79 79 79 79 79 79 79 79 79 79 79 79 79 79
0 79 79 79 79 79 79 79 79 71 71 75 75 75 75 75 75 75 75 75 75 75 75 75 75 75 75 75 19 19 19 19 19 75 27 27 75 77 77 77 77 77 77 77 77 77 77 77 77 77 77 77 77 77 77 77 77 77 62 77 77 77 77 77 77 77 77 77 79 79 79 79 79 79 79 79 79 79 79 79 79 79 79 79 79
0 79 79 79 79 79 79 79 79 71 71 71 75 75 71 71 71 71 75 75 75 75 75 75 75 75 75 75 75 75 75 75 75 75 27 27 75 77 77 77 77 77 77 77 77 77 77 77 77 77 77 77 77 77 77 77 77 77 77 77 77 77 77 77 77 77 77 77 79 79 79 79 79 79 79 79 79 79 79 79 0 0 0 0 0
0 0 79 79 79 79 79 79 79 71 71 71 71 71 71 71 71 71 71 75 75 75 75 75 75 75 75 75 75 75 75 75 75 75 27 27 27 75 77 77 77 77 77 77 77 77 77 77 77 77 77 77 77 77 77 77 77 77 77 77 77 77 77 77 77 77 77 77 79 79 79 79 79 79 79 79 79 79 79 79 0 0 0 0 0
0 0 79 79 79 79 79 79 79 71 71 71 71 71 71 71 71 71 71 71 71 75 75 75 75 75 75 75 75 75 75 75 75 75 27 27 27 75 77 77 77 77 77 77 77 77 77 77 77 77 77 77 77 77 77 77 77 77 77 77 77 77 77 77 77 77 77 77 79 79 79 79 79 79 79 79 79 79 79 79 0 0 0 0 0
0 0 0 79 79 79 79 79 79 71 71 71 71 71 71 71 71 71 71 71 71 71 75 75 75 75 75 75 75 31 75 75 75 75 75 27 27 75 77 77 77 77 77 77 77 77 77 77 77 77 77 77 77 77 77 77 77 77 77 77 77 77 77 77 77 77 77 77 79 79 79 79 79 79 79 79 79 79 79 0 0 0 0 0 0
0 0 0 79 79 79 79 79 79 71 71 71 71 71 71 71 71 71 71 71 71 71 71 75 75 75 75 75 75 75 75 75 27 27 27 27 27 30 30 77 77 77 77 77 77 77 77 77 77 77 77 77 77 77 77 77 77 77 77 77 77 77 77 77 77 77 77 77 79 79 79 79 79 79 79 79 79 79 79 0 0 0 0 0 0
0 0 0 79 79 79 79 79 79 71 71 71 71 71 71 71 71 71 71 71 71 71 71 71 75 75 75 75 75 75 75 75 27 27 27 27 30 30 30 30 77 77 77 77 77 77 77 77 77 77 77 77 77 77 77 77 77 77 77 77 77 77 77 77 77 77 77 77 79 79 79 79 79 79 79 79 79 79 79 0 0 0 0 0 0
0 0 0 0 79 79 79 79 79 71 71 71 71 71 71 71 71 71 71 71 71 71 71 71 75 75 75 75 75 75 75 27 27 27 27 27 30 30 30 30 30 77 77 77 77 77 77 77 77 77 77 77 63 63 63 77 63 77 63 77 77 77 77 77 77 77 77 77 79 79 79 79 79 79 79 79 79 79 79 0 0 0 0 0 0
0 0 0 0 79 79 79 79 79 71 71 71 71 71 71 71 71 71 71 71 71 71 71 71 71 75 75 75 75 75 75 27 27 27 27 75 77 30 30 77 77 77 77 77 77 77 77 77 77 77 77 77 63 63 63 77 63 63 77 77 77 77 77 24 77 77 77 77 79 79 79 79 79 79 79 79 79 79 0 0 0 0 0 0 0
0 0 0 0 79 79 79 79 79 71 71 71 71 71 71 71 71 71 71 71 71 71 71 71 71 71 75 75 75 31 75 27 27 27 27 75 30 77 77 77 77 77 77 77 77 77 77 77 77 77 77 77 63 63 77 63 63 77 77 77 77 77 77 25 25 77 77 77 79 79 79 79 79 79 79 79 79 79 0 0 0 0 0 0 0
0 0 0 0 0 79 79 79 79 71 71 71 71 71 71 71 71 71 71 71 71 71 71 71 71 71 71 75 32 32 75 27 27 27 27 27 30 30 30 77 77 77 77 77 77 77 77 77 77 77 77 77 77 77 77 63 77 77 77 77 77 77 24 25 25 77 77 77 79 79 79 79 79 79 79 79 79 0 0 0 0 0 0 0 0
0 0 0 0 0 79 79 79 79 71 71 71 71 71 71 71 71 71 71 71 71 71 71 71 71 71 71 71 32 32 75 27 27 27 27 27 27 30 77 77 77 77 77 77 77 77 77 77 77 77 77 77 77 77 77 77 77 77 77 77 77 24 24 25 25 25 77 77 79 79 79 79 79 79 79 79 79 0 0 0 0 0 0 0 0
0 0 0 0 0 79 79 79 79 79 71 71 71 71 71 71 71 71 71 71 71 71 32 71 71 71 71 71 32 32 32 27 27 27 27 27 75 30 77 77 77 77 77 77 77 77 77 77 77 77 77 77 77 77 77 77 77 77 77 77 25 25 25 25 25 25 77 77 79 79 79 79 79 79 79 79 0 0 0 0 0 0 0 0 0
0 0 0 0 79 79 79 79 79 79 79 71 71 71 71 71 71 71 71 71 71 71 71 71 71 71 71 71 32 32 32 75 27 27 27 27 75 75 77 77 77 34 34 77 77 77 77 77 77 77 77 77 77 77 77 77 77 77 77 77 25 25 25 25 25 77 77 77 79 79 79 79 79 79 0 0 0 0 0 0 0 0 0 0 0
0 0 0 79 79 79 79 79 79 79 79 79 71 71 71 71 71 71 71 71 71 71 71 71 71 71 32 32 32 32 32 27 27 27 27 75 34 34 34 77 77 34 34 77 77 77 28 28 28 77 77 26 77 26 77 77 77 77 77 77 25 25 25 77 77 77 77 77 79 79 79 79 79 79 0 0 0 0 0 0 0 0 0 0 0
0 79 79 79 79 79 79 79 79 79 79 79 79 79 71 71 71 71 71 71 71 71 71 71 71 71 32 32 32 32 32 27 27 27 27 75 34 34 34 34 77 77 34 34 77 77 77 28 77 77 77 26 26 26 26 77 77 77 77 77 25 77 77 77 77 77 77 77 79 79 79 79 79 79 0 0 0 0 0 0 0 0 0 0 0
0 79 79 79 79 79 79 79 79 79 79 79 79 79 79 71 71 71 71 71 71 71 71 32 32 71 32 32 32 32 32 27 27 27 27 75 34 34 34 77 77 77 34 34 77 77 77 77 77 77 77 77 26 26 26 77 77 77 77 77 77 77 77 77 77 77 77 77 77 79 79 79 79 79 0 0 0 0 0 0 0 0 0 0 0
79 79 79 79 79 79 79 79 79 79 79 79 79 79 79 79 71 71 71 71 71 71 71 32 32 32 32 71 71 71 32 32 27 27 27 75 34 34 34 77 77 77 77 77 77 77 77 77 77 77 77 77 77 77 77 77 77 77 77 77 77 77 77 77 77 77 77 77 77 79 79 79 79 79 0 0 0 0 0 0 0 0 0 0 0
79 79 79 79 79 79 79 79 79 79 79 79 79 79 79 79 79 71 71 71 71 71 71 32 32 32 32 71 71 71 71 75 27 27 27 27 27 34 34 34 34 77 77 77 77 77 77 77 77 77 77 77 77 77 77 77 77 77 77 77 77 77 77 77 77 77 77 77 77 79 79 79 79 79 0 0 0 0 0 0 0 0 0 0 0
79 79 79 79 79 79 79 79 79 79 79 79 79 79 79 79 79 71 71 71 71 71 71 32 32 71 71 71 71 71 71 75 27 27 27 27 75 34 34 34 34 34 34 77 77 77 77 77 77 77 77 77 77 77 77 77 77 77 77 77 77 77 77 77 77 77 77 77 77 79 79 79 79 79 79 0 0 0 0 0 0 0 0 0 0
79 79 79 79 79 79 79 79 79 79 79 79 79 79 79 79 79 79 71 71 71 71 71 71 71 71 71 71 71 71 71 71 75 27 27 27 27 75 34 34 77 34 77 34 34 77 77 77 77 77 77 77 77 33 77 77 77 77 77 77 77 77 77 77 77 35 77 77 77 79 79 79 79 79 79 0 0 0 0 0 0 0 0 0 0
79 79 79 79 79 79 79 79 79 79 79 79 79 79 79 79 79 79 71 71 71 71 71 71 71 71 71 71 71 71 71 71 75 32 27 27 27 27 34 77 77 34 77 77 77 77 77 77 77 77 77 77 77 33 77 77 77 77 77 77 77 77 77 77 77 35 77 77 77 77 79 79 79 79 79 79 79 79 79 79 0 0 0 0 0
79 79 79 79 79 79 79 79 79 79 79 79 79 79 79 79 79 79 71 71 71 71 71 71 71 71 71 71 71 71 71 71 71 32 32 27 27 27 27 75 34 34 34 34 34 34 77 77 77 77 77 77 77 77 77 77 77 77 77 77 77 77 77 35 77 77 77 77 77 77 79 79 79 79 79 79 79 79 79 79 79 0 0 0 0
79 79 79 79 79 79 79 79 79 79 79 79 79 79 79 79 79 79 79 71 71 71 71 40 40 71 71 71 71 71 71 71 71 32 32 32 32 27 27 75 34 34 34 77 77 34 77 77 77 77 77 77 77 77 77 73 73 73 73 73 77 77 77 77 77 77 77 77 77 77 79 79 79 79 79 79 79 79 79 79 79 0 0 0 0
79 79 79 79 79 79 79 79 79 79 79 79 79 79 79 79 79 79 79 71 71 71 71 40 40 71 71 71 71 71 32 32 32 32 32 32 32 32 27 75 27 34 34 77 77 77 77 77 77 77 77 77 77 77 77 73 73 73 73 73 73 73 77 77 77 77 77 77 77 77 79 79 79 79 79 79 79 79 79 79 0 0 0 0 0
79 79 79 79 79 79 79 79 79 79 79 79 79 79 79 79 79 79 79 71 71 71 71 71 71 71 71 71 71 71 40 58 58 58 32 32 75 32 27 77 77 41 41 41 77 77 77 77 77 77 77 77 77 77 73 73 73 73 73 73 73 73 73 77 77 77 77 77 77 77 79 79 79 79 79 79 79 79 79 79 0 0 0 0 0
79 79 79 79 79 79 79 79 79 79 79 79 79 79 79 79 79 79 79 71 71 71 71 71 71 71 71 71 71 71 40 58 58 58 58 32 32 27 27 77 77 77 77 77 41 77 77 77 77 77 77 77 77 77 73 73 73 73 73 73 73 73 73 73 77 77 77 77 77 77 79 79 79 79 79 79 79 79 0 0 0 0 0 0 0
79 79 79 79 79 79 79 79 79 79 79 79 79 79 79 79 79 79 79 79 71 71 71 71 71 71 71 71 71 71 40 58 58 58 58 32 32 27 27 77 77 77 77 77 41 77 77 77 77 77 77 77 73 73 73 73 73 73 73 73 73 73 73 73 73 77 77 77 77 77 77 79 79 79 79 79 79 79 0 0 0 0 0 0 0
79 79 79 79 79 79 79 79 79 79 79 79 79 79 79 79 79 79 79 79 71 71 71 71 71 71 71 71 71 71 40 58 58 58 58 32 32 27 75 77 77 77 41 41 41 77 77 77 77 77 77 73 73 73 73 73 73 73 73 73 73 73 73 73 73 73 73 73 73 73 73 79 79 79 79 79 79 0 0 0 0 0 0 0 0
79 79 79 79 79 79 79 79 79 79 79 79 79 79 79 79 79 79 79 79 71 71 71 71 71 71 71 71 71 71 40 58 58 58 58 32 32 75 77 77 79 79 44 44 41 77 77 77 77 77 77 73 73 73 73 73 73 73 73 42 73 73 73 73 73 73 73 73 73 73 73 79 79 79 79 79 79 0 0 0 0 0 0 0 0
79 79 79 79 79 79 79 79 79 79 79 79 79 79 79 79 79 79 79 79 79 71 71 71 71 71 71 71 71 71 40 58 58 58 55 55 75 77 79 79 79 79 44 44 79 79 77 77 77 77 73 73 73 73 73 73 73 73 73 73 73 73 73 73 73 73 73 73 73 73 73 73 79 79 79 79 0 0 0 0 0 0 0 0 0
79 79 79 79 79 79 79 79 79 79 79 79 79 79 79 79 79 79 79 79 79 71 71 71 71 71 71 71 71 71 71 71 71 71 55 55 55 79 79 79 79 44 44 44 79 79 79 79 79 73 73 73 73 73 73 73 73 73 73 73 73 73 73 73 73 73 73 73 73 73 73 73 79 79 79 79 0 0 0 0 0 0 0 0 0
79 79 79 79 79 79 79 79 79 79 79 79 79 79 79 79 79 79 79 79 79 71 71 71 71 71 71 71 71 71 71 71 71 71 71 55 55 44 79 79 44 44 44 44 79 79 79 79 79 73 73 73 73 73 73 73 73 73 73 73 73 73 73 73 73 73 73 73 73 73 73 73 79 79 79 79 0 0 0 0 0 0 0 0 0
79 79 79 79 79 79 79 79 79 79 79 79 79 79 79 79 79 79 79 79 79 71 71 46 46 46 46 71 71 71 71 71 71 71 79 55 79 79 79 79 44 44 44 44 79 79 79 79 79 79 73 73 73 73 73 73 73 73 73 73 73 73 73 73 73 73 73 73 73 73 73 73 73 79 79 79 79 0 0 0 0 0 0 0 0
79 79 79 79 79 79 79 79 79 79 79 79 79 79 79 79 79 79 79 79 79 71 71 46 46 46 46 71 71 71 71 71 71 79 79 79 55 79 79 79 44 44 44 79 79 79 79 79 79 79 73 73 73 73 73 73 73 73 73 73 73 73 73 73 73 73 73 73 73 73 35 73 73 79 79 79 79 0 0 0 0 0 0 0 0
79 79 79 79 79 79 79 79 79 79 79 79 79 79 79 79 79 79 79 79 79 71 71 46 46 46 71 71 71 71 71 71 55 55 79 55 55 79 79 79 44 44 44 79 79 79 79 79 79 79 73 73 73 73 73 73 73 73 73 73 73 73 73 73 73 73 73 73 73 73 73 73 73 73 79 79 79 0 0 0 0 0 0 0 0
79 79 79 79 79 79 79 79 79 79 79 79 79 79 79 79 79 79 79 79 79 71 71 71 71 71 71 71 71 71 71 55 55 55 55 55 55 79 79 44 44 44 44 79 79 79 79 79 79 79 79 73 73 73 73 73 73 73 73 73 43 43 73 73 73 73 73 73 73 73 73 73 73 73 79 79 79 79 0 0 0 0 0 0 0
79 79 79 79 79 79 79 79 79 79 79 79 79 79 79 79 79 79 79 79 79 71 71 71 71 71 71 71 71 71 71 71 79 55 55 55 55 55 79 79 44 44 44 79 79 79 79 79 79 79 79 73 73 73 73 73 73 73 73 73 73 73 73 73 73 73 73 73 73 73 73 73 73 73 73 79 79 79 0 0 0 0 0 0 0
79 79 79 79 79 79 79 79 79 79 79 79 79 79 79 79 79 79 79 79 79 71 71 71 71 71 71 71 71 71 71 71 79 55 55 55 55 55 79 79 79 79 79 79 79 79 79 79 79 79 79 79 73 73 73 73 73 73 73 73 73 73 73 73 73 73 73 73 73 73 73 73 73 73 73 73 79 79 0 0 0 0 0 0 0
79 79 79 79 79 79 79 79 79 79 79 79 79 79 79 79 79 79 79 79 79 71 71 71 71 71 71 71 71 71 71 79 55 55 55 55 55 55 79 79 79 79 79 79 79 79 79 79 79 79 79 79 73 73 73 73 73 73 73 73 73 73 73 73 73 73 73 73 73 73 73 73 73 73 73 73 73 79 0 0 0 0 0 0 0
79 79 79 79 79 79 79 79 79 79 79 79 79 79 79 79 79 79 79 79 79 71 71 71 71 71 71 71 71 71 71 79 55 55 55 55 79 79 79 79 79 79 79 79 79 79 79 79 79 79 79 79 79 73 73 73 73 73 73 73 73 73 73 73 73 73 73 73 73 73 73 73 73 73 73 73 73 73 79 0 0 0 0 0 0
79 79 79 79 79 79 79 79 79 79 79 79 79 79 79 79 79 79 79 79 79 71 71 71 71 71 71 71 71 71 79 79 79 55 55 55 79 79 79 79 79 79 79 79 79 79 79 79 79 79 79 79 79 73 73 73 73 73 73 73 73 73 73 73 73 73 73 73 73 73 73 73 73 73 73 73 73 73 73 0 0 0 0 0 0
79 79 79 79 79 79 79 79 79 79 79 79 79 79 79 79 79 79 79 79 79 71 71 71 71 71 71 71 71 71 79 79 79 79 79 55 79 79 79 79 79 79 79 79 79 79 79 79 79 79 79 79 79 79 73 73 73 73 73 73 73 73 73 73 73 73 73 73 73 73 73 73 73 73 73 73 73 73 73 73 0 0 0 0 0
79 79 79 79 79 79 79 79 79 79 79 79 79 79 79 79 79 79 79 79 79 79 71 71 71 71 71 71 71 71 79 79 79 79 79 79 79 79 79 79 79 79 79 79 79 79 79 79 79 79 79 79 79 79 73 73 73 73 73 73 73 73 73 73 73 73 73 73 73 73 73 73 73 73 73 73 73 73 73 73 73 0 0 0 0
79 79 79 79 79 79 79 79 79 79 79 79 79 79 79 79 79 79 79 79 79 79 71 71 71 71 71 71 71 79 79 79 79 79 79 79 79 79 79 79 79 79 79 79 79 79 79 79 79 79 79 79 79 79 79 73 73 73 73 73 73 73 73 73 73 73 73 73 73 73 73 73 73 73 73 73 73 73 73 73 73 73 79 79 0
79 79 79 79 79 79 79 79 79 79 79 79 79 79 79 79 79 79 79 79 79 79 71 71 71 71 71 71 71 79 79 79 79 79 79 79 79 79 79 79 79 79 79 79 79 79 79 79 79 79 79 79 79 79 79 73 73 73 73 73 73 73 73 73 73 73 73 73 73 73 73 73 73 73 73 73 73 73 73 73 73 73 73 79 79
79 79 79 79 79 79 79 79 79 79 79 79 79 79 79 79 79 79 79 79 79 79 71 71 71 71 48 71 71 79 79 79 79 79 79 79 79 79 79 79 79 79 79 79 79 79 79 79 79 79 79 79 79 79 79 73 73 73 73 73 73 73 73 73 73 73 73 73 73 73 73 73 73 73 73 73 73 73 73 73 73 73 73 73 79
79 79 79 79 79 79 79 79 79 79 79 79 79 79 79 79 79 79 79 79 79 79 71 71 71 71 48 71 79 79 79 79 79 79 79 79 79 79 79 79 79 79 79 79 79 79 79 79 79 79 79 79 79 79 79 79 73 73 73 73 73 73 73 73 73 73 73 73 73 73 73 73 73 73 73 73 73 73 73 73 73 73 73 73 0
79 79 79 79 79 79 79 79 79 79 79 79 79 79 79 79 79 79 79 79 79 79 79 71 71 71 71 71 79 79 79 79 79 79 79 79 79 79 79 79 79 79 79 79 79 79 79 79 79 79 79 79 79 79 79 79 73 73 73 73 73 73 73 73 73 73 73 73 73 73 73 73 73 73 73 73 73 73 73 73 73 73 73 73 0
79 79 79 79 79 79 79 79 79 79 79 79 79 79 79 79 79 79 79 79 79 79 79 79 71 71 71 71 79 79 79 79 79 79 79 79 79 79 79 79 79 79 79 79 79 79 79 79 79 79 79 79 79 79 79 79 73 73 73 73 73 73 73 73 73 73 73 73 73 73 73 73 73 73 73 73 73 73 73 73 73 73 73 73 0
79 79 79 79 79 79 79 79 79 79 79 79 79 79 79 79 79 79 79 79 79 79 79 79 79 79 71 71 79 79 79 79 79 79 79 79 79 79 79 79 79 79 79 79 79 79 79 79 79 79 79 79 79 79 79 79 73 73 73 73 73 73 73 73 73 73 73 73 73 73 73 73 73 73 73 73 73 73 39 73 73 73 73 73 0
79 79 79 79 79 79 79 79 79 79 79 79 79 79 79 79 79 79 79 79 79 79 79 79 79 79 79 79 79 79 79 79 79 79 79 79 79 79 79 79 79 79 79 79 79 79 79 79 79 79 79 79 79 79 79 79 79 73 73 73 73 73 73 73 73 73 73 73 73 73 73 73 73 73 73 73 73 73 39 39 73 73 73 79 0
79 79 79 79 79 79 79 79 79 79 79 79 79 79 79 79 79 79 79 79 79 79 79 79 79 79 79 79 79 79 79 79 79 79 79 79 79 79 79 79 79 79 79 79 79 79 79 79 79 79 79 79 79 79 79 79 79 73 73 73 73 73 73 73 73 73 73 73 73 73 73 73 73 73 73 73 73 39 39 39 73 39 39 0 0
79 79 79 79 79 79 79 79 79 79 79 79 79 79 79 79 79 79 79 79 79 79 79 79 79 79 79 79 79 79 79 79 79 79 79 79 79 79 79 79 79 79 79 79 79 79 79 79 79 79 79 79 79 79 79 79 79 79 73 73 73 73 73 73 73 73 73 73 39 73 39 39 73 73 73 39 73 39 39 73 39 39 39 0 0
79 79 79 79 79 79 79 79 79 79 79 79 79 79 79 79 79 79 79 79 79 79 79 79 79 79 79 79 79 79 79 79 79 79 79 79 79 79 79 79 79 79 79 79 79 79 79 79 79 79 79 79 79 79 79 79 79 79 73 73 73 73 73 73 73 73 73 73 39 39 39 39 39 39 39 39 39 39 39 73 39 39 39 0 0
79 79 79 79 79 79 79 79 79 79 79 79 79 79 79 79 79 79 79 79 79 79 79 79 79 79 79 79 79 79 79 79 79 79 79 79 79 79 79 79 79 79 79 79 79 79 79 79 79 79 79 79 79 79 79 79 79 79 79 73 73 73 73 73 73 73 73 39 39 39 39 39 39 39 39 39 39 39 39 73 39 39 39 0 0
79 79 79 79 79 79 79 79 79 79 79 79 79 79 79 79 79 79 79 79 79 79 79 79 79 79 79 79 79 79 79 79 79 79 79 79 79 79 79 79 79 79 79 79 79 79 79 79 79 79 79 79 79 79 79 79 79 79 79 79 73 73 73 73 73 73 73 39 39 39 73 39 39 39 39 39 39 39 39 39 39 39 39 0 0
79 79 79 79 79 79 79 79 79 79 79 79 79 79 79 79 79 79 79 79 79 79 79 79 79 79 79 79 79 79 79 79 79 79 79 79 79 79 79 79 79 79 79 79 79 79 79 79 79 79 79 79 79 79 79 79 79 79 79 79 79 73 73 73 73 73 73 73 73 73 39 39 39 39 39 39 39 39 39 39 39 39 39 0 0
79 79 79 79 79 79 79 79 79 79 79 79 79 79 79 79 79 79 79 79 79 79 79 79 79 79 79 79 79 79 79 79 79 79 79 79 79 79 79 79 79 79 79 79 79 79 79 79 79 79 79 79 79 79 79 79 79 79 79 79 79 79 73 73 73 73 73 73 73 73 73 73 39 39 39 39 39 39 39 39 39 39 0 0 0
79 79 79 79 79 79 79 79 79 79 79 79 79 79 79 79 79 79 79 79 79 79 79 79 79 79 79 79 79 79 79 79 79 79 79 79 79 79 79 79 79 79 79 79 79 79 79 79 79 79 79 79 79 79 79 79 79 79 79 79 79 79 79 79 73 73 73 73 73 73 73 73 73 39 39 39 39 39 39 39 39 39 0 0 0
79 79 79 79 79 79 79 79 79 79 79 79 79 79 79 79 79 79 79 79 79 79 79 79 79 79 79 79 79 79 79 79 79 79 79 79 79 79 79 79 79 79 79 79 79 79 79 79 79 79 79 79 79 79 79 79 79 79 79 79 79 79 79 79 79 73 73 73 73 73 73 73 39 39 39 39 39 39 39 39 39 39 0 0 0
79 79 79 79 79 79 79 79 79 79 79 79 79 79 79 79 79 79 79 79 79 79 79 79 79 79 79 79 79 79 79 79 79 79 79 79 79 79 79 79 79 79 79 79 79 79 79 79 79 79 79 79 79 79 79 79 79 79 79 79 79 79 79 79 79 79 79 73 73 73 73 73 39 39 39 39 39 39 39 39 39 39 0 0 0
79 79 79 79 79 79 79 79 79 79 79 79 79 79 79 79 79 79 79 79 79 79 79 79 79 79 79 79 79 79 79 79 79 79 79 79 79 79 79 79 79 79 79 79 79 79 79 79 79 79 79 79 79 79 79 79 79 79 79 79 79 79 79 79 79 79 79 79 79 73 73 73 39 39 39 39 39 39 39 39 39 0 0 0 0
79 79 79 79 79 79 79 79 79 79 79 79 79 79 79 79 79 79 79 79 79 79 79 79 79 79 79 79 79 79 79 79 79 79 79 79 79 79 79 79 79 79 79 79 79 79 79 79 79 79 79 79 79 79 79 79 79 79 79 79 79 79 79 79 79 79 79 79 79 79 73 73 39 39 39 39 39 39 39 39 39 0 0 0 0
79 79 79 79 79 79 79 79 79 79 79 79 79 79 79 79 79 79 79 79 79 79 79 79 79 79 79 79 79 79 79 79 79 79 79 79 79 79 79 79 79 79 79 79 79 79 79 79 79 79 79 79 79 79 79 79 79 79 79 79 79 79 79 79 79 79 79 79 79 79 79 73 73 39 39 39 39 39 39 39 0 0 0 0 0
79 79 79 79 79 79 79 79 79 79 79 79 79 79 79 79 79 79 79 79 79 79 79 79 79 79 79 79 79 79 79 79 79 79 79 79 79 79 79 79 79 79 79 79 79 79 79 79 79 79 79 79 79 79 79 79 79 79 79 79 79 79 79 79 79 79 79 79 79 79 79 79 79 49 39 39 39 39 39 39 0 0 0 0 0
79 79 79 79 79 79 79 79 79 79 79 79 79 79 79 79 79 79 79 79 79 79 79 79 79 79 79 79 79 79 79 79 79 79 79 79 79 79 79 79 79 79 79 79 79 79 79 79 79 79 79 79 79 79 79 79 79 79 79 79 79 79 79 79 79 79 79 79 79 79 79 79 79 79 49 39 39 39 39 73 0 0 0 0 0
79 79 79 79 79 79 79 79 79 79 79 79 79 79 79 79 79 79 79 79 79 79 79 79 79 79 79 79 79 79 79 79 79 79 79 79 79 79 79 79 79 79 79 79 79 79 79 79 79 79 79 79 79 79 79 79 79 79 79 79 79 79 79 79 79 79 79 79 79 79 79 79 79 79 79 73 73 39 39 0 0 0 0 0 0
79 79 79 79 79 79 79 79 79 79 79 79 79 79 79 79 79 79 79 79 79 79 79 79 79 79 79 79 79 79 79 79 79 79 79 79 79 79 79 79 79 79 79 79 79 79 79 79 79 79 79 79 79 79 79 79 79 79 79 79 79 79 79 79 79 79 79 79 79 79 79 79 79 79 79 79 79 73 73 73 0 0 0 0 0
79 79 79 79 79 79 79 79 79 79 79 79 79 79 79 79 79 79 79 79 79 79 79 79 79 79 79 70 79 79 79 79 79 79 79 79 79 79 79 79 79 79 79 79 79 79 79 79 79 79 79 79 79 79 79 79 79 79 79 79 79 79 79 79 79 79 79 79 79 79 79 79 79 79 79 79 79 79 73 0 0 0 0 0 0
79 79 79 79 79 79 79 79 79 79 79 79 79 79 79 79 79 79 79 79 79 79 79 79 79 79 70 79 79 79 79 79 79 79 79 79 79 79 79 79 79 79 79 79 79 79 79 79 79 79 79 79 79 79 79 79 79 79 79 79 79 79 79 79 79 79 79 79 79 79 79 79 79 79 79 79 79 79 79 0 0 0 0 0 0
79 79 79 79 79 79 79 79 79 79 79 79 79 79 79 79 79 79 79 79 79 79 79 79 70 70 70 79 79 79 79 79 79 79 79 79 79 79 79 79 79 79 79 79 79 79 79 79 79 79 79 79 79 79 79 79 79 79 79 79 79 79 79 79 79 79 79 79 79 79 79 79 79 79 79 79 79 79 0 0 0 0 0 0 0
0 79 79 79 79 79 79 79 79 79 79 79 79 79 79 79 79 79 70 70 70 70 70 70 70 70 79 79 79 79 79 79 79 79 79 79 79 79 79 79 79 79 79 79 79 79 79 79 79 79 79 79 79 79 79 79 79 79 79 79 79 79 79 79 79 79 79 79 79 79 79 79 79 79 79 79 79 79 0 0 0 0 0 0 0
0 79 79 79 79 79 79 79 79 79 79 79 79 79 79 79 70 70 70 70 70 70 70 79 79 79 79 79 79 79 79 79 79 79 79 79 79 79 79 79 79 79 79 79 79 79 79 79 79 79 79 79 79 79 79 79 79 79 79 79 79 79 79 79 79 79 79 79 79 79 79 79 79 79 79 79 79 79 0 0 0 0 0 0 0
0 0 79 79 79 79 79 79 79 79 79 79 79 79 79 70 70 70 70 70 70 70 79 79 79 79 79 79 79 79 79 79 79 79 79 79 79 79 79 79 79 79 79 79 79 79 79 79 79 79 79 79 79 79 79 79 79 79 79 79 79 79 79 79 79 79 79 79 79 79 79 79 79 79 79 79 79 79 0 0 0 0 0 0 0
0 0 79 79 79 79 79 79 79 79 79 79 79 79 70 70 70 70 70 70 70 79 79 79 79 79 79 79 79 79 79 79 79 79 79 79 79 79 79 79 79 79 79 79 79 79 79 79 79 79 79 79 79 79 79 79 79 79 79 79 79 79 79 79 79 79 79 79 79 79 79 79 79 79 79 79 79 79 0 0 0 0 0 0 0
0 0 79 79 79 79 79 79 79 79 79 79 79 79 70 70 70 70 70 70 70 79 79 79 79 79 79 79 79 79 79 79 79 79 79 79 79 79 79 79 79 79 79 79 79 79 79 79 79 79 79 79 79 79 79 79 79 79 79 79 79 79 79 79 79 79 79 79 79 79 79 79 79 79 79 79 79 79 0 0 0 0 0 0 0
0 0 0 79 79 79 79 79 79 79 79 79 79 70 70 70 70 70 70 70 70 70 79 79 79 79 79 79 79 79 79 79 79 79 79 79 79 79 79 79 79 79 79 79 79 79 79 79 79 79 79 79 79 79 79 79 79 79 79 79 79 79 79 79 79 79 79 79 79 79 79 79 79 79 79 79 79 79 0 0 0 0 0 0 0
0 0 0 0 79 79 79 79 79 79 79 79 79 70 70 70 70 70 70 70 70 70 70 79 79 79 79 79 79 79 79 79 79 79 79 79 79 79 79 79 79 79 79 79 79 79 79 79 79 79 79 79 79 79 79 79 79 79 79 79 79 79 79 79 79 79 79 79 79 79 79 79 79 79 79 79 79 79 0 0 0 0 0 0 0
0 0 0 0 0 79 79 79 79 79 79 79 79 70 70 70 70 70 70 70 70 70 70 79 79 79 79 79 79 79 79 79 79 79 79 79 79 79 79 79 79 79 79 79 79 79 79 79 79 79 79 79 79 79 79 79 79 79 79 79 79 79 79 79 79 79 79 79 79 79 79 79 79 79 79 79 79 79 0 0 0 0 0 0 0
0 0 0 0 0 79 79 79 79 79 79 79 79 70 70 70 70 70 70 70 70 70 70 79 79 79 79 79 79 79 79 79 79 79 79 79 79 79 79 79 79 79 79 79 79 79 79 79 79 79 79 79 79 79 79 79 79 79 79 79 79 79 79 79 79 79 79 79 79 79 79 79 79 79 79 79 79 79 0 0 0 0 0 0 0
0 0 0 0 0 0 79 79 79 79 79 79 79 70 70 70 70 70 70 70 70 70 70 79 79 79 79 79 79 79 79 79 79 79 79 79 79 79 79 79 79 79 79 79 79 79 79 79 79 79 79 79 79 79 79 79 79 79 79 79 79 79 79 79 79 79 79 79 79 79 79 79 0 0 79 79 79 79 0 0 0 0 0 0 0
0 0 0 0 0 0 79 79 79 79 79 79 79 70 70 70 70 70 70 70 70 70 79 79 79 79 79 79 79 79 79 79 79 79 79 79 79 79 79 79 79 79 79 79 79 79 79 79 79 79 79 79 79 79 79 79 79 79 79 79 79 79 79 79 79 79 79 79 79 79 79 79 79 0 0 79 79 0 0 0 0 0 0 0 0
0 0 0 0 0 0 79 79 79 79 79 79 79 70 70 70 70 70 70 70 70 79 79 79 79 79 79 79 79 79 79 79 79 79 79 79 79 79 79 79 79 79 79 79 79 79 79 79 79 79 79 79 79 79 79 79 79 79 79 79 79 79 79 79 79 79 79 79 79 79 79 79 79 0 0 0 0 0 0 0 0 0 0 0 0
0 0 0 0 0 0 79 79 79 79 79 79 79 70 70 70 70 70 70 79 79 79 79 79 79 79 79 79 79 79 79 79 79 79 79 79 79 79 79 79 79 79 79 79 79 79 79 79 79 79 79 79 79 79 79 79 79 79 79 79 79 79 79 79 79 79 79 79 79 79 79 79 79 0 0 0 0 0 0 0 0 0 0 0 0
0 0 0 0 0 0 0 79 79 79 79 79 79 70 70 70 70 70 79 79 79 79 79 79 79 79 79 79 79 79 79 79 79 79 79 79 79 79 79 79 79 79 79 79 79 79 79 79 79 79 79 79 79 79 79 79 79 79 79 79 79 79 79 79 79 79 79 79 79 79 79 79 0 0 0 0 0 0 0 0 0 0 0 0 0
0 0 0 0 0 0 0 79 79 79 79 79 79 70 70 70 70 79 79 79 79 79 79 79 79 79 79 79 79 79 79 79 79 79 79 79 79 79 79 79 79 79 79 79 79 79 79 79 79 79 79 79 79 79 79 79 79 79 79 79 79 79 79 79 79 79 79 79 79 79 79 79 0 0 0 0 0 0 0 0 0 0 0 0 0
0 0 0 0 0 0 0 79 79 79 79 79 79 70 70 70 79 79 79 79 79 79 79 79 79 79 79 79 79 79 79 79 79 79 79 79 79 79 79 79 79 79 79 79 79 79 79 79 79 79 79 79 79 79 79 79 79 79 79 79 79 79 79 79 79 79 79 79 79 79 79 79 0 0 0 0 0 0 0 0 0 0 0 0 0
0 0 0 0 0 0 0 0 0 79 79 79 79 70 70 70 79 79 79 79 79 79 79 79 79 79 79 79 79 79 79 79 79 79 79 79 79 79 79 79 79 79 79 79 79 79 79 79 79 79 79 79 79 79 79 79 79 79 79 79 79 79 79 79 0 0 79 79 79 79 79 0 0 0 0 0 0 0 0 0 0 0 0 0 0
0 0 0 0 0 0 0 0 0 0 79 79 79 70 70 70 79 79 79 79 79 79 79 79 79 79 79 79 79 79 79 79 79 79 79 79 79 79 79 79 79 79 79 79 79 79 79 79 79 79 79 79 79 79 79 79 79 79 79 79 79 79 79 0 0 0 0 0 0 0 0 0 0 0 0 0 0 0 0 0 0 0 0 0 0
0 0 0 0 0 0 0 0 0 0 0 79 79 70 70 70 79 79 79 79 79 79 79 79 79 79 79 79 79 79 79 79 79 79 79 79 79 79 79 79 79 79 79 79 79 79 79 79 79 79 79 79 79 79 79 79 79 79 79 79 79 79 79 0 0 0 0 0 0 0 0 0 0 0 0 0 0 0 0 0 0 0 0 0 0
0 0 0 0 0 0 0 0 0 0 0 0 79 0 70 70 79 79 79 79 79 79 79 79 79 79 79 79 79 79 79 79 79 79 79 79 79 79 79 79 79 79 79 79 79 79 79 79 79 79 79 79 79 79 79 79 79 79 79 79 79 79 0 0 0 0 0 0 0 0 0 0 0 0 0 0 0 0 0 0 0 0 0 0 0
0 0 0 0 0 0 0 0 0 0 0 0 0 0 70 70 79 79 79 79 79 79 79 79 79 79 79 79 79 79 79 79 79 79 79 79 79 79 79 79 79 79 79 79 79 79 79 79 79 79 79 79 79 79 79 79 79 79 79 79 79 79 0 0 0 0 0 0 0 0 0 0 0 0 0 0 0 0 0 0 0 0 0 0 0
0 0 0 0 0 0 0 0 0 0 0 0 0 70 70 70 79 79 79 79 79 79 79 79 79 79 79 79 79 79 79 79 79 79 79 79 79 79 79 79 79 79 79 79 79 79 79 79 79 79 79 79 79 79 79 79 79 79 79 79 79 79 0 0 0 0 0 0 0 0 0 0 0 0 0 0 0 0 0 0 0 0 0 0 0
0 0 0 0 0 0 0 0 0 0 0 0 70 70 70 79 79 79 79 79 79 79 79 79 79 79 79 79 79 79 79 79 79 79 79 79 79 79 79 79 79 79 79 79 79 79 79 79 79 79 79 79 79 79 79 79 79 79 79 79 79 79 0 0 0 0 0 0 0 0 0 0 0 0 0 0 0 0 0 0 0 0 0 0 0
0 0 0 0 0 0 0 0 0 0 0 0 70 70 70 79 79 79 79 79 79 79 79 79 79 79 79 79 79 79 79 79 79 79 79 79 79 0 0 0 0 79 79 79 79 79 79 79 79 79 79 79 79 79 79 79 79 79 79 79 79 79 0 0 0 0 0 0 0 0 0 0 0 0 0 0 0 0 0 0 0 0 0 0 0
0 0 0 0 0 0 0 0 0 0 0 0 70 70 79 79 79 79 79 79 79 79 79 79 79 79 79 79 79 79 79 79 79 79 79 79 0 0 0 0 0 0 0 0 79 79 79 79 79 79 79 79 79 79 79 79 79 79 79 79 79 79 0 0 0 0 0 0 0 0 0 0 0 0 0 0 0 0 0 0 0 0 0 0 0
0 0 0 0 0 0 0 0 0 0 0 0 70 70 79 79 79 79 79 79 79 79 79 79 79 79 79 79 79 79 79 79 79 79 79 79 0 0 0 0 0 0 0 0 0 0 79 79 79 79 79 79 79 79 79 79 79 79 79 79 79 0 0 0 0 0 0 0 0 0 0 0 0 0 0 0 0 0 0 0 0 0 0 0 0
0 0 0 0 0 0 0 0 0 0 0 0 70 79 79 79 79 79 79 79 79 79 79 79 79 79 79 79 79 79 79 79 79 79 79 79 0 0 0 0 0 0 0 0 0 0 0 0 79 79 79 79 79 79 79 79 79 79 79 79 79 0 0 0 0 0 0 0 0 0 0 0 0 0 0 0 0 0 0 0 0 0 0 0 0
0 0 0 0 0 0 0 0 0 0 0 0 79 79 79 79 79 79 79 79 79 79 79 79 79 79 79 79 79 79 79 79 79 79 79 79 0 0 0 0 0 0 0 0 0 0 0 0 0 79 79 79 79 79 79 79 79 79 79 79 79 0 0 0 0 0 0 0 0 0 0 0 0 0 0 0 0 0 0 0 0 0 0 0 0
0 0 0 0 0 0 0 0 0 0 0 0 79 79 79 79 79 79 79 79 79 79 79 79 79 79 79 79 79 79 79 79 79 79 79 79 0 0 0 0 0 0 0 0 0 0 0 0 0 0 0 79 79 79 79 79 79 79 79 79 79 0 0 0 0 0 0 0 0 0 0 0 0 0 0 0 0 0 0 0 0 0 0 0 0
0 0 0 0 0 0 0 0 0 0 0 0 79 79 79 79 79 79 79 79 79 79 79 79 79 79 79 79 79 79 79 79 79 79 79 0 0 0 0 0 0 0 0 0 0 0 0 0 0 0 0 0 79 79 79 79 79 79 79 79 0 0 0 0 0 0 0 0 0 0 0 0 0 0 0 0 0 0 0 0 0 0 0 0 0
0 0 0 0 0 0 0 0 0 0 0 0 79 79 79 79 79 79 79 79 79 79 79 79 79 79 79 79 79 79 79 79 79 79 79 0 0 0 0 0 0 0 0 0 0 0 0 0 0 0 0 0 0 79 79 79 79 79 79 79 0 0 0 0 0 0 0 0 0 0 0 0 0 0 0 0 0 0 0 0 0 0 0 0 0
0 0 0 0 0 0 0 0 0 0 0 0 79 79 79 79 79 79 79 79 79 79 79 79 79 79 79 79 79 79 79 79 79 79 79 0 0 0 0 0 0 0 0 0 0 0 0 0 0 0 0 0 0 0 79 79 79 79 0 0 0 0 0 0 0 0 0 0 0 0 0 0 0 0 0 0 0 0 0 0 0 0 0 0 0
0 0 0 0 0 0 0 0 0 0 0 0 79 79 79 79 79 79 79 79 79 79 79 79 79 79 79 79 79 79 79 79 79 79 0 0 0 0 0 0 0 0 0 0 0 0 0 0 0 0 0 0 0 0 0 0 0 0 0 0 0 0 0 0 0 0 0 0 0 0 0 0 0 0 0 0 0 0 0 0 0 0 0 0 0
0 0 0 0 0 0 0 0 0 0 0 0 79 79 79 79 79 79 79 79 79 79 79 79 79 79 79 79 79 79 79 79 79 0 0 0 0 0 0 0 0 0 0 0 0 0 0 0 0 0 0 0 0 0 0 0 0 0 0 0 0 0 0 0 0 0 0 0 0 0 0 0 0 0 0 0 0 0 0 0 0 0 0 0 0
0 0 0 0 0 0 0 0 0 0 0 0 79 79 79 79 79 79 79 79 79 79 79 79 79 79 79 79 79 79 79 79 79 0 0 0 0 0 0 0 0 0 0 0 0 0 0 0 0 0 0 0 0 0 0 0 0 0 0 0 0 0 0 0 0 0 0 0 0 0 0 0 0 0 0 0 0 0 0 0 0 0 0 0 0
0 0 0 0 0 0 0 0 0 0 0 0 79 79 79 79 79 79 79 79 79 79 79 79 79 79 79 79 79 79 79 79 0 0 0 0 0 0 0 0 0 0 0 0 0 0 0 0 0 0 0 0 0 0 0 0 0 0 0 0 0 0 0 0 0 0 0 0 0 0 0 0 0 0 0 0 0 0 0 0 0 0 0 0 0
0 0 0 0 0 0 0 0 0 0 0 0 79 79 79 79 79 79 79 79 79 79 79 79 79 79 79 79 79 79 0 0 0 0 0 0 0 0 0 0 0 0 0 0 0 0 0 0 0 0 0 0 0 0 0 0 0 0 0 0 0 0 0 0 0 0 0 0 0 0 0 0 0 0 0 0 0 0 0 0 0 0 0 0 0
0 0 0 0 0 0 0 0 0 0 0 0 79 79 79 79 79 79 79 79 79 79 79 79 79 79 79 79 0 0 0 0 0 0 0 0 0 0 0 0 0 0 0 0 0 0 0 0 0 0 0 0 0 0 0 0 0 0 0 0 0 0 0 0 0 0 0 0 0 0 0 0 0 0 0 0 0 0 0 0 0 0 0 0 0
0 0 0 0 0 0 0 0 0 0 0 0 79 79 79 79 79 79 79 79 79 79 79 79 79 79 0 0 0 0 0 0 0 0 0 0 0 0 0 0 0 0 0 0 0 0 0 0 0 0 0 0 0 0 0 0 0 0 0 0 0 0 0 0 0 0 0 0 0 0 0 0 0 0 0 0 0 0 0 0 0 0 0 0 0
0 0 0 0 0 0 0 0 0 0 0 0 79 79 79 79 79 79 79 79 79 79 79 0 0 0 0 0 0 0 0 0 0 0 0 0 0 0 0 0 0 0 0 0 0 0 0 0 0 0 0 0 0 0 0 0 0 0 0 0 0 0 0 0 0 0 0 0 0 0 0 0 0 0 0 0 0 0 0 0 0 0 0 0 0
0 0 0 0 0 0 0 0 0 0 0 0 79 79 79 79 79 79 79 79 0 0 0 0 0 0 0 0 0 0 0 0 0 0 0 0 0 0 0 0 0 0 0 0 0 0 0 0 0 0 0 0 0 0 0 0 0 0 0 0 0 0 0 0 0 0 0 0 0 0 0 0 0 0 0 0 0 0 0 0 0 0 0 0 0
0 0 0 0 0 0 0 0 0 0 0 0 79 79 79 0 0 0 0 0 0 0 0 0 0 0 0 0 0 0 0 0 0 0 0 0 0 0 0 0 0 0 0 0 0 0 0 0 0 0 0 0 0 0 0 0 0 0 0 0 0 0 0 0 0 0 0 0 0 0 0 0 0 0 0 0 0 0 0 0 0 0 0 0 0
0 0 0 0 0 0 0 0 0 0 0 0 0 0 0 0 0 0 0 0 0 0 0 0 0 0 0 0 0 0 0 0 0 0 0 0 0 0 0 0 0 0 0 0 0 0 0 0 0 0 0 0 0 0 0 0 0 0 0 0 0 0 0 0 0 0 0 0 0 0 0 0 0 0 0 0 0 0 0 0 0 0 0 0 0
0 0 0 0 0 0 0 0 0 0 0 0 0 0 0 0 0 0 0 0 0 0 0 0 0 0 0 0 0 0 0 0 0 0 0 0 0 0 0 0 0 0 0 0 0 0 0 0 0 0 0 0 0 0 0 0 0 0 0 0 0 0 0 0 0 0 0 0 0 0 0 0 0 0 0 0 0 0 0 0 0 0 0 0 0
0 0 0 0 0 0 0 0 0 0 0 0 0 0 0 0 0 0 0 0 0 0 0 0 0 0 0 0 0 0 0 0 0 0 0 0 0 0 0 0 0 0 0 0 0 0 0 0 0 0 0 0 0 0 0 0 0 0 0 0 0 0 0 0 0 0 0 0 0 0 0 0 0 0 0 0 0 0 0 0 0 0 0 0 0
0 0 0 0 0 0 0 0 0 0 0 0 0 0 0 0 0 0 0 0 0 0 0 0 0 0 0 0 0 0 0 0 0 0 0 0 0 0 0 0 0 0 0 0 0 0 0 0 0 0 0 0 0 0 0 0 0 0 0 0 0 0 0 0 0 0 0 0 0 0 0 0 0 0 0 0 0 0 0 0 0 0 0 0 0
0 0 0 0 0 0 0 0 0 0 0 0 0 0 0 0 0 0 0 0 0 0 0 0 0 0 0 0 0 0 0 0 0 0 0 0 0 0 0 0 0 0 0 0 0 0 0 0 0 0 0 0 0 0 0 0 0 0 0 0 0 0 0 0 0 0 0 0 0 0 0 0 0 0 0 0 0 0 0 0 0 0 0 0 0
0 0 0 0 0 0 0 0 0 0 0 0 0 0 0 0 0 0 0 0 0 0 0 0 0 0 0 0 0 0 0 0 0 0 0 0 0 0 0 0 0 0 0 0 0 0 0 0 0 0 0 0 0 0 0 0 0 0 0 0 0 0 0 0 0 0 0 0 0 0 0 0 0 0 0 0 0 0 0 0 0 0 0 0 0
0 0 0 0 0 0 0 0 0 0 0 0 0 0 0 0 0 0 0 0 0 0 0 0 0 0 0 0 0 0 0 0 0 0 0 0 0 0 0 0 0 0 0 0 0 0 0 0 0 0 0 0 0 0 0 0 0 0 0 0 0 0 0 0 0 0 0 0 0 0 0 0 0 0 0 0 0 0 0 0 0 0 0 0 0
0 0 0 0 0 0 0 0 0 0 0 0 0 0 0 0 0 0 0 0 0 0 0 0 0 0 0 0 0 0 0 0 0 0 0 0 0 0 0 0 0 0 0 0 0 0 0 0 0 0 0 0 0 0 0 0 0 0 0 0 0 0 0 0 0 0 0 0 0 0 0 0 0 0 0 0 0 0 0 0 0 0 0 0 0
0 0 0 0 0 0 0 0 0 0 0 0 0 0 0 0 0 0 0 0 0 0 0 0 0 0 0 0 0 0 0 0 0 0 0 0 0 0 0 0 0 0 0 0 0 0 0 0 0 0 0 0 0 0 0 0 0 0 0 0 0 0 0 0 0 0 0 0 0 0 0 0 0 0 0 0 0 0 0 0 0 0 0 0 0
0 0 0 0 0 0 0 0 0 0 0 0 0 0 0 0 0 0 0 0 0 0 0 0 0 0 0 0 0 0 0 0 0 0 0 0 0 0 0 0 0 0 0 0 0 0 0 0 0 0 0 0 0 0 0 0 0 0 0 0 0 0 0 0 0 0 0 0 0 0 0 0 0 0 0 0 0 0 0 0 0 0 0 0 0
0 0 0 0 0 0 0 0 0 0 0 0 0 0 0 0 0 0 0 0 0 0 0 0 0 0 0 0 0 0 0 0 0 0 0 0 0 0 0 0 0 0 0 0 0 0 0 0 0 0 0 0 0 0 0 0 0 0 0 0 0 0 0 0 0 0 0 0 0 0 0 0 0 0 0 0 0 0 0 0 0 0 0 0 0
0 0 0 0 0 0 0 0 0 0 0 0 0 0 0 0 0 0 0 0 0 0 0 0 0 0 0 0 0 0 0 0 0 0 0 0 0 0 0 0 0 0 0 0 0 0 0 0 0 0 0 0 0 0 0 0 0 0 0 0 0 0 0 0 0 0 0 0 0 0 0 0 0 0 0 0 0 0 0 0 0 0 0 0 0
0 0 0 0 0 0 0 0 0 0 0 0 0 0 0 0 0 0 0 0 0 0 0 0 0 0 0 0 0 0 0 0 0 0 0 0 0 0 0 0 0 0 0 0 0 0 0 0 0 0 0 0 0 0 0 0 0 0 0 0 0 0 0 0 0 0 0 0 0 0 0 0 0 0 0 0 0 0 0 0 0 0 0 0 0
0 0 0 0 0 0 0 0 0 0 0 0 0 0 0 0 0 0 0 0 0 0 0 0 0 0 0 0 0 0 0 0 0 0 0 0 0 0 0 0 0 0 0 0 0 0 0 0 0 0 0 0 0 0 0 0 0 0 0 0 0 0 0 0 0 0 0 0 0 0 0 0 0 0 0 0 0 0 0 0 0 0 0 0 0
0 0 0 0 0 0 0 0 0 0 0 0 0 0 0 0 0 0 0 0 0 0 0 0 0 0 0 0 0 0 0 0 0 0 0 0 0 0 0 0 0 0 0 0 0 0 0 0 0 0 0 0 0 0 0 0 0 0 0 0 0 0 0 0 0 0 0 0 0 0 0 0 0 0 0 0 0 0 0 0 0 0 0 0 0
0 0 0 0 0 0 0 0 0 0 0 0 0 0 0 0 0 0 0 0 0 0 0 0 0 0 0 0 0 0 0 0 0 0 0 0 0 0 0 0 0 0 0 0 0 0 0 0 0 0 0 0 0 0 0 0 0 0 0 0 0 0 0 0 0 0 0 0 0 0 0 0 0 0 0 0 0 0 0 0 0 0 0 0 0
0 0 0 0 0 0 0 0 0 0 0 0 0 0 0 0 0 0 0 0 0 0 0 0 0 0 0 0 0 0 0 0 0 0 0 0 0 0 0 0 0 0 0 0 0 0 0 0 0 0 0 0 0 0 0 0 0 0 0 0 0 0 0 0 0 0 0 0 0 0 0 0 0 0 0 0 0 0 0 0 0 0 0 0 0
0 0 0 0 0 0 0 0 0 0 0 0 0 0 0 0 0 0 0 0 0 0 0 0 0 0 0 0 0 0 0 0 0 0 0 0 0 0 0 0 0 0 0 0 0 0 0 0 0 0 0 0 0 0 0 0 0 0 0 0 0 0 0 0 0 0 0 0 0 0 0 0 0 0 0 0 0 0 0 0 0 0 0 0 0
0 0 0 0 0 0 0 0 0 0 0 0 0 0 0 0 0 0 0 0 0 0 0 0 0 0 0 0 0 0 0 0 0 0 0 0 0 0 0 0 0 0 0 0 0 0 0 0 0 0 0 0 0 0 0 0 0 0 0 0 0 0 0 0 0 0 0 0 0 0 0 0 0 0 0 0 0 0 0 0 0 0 0 0 0
0 0 0 0 0 0 0 0 0 0 0 0 0 0 0 0 0 0 0 0 0 0 0 0 0 0 0 0 0 0 0 0 0 0 0 0 0 0 0 0 0 0 0 0 0 0 0 0 0 0 0 0 0 0 0 0 0 0 0 0 0 0 0 0 0 0 0 0 0 0 0 0 0 0 0 0 0 0 0 0 0 0 0 0 0
0 0 0 0 0 0 0 0 0 0 0 0 0 0 0 0 0 0 0 0 0 0 0 0 0 0 0 0 0 0 0 0 0 0 0 0 0 0 0 0 0 0 0 0 0 0 0 0 0 0 0 0 0 0 0 0 0 0 0 0 0 0 0 0 0 0 0 0 0 0 0 0 0 0 0 0 0 0 0 0 0 0 0 0 0
0 0 0 0 0 0 0 0 0 0 0 0 0 0 0 0 0 0 0 0 0 0 0 0 0 0 0 0 0 0 0 0 0 0 0 0 0 0 0 0 0 0 0 0 0 0 0 0 0 0 0 0 0 0 0 0 0 0 0 0 0 0 0 0 0 0 0 0 0 0 0 0 0 0 0 0 0 0 0 0 0 0 0 0 0
0 0 0 0 0 0 0 0 0 0 0 0 0 0 0 0 0 0 0 0 0 0 0 0 0 0 0 0 0 0 0 0 0 0 0 0 0 0 0 0 0 0 0 0 0 0 0 0 0 0 0 0 0 0 0 0 0 0 0 0 0 0 0 0 0 0 0 0 0 0 0 0 0 0 0 0 0 0 0 0 0 0 0 0 0
0 0 0 0 0 0 0 0 0 0 0 0 0 0 0 0 0 0 0 0 0 0 0 0 0 0 0 0 0 0 0 0 0 0 0 0 0 0 0 0 0 0 0 0 0 0 0 0 0 0 0 0 0 0 0 0 0 0 0 0 0 0 0 0 0 0 0 0 0 0 0 0 0 0 0 0 0 0 0 0 0 0 0 0 0
0 0 0 0 0 0 0 0 0 0 0 0 0 0 0 0 0 0 0 0 0 0 0 0 0 0 0 0 0 0 0 0 0 0 0 0 0 0 0 0 0 0 0 0 0 0 0 0 0 0 0 0 0 0 0 0 0 0 0 0 0 0 0 0 0 0 0 0 0 0 0 0 0 0 0 0 0 0 0 0 0 0 0 0 0
0 0 0 0 0 0 0 0 0 0 0 0 0 0 0 0 0 0 0 0 0 0 0 0 0 0 0 0 0 0 0 0 0 0 0 0 0 0 0 0 0 0 0 0 0 0 0 0 0 0 0 0 0 0 0 0 0 0 0 0 0 0 0 0 0 0 0 0 0 0 0 0 0 0 0 0 0 0 0 0 0 0 0 0 0
0 0 0 0 0 0 0 0 0 0 0 0 0 0 0 0 0 0 0 0 0 0 0 0 0 0 0 0 0 0 0 0 0 0 0 0 0 0 0 0 0 0 0 0 0 0 0 0 0 0 0 0 0 0 0 0 0 0 0 0 0 0 0 0 0 0 0 0 0 0 0 0 0 0 0 0 0 0 0 0 0 0 0 0 0
