0 0 0 0 0 0 0 0 0 0 0 0 0 0 0 0 0 0 0 0 0 0 0 0 0 0 0 72 72 76 76 100 100 100 100 100 100 100 100 100 100 100 100 100 100 100 100 100 100 100 100 100 100 100 100 100 100 100 100 100 100 100 100 100 100 100 100 100 100 100 100 100 100 0 0 0 0 0 0 0 0 0 0 0 0
0 0 0 0 0 0 0 0 0 0 0 0 0 0 0 0 0 0 0 0 0 0 0 0 0 0 72 72 72 1 1 76 76 100 100 100 100 100 100 100 100 100 100 100 100 100 100 100 100 100 100 100 100 100 100 100 100 100 100 100 100 100 100 100 100 100 100 100 100 100 100 100 0 0 0 0 0 0 0 0 0 0 0 0 0
0 0 0 0 0 0 0 0 0 0 0 0 0 0 0 0 0 0 0 0 0 0 0 0 0 0 72 72 1 1 1 1 76 100 100 100 100 100 100 100 100 100 100 100 100 100 100 100 100 100 100 100 100 100 100 100 100 100 100 100 100 100 100 100 100 100 100 100 100 100 100 0 0 0 0 0 0 0 0 0 0 0 0 0 0
0 0 0 0 0 0 0 0 0 0 0 0 0 0 0 0 0 0 0 0 0 0 0 0 0 72 72 1 1 1 1 1 1 76 100 100 100 100 100 100 100 100 100 100 100 100 100 100 100 100 100 100 100 100 100 100 100 100 100 100 100 100 100 100 100 100 100 100 100 100 100 0 0 0 0 0 0 0 0 0 0 0 0 0 0
0 0 0 0 0 0 0 0 0 0 0 0 0 0 0 0 0 0 0 0 0 0 0 72 72 72 1 1 1 1 1 1 1 76 76 100 100 100 100 100 100 100 100 100 100 100 100 100 100 100 100 100 100 100 100 100 100 100 100 100 100 100 100 100 100 100 100 100 100 100 100 0 0 0 0 0 0 0 0 0 0 0 0 0 0
0 0 0 0 0 0 0 0 0 0 0 0 0 0 0 0 0 0 0 0 0 72 72 72 72 72 1 1 1 1 1 1 1 76 76 100 100 100 100 100 100 100 100 100 100 100 100 100 100 100 100 100 100 100 100 100 100 100 100 100 100 100 100 100 100 100 100 100 100 100 0 0 0 0 0 0 0 0 0 0 0 0 0 0 0
0 0 0 0 0 0 0 0 0 0 0 0 0 0 0 0 72 72 72 72 72 72 72 72 72 72 72 1 1 1 1 1 76 76 76 76 100 100 100 100 100 100 100 100 100 100 100 100 100 100 100 100 100 100 100 100 100 100 100 100 100 100 100 100 100 100 100 100 100 100 100 0 0 0 0 0 0 0 0 0 0 0 0 0 0
0 0 0 0 0 0 0 0 0 0 0 0 0 0 100 72 72 72 72 72 72 72 72 72 72 72 72 72 1 1 1 72 72 76 76 76 76 100 100 100 100 100 100 100 100 100 100 100 100 100 100 100 100 100 100 100 100 100 100 100 100 100 100 100 100 100 100 100 100 100 100 100 0 0 0 0 0 0 0 0 0 0 0 0 0
0 0 0 0 0 0 0 0 0 0 0 100 100 100 100 72 72 72 72 72 72 72 72 72 72 72 72 72 1 1 72 72 72 72 76 76 76 100 100 100 100 100 100 100 100 100 100 100 100 100 100 100 100 100 100 100 100 100 100 100 100 100 100 100 100 100 100 100 100 100 100 100 100 0 0 0 0 0 0 0 0 0 0 0 0
0 0 0 0 0 0 0 0 100 100 100 100 100 100 100 100 72 72 72 72 72 72 72 72 72 72 72 72 72 72 72 72 72 72 76 76 76 100 100 100 100 100 100 100 100 100 100 100 100 100 100 100 100 100 100 100 100 100 100 100 100 100 100 100 100 100 100 100 100 100 100 100 100 100 100 100 0 0 0 0 0 0 0 0 0
0 0 0 0 100 0 0 100 100 100 100 100 100 100 100 100 72 72 72 72 72 72 72 72 72 72 72 72 72 72 72 72 72 72 72 2 2 2 100 100 100 100 100 100 100 100 100 100 100 100 100 100 100 100 100 100 100 100 100 100 100 100 100 100 100 100 100 100 100 100 100 100 100 100 100 100 100 100 0 0 0 0 0 0 0
0 0 100 100 100 100 100 100 100 100 100 100 100 100 100 100 100 72 72 72 72 72 72 72 72 72 3 72 72 72 72 72 72 72 2 2 2 2 100 100 100 100 100 100 100 100 100 100 100 100 100 100 100 100 100 100 100 100 100 100 100 100 100 100 100 100 100 100 100 100 100 100 100 100 100 100 100 100 0 0 0 0 0 0 0
100 100 100 100 100 100 100 100 100 100 100 100 100 100 100 100 100 72 72 72 72 72 72 72 72 3 3 3 3 3 72 3 72 2 2 2 2 2 76 100 100 100 100 100 100 100 100 100 100 100 100 100 100 100 100 100 100 100 100 100 100 100 100 100 100 100 100 100 100 100 100 100 100 100 100 100 100 100 100 100 0 0 0 0 0
100 100 100 100 100 100 100 100 100 100 100 100 100 100 100 100 100 72 72 72 72 72 72 72 5 3 3 3 72 3 72 72 3 72 72 2 2 72 2 100 100 100 100 100 100 100 100 100 100 100 100 100 100 100 100 100 100 100 100 100 100 100 100 100 100 100 100 100 100 100 100 100 100 100 100 100 100 100 100 100 0 0 0 0 0
100 100 100 100 100 100 100 100 100 100 100 100 100 100 100 100 100 100 72 72 72 72 72 5 5 3 72 72 72 72 72 72 72 72 2 2 2 76 2 2 100 100 100 100 100 100 100 100 100 100 100 100 100 100 100 100 100 100 100 100 100 100 100 100 100 100 100 100 100 100 100 100 100 100 100 100 100 100 100 100 100 100 0 0 0
100 100 100 100 100 100 100 100 100 100 100 100 100 100 100 100 100 100 72 72 72 72 72 5 5 5 72 72 72 72 72 72 72 72 2 2 2 76 2 76 76 100 100 100 100 100 100 100 100 100 100 100 100 100 100 100 100 100 100 100 100 100 100 100 100 100 100 100 100 100 100 100 100 100 100 100 100 100 100 100 100 100 0 0 0
0 100 100 100 100 100 100 100 100 100 100 100 100 100 100 100 100 72 72 72 72 72 72 5 5 5 72 72 72 72 72 72 72 4 2 2 72 76 2 76 76 100 100 100 100 100 100 100 100 100 100 100 100 100 100 100 100 100 100 100 100 100 100 100 100 100 100 100 100 100 100 100 100 100 100 100 100 100 100 100 100 100 100 0 0
0 100 100 100 100 100 100 100 100 100 100 100 100 100 100 100 100 69 72 72 72 72 72 72 5 5 5 5 72 72 4 4 4 4 2 2 72 76 2 2 2 100 100 100 100 100 100 100 100 100 100 100 100 100 100 100 100 100 100 100 100 100 100 100 100 100 100 100 100 100 100 100 100 100 100 100 100 100 100 100 100 100 100 0 0
0 100 100 100 100 100 100 100 100 100 100 100 100 100 100 100 100 69 72 72 72 72 72 72 5 5 5 5 72 4 4 4 4 4 4 4 2 2 2 2 2 100 100 100 100 100 100 100 100 100 100 100 100 100 100 100 100 100 100 100 100 100 100 100 100 100 100 100 100 100 100 100 100 100 100 100 100 100 100 100 100 100 0 0 0
0 0 100 100 100 100 100 100 100 100 100 100 100 100 100 100 100 69 69 72 72 72 72 72 72 72 72 72 5 72 4 4 4 4 72 4 2 2 2 2 2 100 100 100 100 100 100 100 100 100 100 100 100 100 100 100 100 100 100 100 100 100 100 100 100 100 100 100 100 100 100 100 100 100 100 100 100 100 100 100 100 0 0 0 0
0 0 100 100 100 100 100 100 100 100 100 100 100 100 100 100 69 69 69 69 72 72 72 72 72 72 72 5 5 72 4 72 72 72 72 72 72 72 76 2 76 100 100 100 100 100 100 100 100 100 100 100 100 100 100 100 100 100 100 100 100 100 100 100 100 100 100 100 100 100 100 100 100 100 100 100 100 100 100 100 0 0 0 0 0
0 0 100 100 100 100 100 100 100 100 100 100 100 100 100 100 69 69 69 69 69 72 72 72 72 72 72 5 5 5 72 72 72 72 72 72 72 72 76 76 76 100 100 100 100 100 100 100 100 100 100 100 100 100 100 100 100 100 100 100 100 100 100 100 100 100 100 100 100 100 100 100 100 100 100 100 100 100 100 0 0 0 0 0 0
0 0 0 100 100 100 100 100 100 100 100 100 100 100 100 100 69 69 69 69 69 69 72 72 72 72 5 72 72 5 72 72 72 72 72 72 72 2 2 76 76 100 100 100 100 100 100 100 100 100 100 100 100 100 100 100 100 100 100 100 100 100 100 100 100 100 100 100 100 100 100 100 100 100 100 100 100 100 0 0 0 0 0 0 0
0 0 0 100 100 100 100 100 100 100 100 100 100 100 100 69 69 69 69 69 69 69 69 72 72 72 72 72 72 72 5 72 72 72 72 72 72 2 2 76 76 100 100 100 100 100 100 100 100 100 100 100 100 100 100 100 100 100 100 100 100 100 100 100 100 100 100 100 100 100 100 100 100 100 100 100 100 0 0 0 0 0 0 0 0
0 0 0 100 100 100 100 100 100 100 100 100 100 100 100 69 69 69 69 69 69 69 60 69 72 72 72 72 72 72 72 72 72 72 72 72 72 72 76 76 2 76 100 100 100 100 100 100 100 100 100 100 100 100 100 100 100 100 100 100 100 100 100 100 100 100 100 100 100 100 100 100 100 100 100 100 0 0 0 0 0 0 0 0 0
0 0 100 100 100 100 100 100 100 100 100 100 100 100 100 69 69 69 69 69 69 69 69 69 69 69 72 72 72 69 72 72 72 72 72 72 72 2 2 76 2 76 100 100 100 100 100 100 100 100 100 100 100 100 100 100 100 100 100 100 100 100 100 100 100 100 100 100 100 100 100 100 100 100 0 0 0 0 0 0 0 0 0 0 0
0 0 100 100 100 100 100 100 100 100 100 100 100 100 100 69 69 69 69 69 69 69 69 69 69 69 69 69 69 69 72 72 72 72 72 72 72 2 2 2 2 6 100 100 100 100 100 100 100 100 100 100 100 100 100 100 100 100 100 100 100 100 100 100 100 100 100 100 100 100 100 100 0 0 0 0 0 0 0 0 0 0 0 0 0
0 0 0 100 100 100 100 100 100 100 100 100 100 100 100 69 69 69 69 69 69 69 69 69 69 69 69 69 69 69 72 72 56 72 72 72 72 2 6 6 6 6 76 100 100 100 100 100 100 100 100 100 100 100 100 100 100 100 100 100 100 100 100 100 100 100 100 100 100 100 0 0 0 0 0 0 0 0 0 0 0 0 0 0 0
0 0 0 100 100 100 100 100 100 100 100 100 100 100 69 69 69 69 69 69 69 69 69 69 69 69 69 69 69 69 72 72 56 56 72 72 72 6 6 6 6 6 76 100 100 100 100 100 100 100 100 100 100 100 100 100 100 100 100 100 100 100 100 100 100 100 100 100 100 100 0 0 0 0 0 0 0 0 0 0 0 0 0 0 0
0 0 0 100 100 100 100 100 100 100 100 100 100 100 69 69 69 69 69 69 69 69 69 69 69 69 69 69 69 69 72 56 56 56 72 72 72 6 6 6 6 6 76 100 100 100 100 100 100 100 100 100 100 100 100 100 100 100 100 100 100 100 100 100 100 100 100 100 0 0 0 0 0 0 0 0 0 0 0 0 0 0 0 0 0
0 0 100 100 100 100 100 100 100 100 100 100 100 100 69 69 69 69 69 69 69 69 69 69 69 69 69 69 69 69 72 56 56 72 72 72 72 6 6 6 6 6 76 100 100 100 100 100 100 100 100 100 100 100 100 100 100 100 100 100 100 100 100 100 100 100 100 0 0 0 0 0 0 0 0 0 0 0 0 0 0 0 0 0 0
0 0 0 100 100 100 100 100 100 100 100 100 100 100 69 69 69 69 69 69 69 69 69 69 69 69 69 69 69 69 69 72 72 72 72 72 72 6 6 6 6 6 6 100 100 100 100 100 100 100 100 100 100 100 100 100 100 100 100 100 100 100 100 100 100 100 100 0 0 0 0 0 0 0 0 0 0 0 0 0 0 0 0 0 0
0 0 0 100 100 100 100 100 100 100 100 100 100 100 69 69 69 69 69 69 69 69 74 74 74 74 69 69 69 69 69 69 72 72 72 72 72 6 6 6 6 6 6 100 100 100 100 100 100 100 100 100 100 100 100 100 100 100 100 100 100 100 100 100 100 100 100 0 0 0 0 0 0 0 0 0 0 0 0 0 0 0 0 0 0
0 0 100 100 100 100 100 100 100 100 100 100 100 100 69 69 69 69 74 74 74 74 74 74 74 74 69 69 69 69 69 69 69 72 72 72 72 6 6 6 6 6 6 100 100 100 100 100 100 100 100 100 100 100 100 100 100 100 100 100 100 100 100 100 100 100 100 100 0 0 0 0 0 0 0 0 0 0 0 0 0 0 0 0 0
0 0 100 100 100 100 100 100 100 100 100 100 100 100 69 69 69 69 74 74 74 74 74 74 74 69 69 69 69 69 69 69 69 69 69 72 72 6 6 6 6 6 6 100 100 100 100 100 100 100 100 100 100 100 100 100 100 100 100 100 100 100 100 100 100 100 100 100 0 0 0 0 0 0 0 0 0 0 0 0 0 0 0 0 0
0 0 100 100 100 100 100 100 100 100 100 100 100 100 69 69 69 69 74 74 74 74 74 74 74 69 69 69 69 69 69 69 69 69 69 69 72 6 6 6 6 6 6 100 100 100 100 100 100 100 100 100 100 100 100 100 100 100 100 100 100 100 100 100 100 100 100 100 100 0 0 0 0 0 0 0 0 0 0 0 0 0 0 0 0
0 0 100 100 100 100 100 100 100 100 100 100 100 100 100 69 69 74 74 74 74 74 74 74 74 69 69 69 69 69 69 69 69 69 69 69 69 6 6 6 6 6 6 100 100 100 100 100 100 100 100 100 100 100 100 100 100 100 100 100 100 100 100 100 100 100 100 100 100 0 0 0 0 0 0 0 0 0 0 0 0 0 0 0 0
0 0 100 100 100 100 100 100 100 100 100 100 100 100 100 69 69 74 74 74 74 74 74 74 74 74 74 74 69 69 69 69 69 69 69 69 69 6 6 6 6 6 7 100 100 100 100 100 100 100 100 100 100 100 100 100 100 100 100 100 100 100 100 100 100 100 100 100 100 0 0 0 0 0 0 0 0 0 0 0 0 0 0 0 0
0 0 100 100 100 100 100 100 100 100 100 100 100 100 100 69 74 74 74 74 74 74 74 74 74 74 74 74 74 74 69 69 69 69 69 69 69 6 6 72 72 76 7 100 100 100 100 100 100 100 100 100 100 100 100 100 100 100 100 100 100 100 100 100 100 100 100 100 100 100 0 0 0 0 0 0 0 0 0 0 0 0 0 0 0
0 100 100 100 100 100 100 100 100 100 100 100 100 100 100 100 74 74 74 74 74 74 74 74 74 74 74 74 74 74 69 69 69 69 69 69 8 69 69 72 7 7 7 100 100 100 100 100 100 100 100 100 100 100 100 100 100 100 100 100 100 100 100 100 100 100 100 100 100 100 100 0 0 0 0 0 0 0 0 0 0 0 0 0 0
0 100 100 100 100 100 100 100 100 100 100 100 100 100 100 100 74 74 74 74 74 74 74 74 74 74 74 74 74 74 74 69 69 69 69 69 69 78 78 76 7 7 100 100 100 100 100 100 100 100 100 100 100 100 100 100 100 100 100 100 100 100 100 100 100 100 100 100 100 100 100 0 0 0 0 0 0 0 0 0 0 0 0 0 0
0 0 100 100 100 100 100 100 100 100 100 100 100 100 100 100 100 74 74 74 74 74 74 74 74 74 74 74 74 74 74 78 69 69 69 78 78 78 78 76 76 76 100 100 100 100 100 100 100 100 100 100 100 100 100 100 100 100 100 100 100 100 100 100 100 100 100 100 100 100 100 0 0 0 0 0 0 0 0 0 0 0 0 0 0
0 0 0 100 100 100 100 100 100 100 100 100 100 100 100 100 100 100 74 74 74 74 74 74 74 74 74 74 74 74 74 74 78 78 78 78 78 8 7 7 76 76 76 100 100 100 100 100 100 100 100 100 100 100 100 100 100 100 100 100 100 100 100 100 100 100 100 100 100 100 100 0 0 0 0 0 0 0 0 0 0 0 0 0 0
0 0 0 100 100 100 100 100 100 100 100 100 100 100 100 100 100 100 100 74 74 74 74 74 74 74 74 74 74 74 9 9 78 78 78 78 8 8 7 7 7 76 76 76 100 100 100 100 100 100 100 100 100 100 100 100 100 100 100 100 100 100 100 100 100 100 100 100 100 100 100 100 0 0 0 0 0 0 0 0 0 0 0 0 0
0 100 100 100 100 100 100 100 100 100 100 100 100 100 100 100 100 100 100 74 74 74 74 74 74 74 74 74 74 74 9 9 78 78 78 8 8 8 8 7 7 7 7 7 76 100 100 100 100 100 100 100 100 100 100 100 100 100 100 100 100 100 100 100 100 100 100 100 100 100 100 100 100 0 0 0 0 0 0 0 0 0 0 0 0
0 100 100 100 100 100 100 100 100 100 100 100 100 100 100 100 100 100 100 100 74 74 74 74 74 74 74 74 74 74 74 74 78 78 78 8 8 78 78 8 7 7 7 7 7 76 100 100 100 100 100 100 100 100 100 100 100 100 100 100 100 100 100 100 100 100 100 100 100 100 100 100 100 0 0 0 0 0 0 0 0 0 0 0 0
0 100 100 100 100 100 100 100 100 100 100 100 100 100 100 100 100 100 100 100 74 74 74 74 74 74 74 74 74 74 74 74 78 78 78 78 8 78 78 78 7 7 7 7 76 76 76 76 100 100 100 100 100 100 100 100 100 100 100 100 100 100 100 100 100 100 100 100 100 100 100 100 100 0 0 0 0 0 0 0 0 0 0 0 0
0 100 100 100 100 100 100 100 100 100 100 100 100 100 100 100 100 100 100 100 74 74 74 74 74 74 74 74 74 74 74 74 74 74 78 78 8 8 8 78 76 7 7 76 76 76 76 76 100 100 100 100 100 100 100 100 100 100 100 100 100 100 100 100 100 100 100 100 100 100 100 100 100 0 0 0 0 0 0 0 0 0 0 0 0
100 100 100 100 100 100 100 100 100 100 100 100 100 100 100 100 100 100 100 100 74 74 74 74 74 74 74 74 74 74 74 74 74 74 74 78 78 8 8 8 76 76 7 76 76 76 76 76 100 100 100 100 100 100 100 100 100 100 100 100 100 100 100 100 100 100 100 100 100 100 100 100 100 100 0 0 0 0 0 0 0 0 0 0 0
100 100 100 100 100 100 100 100 100 100 100 100 100 100 100 100 100 100 100 100 74 74 74 74 74 74 74 74 74 74 74 74 74 74 74 78 78 78 78 78 78 76 76 76 7 7 76 76 100 100 100 100 100 100 100 100 100 100 100 100 100 100 100 100 100 100 100 100 100 100 100 100 100 100 100 0 0 0 0 0 0 0 0 0 0
100 100 100 100 100 100 100 100 100 100 100 100 100 100 100 100 100 100 100 100 74 74 74 74 74 74 74 74 74 74 74 74 74 74 74 78 78 78 78 78 78 76 76 7 7 76 76 76 100 100 100 100 100 100 100 100 100 100 100 100 100 100 100 100 100 100 100 100 100 100 100 100 100 100 100 0 0 0 0 0 0 0 0 0 0
100 100 100 100 100 100 100 100 100 100 100 100 100 100 100 100 100 100 100 100 74 74 74 64 74 74 74 74 74 74 74 74 74 74 74 78 78 78 8 8 8 78 76 7 7 76 76 76 100 100 100 100 100 100 100 100 100 100 100 100 100 100 100 100 100 100 100 100 100 100 100 100 100 100 0 0 0 0 0 0 0 0 0 0 0
100 100 100 100 100 100 100 100 100 100 100 100 100 100 100 100 100 100 100 100 74 74 74 74 74 74 74 74 74 74 74 74 74 74 74 78 78 78 8 8 8 78 76 76 76 76 76 76 100 100 100 100 100 100 100 100 100 100 100 100 100 100 100 100 100 100 100 100 100 100 100 100 100 100 0 0 0 0 0 0 0 0 0 0 0
100 100 100 100 100 100 100 100 100 100 100 100 100 100 100 100 100 100 100 100 74 74 74 74 74 74 74 74 74 74 74 74 74 74 74 78 78 78 78 8 78 78 76 76 76 76 76 76 100 100 100 100 100 100 100 100 100 100 100 100 100 100 100 100 100 100 100 100 100 100 100 100 0 0 0 0 0 0 0 0 0 0 0 0 0
100 100 100 100 100 100 100 100 100 100 100 100 100 100 100 100 100 100 100 100 74 74 74 74 74 74 74 74 74 74 74 74 74 74 74 78 78 78 8 78 78 78 76 76 76 76 76 76 100 100 100 100 100 100 100 100 100 100 100 100 100 100 100 100 100 100 100 100 100 100 100 100 0 0 0 0 0 0 0 0 0 0 0 0 0
0 100 100 100 100 100 100 100 100 100 100 100 100 100 100 100 100 100 100 100 74 74 74 74 74 74 74 74 74 74 74 74 74 74 74 78 78 78 78 78 78 78 76 76 76 76 76 100 100 100 100 100 100 100 100 100 100 100 100 100 100 100 100 100 100 100 100 100 100 100 100 100 100 0 0 0 0 0 0 0 0 0 0 0 0
0 0 100 100 100 100 100 100 100 100 100 100 100 100 100 100 100 100 100 100 74 74 74 74 64 74 74 74 74 74 74 74 74 74 78 78 78 78 78 78 78 78 76 76 76 76 76 100 100 100 100 100 100 100 100 100 100 100 100 100 100 100 100 100 100 100 100 100 100 100 100 100 100 0 0 0 0 0 0 0 0 0 0 0 0
0 0 100 100 100 100 100 100 100 100 100 100 100 100 100 100 100 100 100 74 74 74 74 74 74 74 74 74 74 74 74 74 74 74 78 78 78 78 78 78 78 78 76 76 76 76 76 100 100 100 100 100 100 100 100 100 100 100 100 100 100 100 100 100 100 100 100 100 100 100 100 100 100 0 0 0 0 0 0 0 0 0 0 0 0
0 0 100 100 100 100 100 100 100 100 100 100 100 100 100 100 100 100 100 74 74 74 74 74 74 74 74 74 74 74 74 74 74 74 74 78 78 78 10 10 10 78 76 76 76 76 100 100 100 100 100 100 100 100 100 100 100 100 100 100 100 100 100 100 100 100 100 100 100 100 100 100 100 0 0 0 0 0 0 0 0 0 0 0 0
0 100 100 100 100 100 100 100 100 100 100 100 100 100 100 100 100 100 100 69 69 74 74 74 74 74 74 74 74 74 74 74 74 74 78 78 78 10 10 78 78 78 76 76 76 76 100 100 100 100 100 100 100 100 100 100 100 100 100 100 100 100 100 100 100 100 100 100 100 100 100 100 100 0 0 0 0 0 0 0 0 0 0 0 0
100 100 100 100 100 100 100 100 100 100 100 100 100 100 100 100 100 100 69 69 69 69 69 74 74 74 74 74 74 74 74 74 74 74 78 78 78 78 78 78 78 78 76 10 10 76 100 100 100 100 100 100 100 100 100 100 100 100 100 100 100 100 100 100 100 100 100 100 100 100 100 100 100 0 0 0 0 0 0 0 0 0 0 0 0
100 100 100 100 100 100 100 100 100 100 100 100 100 100 100 100 100 100 69 69 69 64 64 69 74 74 69 69 69 74 74 74 74 78 78 78 78 78 78 78 78 78 76 76 76 76 100 100 100 100 100 100 100 100 100 100 100 100 100 100 100 100 100 100 100 100 100 100 100 100 100 100 100 100 0 0 0 0 0 0 0 0 0 0 0
100 100 100 100 100 100 100 100 100 100 100 100 100 100 100 100 100 69 69 69 69 64 64 64 64 69 69 69 69 69 74 74 74 78 78 78 78 78 78 78 78 78 76 76 76 100 100 100 100 100 100 100 100 100 100 100 100 100 100 100 100 100 100 100 100 100 100 100 100 100 100 100 100 100 100 0 0 0 0 0 0 0 0 0 0
100 100 100 100 100 100 100 100 100 100 100 100 100 100 100 100 69 69 69 69 69 69 64 64 64 69 69 69 69 69 69 74 74 78 78 78 78 78 78 78 78 76 76 76 76 100 100 100 100 100 100 100 100 100 100 100 100 100 100 100 100 100 100 100 100 100 100 100 100 100 100 100 100 100 100 0 0 0 0 0 0 0 0 0 0
100 100 100 100 100 100 100 100 100 100 100 100 100 100 100 100 69 69 69 69 69 69 69 64 64 64 69 69 69 69 69 69 74 78 78 78 78 78 78 78 78 76 76 76 76 100 100 100 100 100 100 100 100 100 100 100 100 100 100 100 100 100 100 100 100 100 100 100 100 100 100 100 100 100 100 100 0 0 0 0 0 0 0 0 0
100 100 100 100 100 100 100 100 100 100 100 100 100 100 100 100 69 11 11 69 69 69 69 69 69 69 69 69 69 69 69 69 78 78 78 78 78 78 78 78 78 76 76 76 76 100 100 100 100 100 100 100 100 100 100 100 100 100 100 100 100 100 100 100 100 100 100 100 100 100 100 100 100 100 100 100 100 0 0 0 0 0 0 0 0
100 100 100 100 100 100 100 100 100 100 100 100 100 100 100 100 69 11 11 11 69 69 69 69 69 69 69 69 69 69 69 69 78 78 78 78 78 78 78 78 78 76 76 76 76 100 100 100 100 100 100 100 100 100 100 100 100 100 100 100 100 100 100 100 100 100 100 100 100 100 100 100 100 100 100 100 100 0 0 0 0 0 0 0 0
100 100 100 100 100 100 100 100 100 100 100 100 100 100 100 100 69 69 11 11 11 11 69 69 69 69 69 69 69 69 69 69 78 78 78 78 78 76 76 78 78 76 76 76 100 100 100 100 100 100 100 100 100 100 100 100 100 100 100 100 100 100 100 100 100 100 100 100 100 100 100 100 100 100 100 100 100 100 0 0 0 0 0 0 0
0 100 100 100 100 100 100 100 100 100 100 100 100 100 100 100 69 11 11 11 11 11 11 69 69 69 69 80 69 69 69 78 78 78 78 78 76 76 76 76 78 76 76 76 100 100 100 100 100 100 100 100 100 100 100 100 100 100 100 100 100 100 100 100 100 100 100 100 100 100 100 100 100 100 100 100 100 0 0 0 0 0 0 0 0
0 0 100 100 100 100 100 100 100 100 100 100 100 100 100 100 100 69 11 11 69 11 11 11 69 69 69 80 69 69 69 69 78 78 78 78 76 76 76 76 76 76 76 10 10 100 100 100 100 100 100 100 100 100 100 100 100 100 100 100 100 100 100 100 100 100 100 100 100 100 100 100 100 100 100 100 100 100 0 0 0 0 0 0 0
100 100 100 100 100 100 100 100 100 100 100 100 100 100 100 100 100 100 69 69 11 11 69 69 69 69 80 80 69 69 69 69 78 78 78 78 76 76 76 76 76 76 10 10 10 100 100 100 100 100 100 100 100 100 100 100 100 100 100 100 100 100 100 100 100 100 100 100 100 100 100 100 100 100 100 100 100 100 0 0 0 0 0 0 0
100 100 100 100 100 100 100 100 100 100 100 100 100 100 100 100 100 100 100 100 69 69 69 69 69 69 80 80 69 69 69 69 78 78 78 78 76 76 76 76 76 76 76 10 76 100 100 100 100 100 100 100 100 100 100 100 100 100 100 100 100 100 100 100 100 100 100 100 100 100 100 100 100 100 100 100 100 100 100 0 0 0 0 0 0
100 100 100 100 100 100 100 100 100 100 100 100 100 100 100 100 100 100 100 100 100 100 69 69 69 69 69 80 69 69 69 69 80 80 80 80 76 76 76 76 76 76 76 10 76 100 100 100 100 100 100 100 100 100 100 100 100 100 100 100 100 100 100 100 100 100 100 100 100 100 100 100 100 100 100 100 100 100 100 0 0 0 0 0 0
100 100 100 100 100 100 100 100 100 100 100 100 100 100 100 100 100 100 100 100 100 100 100 69 69 69 80 80 69 69 69 69 80 80 80 80 80 76 76 76 76 76 76 10 10 100 100 100 100 100 100 100 100 100 100 100 100 100 100 100 100 100 100 100 100 100 100 100 100 100 100 100 100 100 100 100 100 100 100 0 0 0 0 0 0
100 100 100 100 100 100 100 100 100 100 100 100 100 100 100 100 100 100 100 100 100 100 100 69 69 69 80 80 80 80 80 80 80 80 80 80 80 76 76 76 76 76 76 10 100 100 100 100 100 100 100 100 100 100 100 100 100 100 100 100 100 100 100 100 100 100 100 100 100 100 100 100 100 100 100 100 100 100 0 0 0 0 0 0 0
100 100 100 100 100 100 100 100 100 100 100 100 100 100 100 100 100 100 100 100 100 100 100 100 69 69 80 80 80 80 80 80 80 80 80 80 80 80 76 76 76 76 76 76 100 100 100 100 100 100 100 100 100 100 100 100 100 100 100 100 100 100 100 100 100 100 100 100 100 100 100 100 100 100 0 0 0 0 0 0 0 0 0 0 0
100 100 100 100 100 100 100 100 100 100 100 100 100 100 100 100 100 100 100 100 100 100 100 100 69 80 80 80 80 80 80 80 80 80 80 80 80 80 76 76 76 76 76 76 100 100 100 100 100 100 100 100 100 100 100 100 100 100 100 100 100 100 100 100 100 100 100 100 100 100 100 100 0 0 0 0 0 0 0 0 0 0 0 0 0
100 100 100 100 100 100 100 100 100 100 100 100 100 100 100 100 100 100 100 100 100 100 100 100 100 80 80 80 80 80 80 80 80 80 80 80 80 80 80 76 76 76 76 100 100 100 100 100 100 100 100 100 100 100 100 100 100 100 100 100 100 100 100 100 100 100 100 100 100 100 100 0 0 0 0 0 0 0 0 0 0 0 0 0 0
100 100 100 100 100 100 100 100 100 100 100 100 100 100 100 100 100 100 100 100 100 100 100 100 100 80 80 80 80 80 80 80 80 80 80 80 80 80 80 76 76 12 12 100 100 100 100 100 100 100 100 100 100 100 100 100 100 100 100 100 100 100 100 100 100 100 100 100 100 100 100 0 0 0 0 0 0 0 0 0 0 0 0 0 0
100 100 100 100 100 100 100 100 100 100 100 100 100 100 100 100 100 100 100 100 100 100 100 100 100 80 80 80 80 80 80 80 80 80 80 80 80 80 12 12 12 12 12 100 100 100 100 100 100 100 100 100 100 100 100 100 100 100 100 100 100 100 100 100 100 100 100 100 100 100 100 100 0 0 0 0 0 0 0 0 0 0 0 0 0
100 100 100 100 100 100 100 100 100 100 100 100 100 100 100 100 100 100 100 100 100 100 100 100 100 80 80 80 80 80 80 80 80 80 80 80 80 80 80 80 12 76 12 12 100 100 100 100 100 100 100 100 100 100 100 100 100 100 100 100 100 100 100 100 100 100 100 100 100 100 100 100 0 0 0 0 0 0 0 0 0 0 0 0 0
100 100 100 100 100 100 100 100 100 100 100 100 100 100 100 100 100 100 100 100 100 100 100 100 100 80 80 80 80 80 80 80 80 80 80 80 80 80 80 80 12 12 12 12 100 100 100 100 100 100 100 100 100 100 100 100 100 100 100 100 100 100 100 100 100 100 100 100 100 100 100 100 0 0 0 0 0 0 0 0 0 0 0 0 0
100 100 100 100 100 100 100 100 100 100 100 100 100 100 100 100 100 100 100 100 100 100 100 100 100 80 80 80 80 80 80 80 80 80 80 80 80 12 12 80 12 12 12 76 76 100 100 100 100 100 100 100 100 100 100 100 100 100 100 100 100 100 100 100 100 100 100 100 100 100 100 100 0 0 0 0 0 0 0 0 0 0 0 0 0
100 100 100 100 100 100 100 100 100 100 100 100 100 100 100 100 100 100 100 100 100 100 100 100 100 80 80 80 80 80 80 80 80 80 80 80 12 12 12 12 12 12 12 12 76 100 100 100 100 100 100 100 100 100 100 100 100 100 100 100 100 100 100 100 100 100 100 100 100 100 100 100 100 0 0 0 0 0 0 0 0 0 0 0 0
100 100 100 100 100 100 100 100 100 100 100 100 100 100 100 100 100 100 100 100 100 100 100 100 100 80 80 80 80 80 80 80 80 80 80 80 12 12 12 12 12 12 12 12 76 76 100 100 100 100 100 100 100 100 100 100 100 100 100 100 100 100 100 100 100 100 100 100 100 100 100 100 100 0 0 0 0 0 0 0 0 0 0 0 0
100 100 100 100 100 100 100 100 100 100 100 100 100 100 100 100 100 100 100 100 100 100 100 100 100 80 80 80 80 80 80 80 80 80 80 80 80 12 12 12 12 12 12 76 76 76 100 100 100 100 100 100 100 100 100 100 100 100 100 100 100 100 100 100 100 100 100 100 100 100 100 100 100 100 0 0 0 0 0 0 0 0 0 0 0
100 100 100 100 100 100 100 100 100 100 100 100 100 100 100 100 100 100 100 100 100 100 100 100 100 80 80 80 80 80 80 80 80 15 80 80 80 12 12 12 12 12 12 76 76 76 100 100 100 100 100 100 100 100 100 100 100 100 100 100 100 100 100 100 100 100 100 100 100 100 100 100 100 100 100 100 0 0 0 0 0 0 0 0 0
100 100 100 100 100 100 100 100 100 100 100 100 100 100 100 100 100 100 100 100 100 100 100 100 69 80 80 80 80 80 80 80 80 15 80 15 15 80 13 12 12 12 12 76 76 100 100 100 100 100 100 100 100 100 100 100 100 100 100 100 100 100 100 100 100 100 100 100 100 100 100 100 100 100 100 100 100 0 0 0 0 0 0 0 0
100 100 100 100 100 100 100 100 100 100 100 100 100 100 100 100 100 100 100 100 100 100 100 100 69 80 80 80 80 80 80 80 80 80 15 15 15 13 13 12 12 76 12 76 76 100 100 100 100 100 100 100 100 100 100 100 100 100 100 100 100 100 100 100 100 100 100 100 100 100 100 100 100 100 100 100 100 100 0 0 0 0 0 0 0
100 100 100 100 100 100 100 100 100 100 100 100 100 100 100 100 100 100 100 100 100 100 100 100 69 80 80 80 80 80 80 80 80 80 15 15 15 13 13 13 13 13 76 76 76 100 100 100 100 100 100 100 100 100 100 100 100 100 100 100 100 100 100 100 100 100 100 100 100 100 100 100 100 100 100 100 100 100 0 0 0 0 0 0 0
100 100 100 100 100 100 100 100 100 100 100 100 100 100 100 100 100 100 100 100 100 100 100 100 69 80 80 80 80 80 80 80 80 80 80 80 13 13 13 13 13 13 76 76 100 100 100 100 100 100 100 100 100 100 100 100 100 100 100 100 100 100 100 100 100 100 100 100 100 100 100 100 100 100 100 100 100 100 0 0 0 0 0 0 0
100 100 100 100 100 100 100 100 100 100 100 100 100 100 100 100 100 100 100 100 100 100 100 100 69 80 80 80 80 80 80 80 80 80 80 80 80 80 13 80 76 76 76 76 100 100 100 100 100 100 100 100 100 100 100 100 100 100 100 100 100 100 100 100 100 100 100 100 100 100 100 100 100 100 100 100 100 100 100 0 0 0 0 0 0
100 100 100 100 100 100 100 100 100 100 100 100 100 100 100 100 100 100 100 100 100 100 100 100 69 80 80 80 80 80 80 80 80 15 15 80 80 80 80 80 76 76 76 100 100 100 100 100 100 100 100 100 100 100 100 100 100 100 100 100 100 100 100 100 100 100 100 100 100 100 100 100 100 100 100 100 100 100 100 100 0 0 0 0 0
100 100 100 100 100 100 100 100 100 100 100 100 100 100 100 100 100 100 100 100 100 100 100 15 69 80 80 80 80 80 80 80 80 80 80 80 14 14 14 14 76 76 76 100 100 100 100 100 100 100 100 100 100 100 100 100 100 100 100 100 100 100 100 100 100 100 100 100 100 100 100 100 100 100 100 100 100 100 100 100 0 0 0 0 0
100 100 100 100 100 100 100 100 100 100 100 100 100 100 100 100 100 100 100 100 100 100 100 15 69 80 80 80 80 80 80 80 80 80 80 80 14 14 14 14 80 76 76 100 100 100 100 100 100 100 100 100 100 100 100 100 100 100 100 100 100 100 100 100 100 100 100 100 100 100 100 100 100 100 100 100 100 100 100 100 100 0 0 0 0
100 100 100 100 100 100 100 100 100 100 100 100 100 100 100 100 100 100 100 100 100 100 100 69 69 80 80 80 80 80 80 80 80 80 80 80 14 14 14 80 80 76 76 100 100 100 100 100 100 100 100 100 100 100 100 100 100 100 100 100 100 100 100 100 100 100 100 100 100 100 100 100 100 100 100 100 100 100 100 100 100 0 0 0 0
100 100 100 100 100 100 100 100 100 100 100 100 100 100 100 100 100 100 100 100 100 100 100 69 69 80 80 80 80 80 80 80 80 80 80 80 57 57 14 80 80 80 76 100 100 100 100 100 100 100 100 100 100 100 100 100 100 100 100 100 100 100 100 100 100 100 100 100 100 100 100 100 100 100 100 100 100 100 100 100 100 0 0 0 0
100 100 100 100 100 100 100 100 100 100 100 100 100 100 100 100 100 100 100 100 100 100 100 69 69 80 80 80 80 80 80 80 80 80 80 80 80 57 14 80 80 80 100 100 100 100 100 100 100 100 100 100 100 100 100 100 100 100 100 100 100 100 100 100 100 100 100 100 100 100 100 100 100 100 100 100 100 100 100 100 100 100 0 0 0
100 100 100 100 100 100 100 100 100 100 100 100 100 100 100 100 100 100 100 100 100 100 100 69 75 80 80 80 80 80 80 80 80 80 80 80 57 57 14 80 80 80 100 100 100 100 100 100 100 100 100 100 100 100 100 100 100 100 100 100 100 100 100 100 100 100 100 100 100 100 100 100 100 100 100 100 100 100 100 100 100 0 0 0 0
100 100 100 100 100 100 100 100 100 100 100 100 100 100 100 100 100 100 100 100 100 100 100 75 75 75 75 75 80 80 80 80 80 80 80 80 57 80 80 80 80 80 100 100 100 100 100 100 100 100 100 100 100 100 100 100 100 100 100 100 100 100 100 100 100 100 100 100 100 100 100 100 100 100 100 100 100 100 100 100 100 0 0 0 0
100 100 100 100 100 100 100 100 100 100 100 100 100 100 100 100 100 100 100 100 100 100 100 75 75 75 75 75 80 80 80 80 80 80 80 80 80 80 80 80 80 80 100 100 100 100 100 100 100 100 100 100 100 100 100 100 100 100 100 100 100 100 100 100 100 100 100 100 100 100 100 100 100 100 100 100 100 100 100 100 100 100 0 0 0
100 100 100 100 100 100 100 100 100 100 100 100 100 100 100 100 100 100 100 100 100 100 100 75 75 75 75 75 75 80 80 80 80 80 80 57 57 57 80 80 80 80 100 100 100 100 100 100 100 100 100 100 100 100 100 100 100 100 100 100 100 100 100 100 100 100 100 100 100 100 100 100 100 100 100 100 100 100 100 100 100 100 0 0 0
100 100 100 100 100 100 100 100 100 100 100 100 100 100 100 100 100 100 100 100 100 100 100 75 75 75 52 52 52 52 52 52 52 80 80 80 57 57 80 80 80 80 100 100 100 100 100 100 100 100 100 100 100 100 100 100 100 100 100 100 100 100 100 100 100 100 100 100 100 100 100 100 100 100 100 100 100 100 100 100 100 100 0 0 0
100 100 100 100 100 100 100 100 100 100 100 100 100 100 100 100 100 100 100 100 100 100 100 75 75 75 52 52 52 52 52 52 52 75 75 80 80 57 80 80 80 80 100 100 100 100 100 100 100 100 100 100 100 100 100 100 100 100 100 100 100 100 100 100 100 100 100 100 100 100 100 100 100 100 100 100 100 100 100 100 100 100 0 0 0
100 100 100 100 100 100 100 100 100 100 100 100 100 100 100 100 100 100 100 100 100 100 75 75 75 75 52 52 52 52 52 52 52 75 75 75 75 80 80 80 80 80 100 100 100 100 100 100 100 100 100 100 100 100 100 100 100 100 100 100 100 100 100 100 100 100 100 100 100 100 100 100 100 100 100 100 100 100 100 100 100 100 0 0 0
100 100 100 100 100 100 100 100 100 100 100 100 100 100 100 100 100 100 100 100 100 100 75 75 75 75 52 52 52 52 52 52 52 75 75 75 75 75 80 77 77 77 100 100 100 100 100 100 100 100 100 100 100 100 100 100 100 100 100 100 100 100 100 100 100 100 100 100 100 100 100 100 100 100 100 100 100 100 100 100 100 100 100 100 0
100 100 100 100 100 100 100 100 100 100 100 100 100 100 100 100 100 100 100 100 100 100 75 75 75 75 52 52 52 52 52 52 52 75 75 75 75 75 75 77 77 77 100 100 100 100 100 100 100 100 100 100 100 100 100 100 100 100 100 100 100 100 100 100 100 100 100 100 100 100 100 100 100 100 100 100 100 100 100 100 100 100 100 100 0
100 100 100 100 100 100 100 100 100 100 100 100 100 100 100 100 100 100 100 100 100 100 75 75 75 75 75 75 75 75 75 75 75 75 75 75 75 75 75 75 77 77 100 100 100 100 100 100 100 100 100 100 100 100 100 100 100 100 100 100 100 100 100 100 100 100 100 100 100 100 100 100 100 100 100 100 100 100 100 100 100 100 100 100 0
100 100 100 100 100 100 100 100 100 100 100 100 100 100 100 100 100 100 100 100 100 100 17 17 75 75 75 75 75 16 16 75 75 75 75 75 75 75 75 77 77 77 77 100 100 100 100 100 100 100 100 100 100 100 100 100 100 100 100 100 100 100 100 100 100 100 100 100 100 100 100 100 100 100 100 100 100 100 100 100 100 100 100 100 100
100 100 100 100 100 100 100 100 100 100 100 100 100 100 100 100 100 100 100 100 100 75 17 17 17 17 75 75 75 16 16 75 75 75 75 75 75 75 75 77 77 77 77 100 100 100 100 100 100 100 100 100 100 100 100 100 100 100 100 100 100 100 100 100 100 100 100 100 100 100 100 100 100 100 100 100 100 100 100 100 100 100 100 100 100
100 100 100 100 100 100 100 100 100 100 100 100 100 100 100 100 100 100 100 100 100 75 75 17 17 17 75 75 75 75 75 75 75 75 75 75 75 75 75 77 77 77 77 77 77 100 100 100 100 100 100 100 100 100 100 100 100 100 100 100 100 100 100 100 100 100 100 100 100 100 100 100 100 100 100 100 100 100 100 100 100 100 100 100 100
100 100 100 100 100 100 100 100 100 100 100 100 100 100 100 100 100 100 100 100 100 75 75 17 17 75 75 75 75 75 75 75 75 75 75 75 75 75 75 77 77 77 77 77 77 77 100 100 100 100 100 100 100 100 100 100 100 100 100 100 100 100 100 100 100 100 100 100 100 100 100 100 100 100 100 100 100 100 100 100 100 100 100 100 100
100 100 100 100 100 100 100 100 100 100 100 100 100 100 100 100 100 100 100 100 75 75 17 17 17 17 17 75 75 75 75 75 75 75 75 75 75 75 75 75 77 77 77 77 77 77 100 100 100 100 100 100 100 100 100 100 100 100 100 100 100 100 100 100 100 100 100 100 100 100 100 100 100 100 100 100 100 100 100 100 100 100 100 0 0
100 100 100 100 100 100 100 100 100 100 100 100 100 100 100 100 100 100 100 100 75 75 75 17 17 17 17 75 75 75 75 75 75 75 75 75 75 75 75 77 77 77 77 77 77 77 100 100 100 100 100 100 100 100 100 100 100 100 100 100 100 100 100 100 100 100 100 100 100 100 100 100 100 100 100 100 100 100 100 100 100 100 100 0 0
100 100 100 100 100 100 100 100 100 100 100 100 100 100 100 100 100 100 100 100 75 75 75 75 75 17 75 75 75 75 75 75 75 75 75 75 75 75 75 77 77 77 77 77 77 77 100 100 100 100 100 100 100 100 100 100 100 100 100 100 100 100 100 100 100 100 100 100 100 100 100 100 100 100 100 100 100 100 100 100 100 100 100 0 0
100 100 100 100 100 100 100 100 100 100 100 100 100 100 100 100 100 100 100 100 75 75 75 75 75 75 75 75 75 75 75 75 75 75 75 75 75 75 75 77 77 77 77 77 77 77 100 100 100 100 100 100 100 100 100 100 100 100 100 100 100 100 100 100 100 100 100 100 100 100 100 100 100 100 100 100 100 100 100 100 100 100 100 100 0
100 100 100 100 100 100 100 100 100 100 100 100 100 100 100 100 100 100 100 100 75 75 75 75 75 75 75 75 75 75 75 75 75 75 75 75 75 75 77 77 77 77 77 77 77 77 77 100 100 100 100 100 100 100 100 100 100 100 100 100 100 100 100 100 100 100 100 100 100 100 100 100 100 100 100 100 100 100 100 100 100 100 100 100 0
100 100 100 100 100 100 100 100 100 100 100 100 100 100 100 100 100 100 100 100 75 75 75 75 75 75 75 75 75 75 75 75 75 75 75 75 75 75 77 77 77 77 77 77 77 77 77 100 100 100 100 100 100 100 100 100 100 100 100 100 100 100 100 100 100 100 100 100 100 100 100 100 100 100 100 100 100 100 100 100 100 100 100 100 0
100 100 100 100 100 100 100 100 100 100 100 100 100 100 100 100 100 100 100 100 75 75 75 75 75 75 75 75 75 75 75 75 75 75 75 75 75 75 77 77 77 77 77 77 77 77 77 100 100 100 100 100 100 100 100 100 100 100 100 100 100 100 100 100 100 100 100 100 100 100 100 100 100 100 100 100 100 100 100 100 100 100 100 0 0
100 100 100 100 100 100 100 100 100 100 100 100 100 100 100 100 100 100 100 75 75 75 75 75 75 75 75 75 75 75 75 75 75 75 75 75 75 75 75 77 77 77 77 77 77 77 77 77 100 100 100 100 100 100 100 100 100 100 100 100 100 100 100 100 100 100 100 100 100 100 100 100 100 100 100 100 100 100 100 100 100 100 100 100 100
100 100 100 100 100 100 100 100 100 100 100 100 100 100 100 100 100 100 100 75 75 75 75 75 75 75 75 75 75 75 75 75 75 75 75 75 75 75 75 75 77 77 77 77 77 77 77 77 100 100 100 100 100 100 100 100 100 100 100 100 100 100 100 100 100 100 100 100 100 100 100 100 100 100 100 100 100 100 100 100 100 100 100 100 100
100 100 100 100 100 100 100 100 100 100 100 100 100 100 100 100 100 100 100 75 75 75 75 75 75 75 75 75 75 75 75 75 75 75 75 75 19 75 75 75 77 77 77 77 77 77 77 77 77 100 100 100 100 100 100 100 100 100 100 100 100 100 100 100 100 100 100 100 100 100 100 100 100 100 100 100 100 100 100 100 100 100 100 100 100
100 100 100 100 100 100 100 100 100 100 100 23 75 100 100 100 100 100 75 75 75 75 75 75 75 75 75 75 75 75 75 75 75 75 75 75 75 75 75 75 77 77 77 77 77 77 61 77 77 100 100 100 100 100 100 100 100 100 100 100 100 100 100 100 100 100 100 100 100 100 100 100 100 100 100 100 100 100 100 100 100 100 100 100 100
100 100 100 100 100 100 100 100 100 100 100 23 23 100 100 100 100 100 75 75 75 75 75 20 20 75 75 75 75 75 75 75 75 19 19 75 75 75 75 77 77 77 77 77 77 77 61 61 77 77 100 100 100 100 100 100 100 100 100 100 100 100 100 100 100 100 100 100 100 100 100 100 100 100 100 100 100 100 100 100 100 100 100 100 100
100 100 100 100 100 100 100 100 100 100 100 23 23 100 100 100 100 100 75 21 21 75 75 20 20 20 20 20 75 75 75 75 75 19 19 19 75 19 19 77 77 77 77 77 77 61 61 61 61 77 77 100 100 100 100 100 100 100 100 100 100 100 100 100 100 100 100 100 100 100 100 100 100 100 100 100 100 100 100 100 100 100 100 100 100
100 100 100 100 100 100 100 100 100 100 100 75 23 75 100 100 100 75 75 21 21 21 20 20 20 20 20 20 75 75 75 75 19 19 19 19 75 19 19 77 77 77 77 77 77 77 77 61 61 77 77 77 77 100 100 100 100 100 100 100 100 100 100 100 100 100 100 100 100 100 100 100 100 100 100 100 100 100 100 100 100 100 100 100 100
100 100 100 100 100 100 100 100 100 100 100 75 23 75 100 100 100 75 75 21 21 21 20 20 20 20 20 20 75 19 19 19 19 19 19 19 19 19 19 77 77 77 77 77 77 77 77 77 77 77 77 77 77 77 77 77 77 100 100 100 100 100 100 100 100 100 100 100 100 100 100 100 100 100 100 100 100 100 100 100 100 100 100 100 100
100 100 100 100 100 100 100 100 100 100 100 75 23 75 100 100 100 75 75 75 21 75 21 20 20 20 20 75 75 19 19 19 19 19 19 19 19 19 75 77 77 77 77 77 77 77 77 77 77 77 77 77 18 77 77 18 18 77 18 18 100 100 100 100 100 100 100 100 100 100 100 100 100 100 100 100 100 100 100 100 100 100 100 100 100
100 100 100 100 100 100 100 100 100 100 100 100 23 75 100 100 75 75 75 75 21 75 75 75 75 75 75 75 75 75 19 19 19 19 19 19 19 19 75 77 77 77 77 77 77 77 77 77 77 77 77 77 77 77 77 18 18 18 18 18 77 77 77 77 100 100 100 100 100 100 100 100 100 100 100 100 100 100 100 100 100 100 100 100 100
100 100 100 100 100 100 100 100 100 100 100 100 23 23 75 100 75 75 75 75 75 75 75 75 75 75 75 75 75 75 19 19 19 19 19 75 75 19 75 77 77 77 77 77 77 77 77 77 77 77 77 77 77 77 77 18 18 18 18 77 77 18 77 77 77 59 100 100 100 100 100 100 100 100 100 100 100 100 100 100 100 100 100 100 100
100 100 100 100 100 100 100 100 100 100 100 75 75 75 75 75 75 75 75 75 75 75 75 75 75 75 75 75 75 75 75 19 19 19 19 75 75 75 77 77 77 77 77 77 77 77 77 77 77 77 77 77 77 77 77 18 18 18 77 77 77 18 77 77 59 59 59 100 100 100 100 100 100 100 100 100 100 100 100 100 100 100 100 100 100
100 100 100 100 100 100 100 100 100 100 100 75 75 75 75 75 75 75 75 75 75 75 75 75 75 75 75 75 75 75 75 19 19 19 19 27 27 27 77 77 77 77 77 77 77 77 77 77 77 77 77 77 77 77 77 77 18 77 77 77 77 77 77 59 59 59 59 77 100 100 100 100 100 100 100 100 100 100 100 100 100 100 100 100 100
100 100 100 100 100 100 100 100 100 100 75 75 75 75 75 75 75 75 75 75 75 75 75 75 75 75 75 75 75 75 19 75 19 19 19 75 27 27 27 77 77 77 77 77 77 77 77 77 77 77 77 77 77 77 77 77 77 77 77 77 77 77 77 77 59 59 59 77 100 100 100 100 100 100 100 100 100 100 100 100 100 100 100 100 100
100 100 100 100 100 100 100 100 100 100 71 75 75 75 75 75 75 75 75 75 75 75 75 75 23 23 19 19 19 19 19 19 19 19 19 27 27 27 27 77 77 77 77 77 77 77 77 77 77 77 77 77 77 77 77 77 77 77 77 77 77 77 77 77 77 59 59 77 100 100 100 100 100 100 100 100 100 100 100 100 100 100 100 100 100
0 100 100 100 100 100 100 100 100 71 71 75 75 75 75 75 75 75 75 75 75 75 75 75 75 75 19 19 19 19 19 19 19 19 27 27 75 27 77 77 77 77 77 77 77 77 77 77 77 77 77 77 77 77 77 77 77 77 77 77 77 77 77 77 77 77 77 77 100 100 100 100 100 100 100 100 100 100 100 100 100 100 100 100 100
0 100 100 100 100 100 100 100 100 71 71 71 75 75 71 71 71 71 75 75 75 75 75 75 75 75 75 75 31 31 19 19 31 75 27 27 75 77 77 77 77 77 77 77 77 77 77 77 77 77 77 77 77 77 77 77 77 77 77 77 77 77 77 77 77 77 77 77 100 100 100 100 100 100 100 100 100 100 100 100 0 0 0 0 0
0 0 100 100 100 100 100 100 100 71 71 71 71 71 71 71 71 71 71 75 75 75 75 75 75 75 75 75 31 31 75 75 31 31 27 27 27 27 27 77 77 77 77 77 77 77 77 77 77 77 77 77 77 77 77 77 77 77 77 77 77 77 77 77 77 77 77 77 100 100 100 100 100 100 100 100 100 100 100 100 0 0 0 0 0
0 0 100 100 100 100 100 100 100 71 71 71 71 71 71 71 71 71 71 71 71 75 75 75 75 75 75 75 31 31 75 75 31 31 27 27 27 27 27 77 77 77 77 77 77 77 77 77 77 77 77 77 77 77 77 77 77 77 77 77 77 77 77 77 77 77 77 77 100 100 100 100 100 100 100 100 100 100 100 100 0 0 0 0 0
0 0 0 100 100 100 100 100 100 71 71 71 71 71 71 71 71 71 71 71 71 71 75 75 75 31 31 31 31 31 75 75 27 75 27 27 27 27 27 77 77 77 77 77 77 77 77 77 77 77 77 77 77 77 77 77 77 77 77 77 77 77 77 77 77 77 77 77 100 100 100 100 100 100 100 100 100 100 100 0 0 0 0 0 0
0 0 0 100 100 100 100 100 100 71 71 71 71 71 71 71 71 71 71 71 71 71 71 75 75 75 75 75 31 31 31 31 27 27 27 27 75 30 30 77 77 77 77 77 77 77 77 77 77 77 77 77 77 77 77 77 63 77 63 63 77 77 77 77 77 77 77 77 100 100 100 100 100 100 100 100 100 100 100 0 0 0 0 0 0
0 0 0 100 100 100 100 100 100 71 71 71 71 71 71 71 71 71 71 71 71 71 71 71 75 75 75 75 31 31 31 27 27 27 27 27 30 30 30 30 77 77 77 77 77 77 77 77 77 77 77 77 77 77 77 63 63 77 63 63 77 77 77 77 77 77 77 77 100 100 100 100 100 100 100 100 100 100 100 0 0 0 0 0 0
0 0 0 0 100 100 100 100 100 71 71 71 71 71 71 71 71 71 71 71 71 71 71 71 75 75 75 75 31 31 27 27 27 27 27 27 30 30 30 30 30 77 77 77 77 77 77 77 77 77 77 77 63 63 63 63 63 77 63 63 77 77 77 77 77 77 77 77 100 100 100 100 100 100 100 100 100 100 100 0 0 0 0 0 0
0 0 0 0 100 100 100 100 100 71 71 71 71 71 71 71 71 71 71 71 71 71 71 71 71 75 75 75 31 31 27 27 27 27 27 27 30 30 30 77 77 77 77 77 77 77 77 77 77 77 77 77 63 63 63 77 63 63 63 63 24 24 24 24 77 77 77 77 100 100 100 100 100 100 100 100 100 100 0 0 0 0 0 0 0
0 0 0 0 100 100 100 100 100 71 71 71 71 71 71 71 71 71 71 71 71 71 71 71 71 71 75 75 31 31 31 27 27 27 27 27 30 30 30 77 77 77 77 77 77 77 77 77 77 77 77 77 63 63 77 63 63 77 63 63 24 24 24 25 25 77 77 77 100 100 100 100 100 100 100 100 100 100 0 0 0 0 0 0 0
0 0 0 0 0 100 100 100 100 71 71 71 71 71 71 71 71 71 71 71 32 71 71 71 71 71 71 75 32 32 32 27 27 27 27 27 30 30 77 77 77 77 77 77 77 77 77 77 77 77 77 77 77 77 77 63 63 77 63 77 24 24 24 25 25 25 77 77 100 100 100 100 100 100 100 100 100 0 0 0 0 0 0 0 0
0 0 0 0 0 100 100 100 100 71 71 71 71 71 71 71 71 71 71 71 71 71 71 71 71 71 32 32 32 32 32 27 27 27 27 27 27 30 77 77 77 77 30 30 30 30 77 77 77 77 77 77 77 77 77 77 77 77 26 77 24 24 24 25 25 25 25 25 100 100 100 100 100 100 100 100 100 0 0 0 0 0 0 0 0
0 0 0 0 0 100 100 100 100 100 71 71 71 71 71 71 71 71 71 71 71 71 71 71 71 71 32 32 32 32 32 27 27 27 27 27 75 30 77 77 77 77 77 77 30 77 77 28 28 28 77 77 77 77 77 77 77 26 26 26 25 25 25 25 25 25 25 77 100 100 100 100 100 100 100 100 0 0 0 0 0 0 0 0 0
0 0 0 0 100 100 100 100 100 100 100 71 71 71 71 71 71 71 71 71 71 71 71 71 71 71 32 32 32 32 32 27 27 27 27 27 75 75 77 77 77 77 77 77 77 77 77 28 77 77 77 77 77 77 26 26 77 77 77 77 77 25 25 25 25 25 77 77 100 100 100 100 100 100 0 0 0 0 0 0 0 0 0 0 0
0 0 0 100 100 100 100 100 100 100 100 100 71 71 71 71 71 71 37 37 71 71 71 71 71 71 32 32 32 32 32 27 27 27 27 27 34 34 34 77 77 77 77 77 34 77 28 28 77 77 77 77 77 77 26 26 77 77 77 26 25 25 25 25 25 77 77 77 100 100 100 100 100 100 0 0 0 0 0 0 0 0 0 0 0
0 100 100 100 100 100 100 100 100 100 100 100 100 100 71 71 71 71 37 37 71 71 71 71 32 71 32 32 32 32 32 27 27 27 27 27 34 34 34 34 77 77 77 77 77 77 28 28 28 28 77 26 26 26 26 26 77 77 77 26 25 29 29 77 77 77 77 77 100 100 100 100 100 100 0 0 0 0 0 0 0 0 0 0 0
0 100 100 100 100 100 100 100 100 100 100 100 100 100 100 71 71 71 37 37 71 71 71 71 71 71 32 32 32 32 32 27 27 27 27 27 34 34 34 77 77 77 34 77 77 77 77 28 28 28 77 77 26 26 77 26 77 77 77 77 77 29 29 29 29 29 29 77 77 100 100 100 100 100 0 0 0 0 0 0 0 0 0 0 0
100 100 100 100 100 100 100 100 100 100 100 100 100 100 100 100 71 71 37 37 71 71 71 71 71 71 71 71 32 32 32 32 27 27 27 27 34 34 34 77 77 34 77 77 77 77 77 77 77 28 77 77 77 77 77 77 77 77 77 77 77 77 29 29 29 29 29 29 77 100 100 100 100 100 0 0 0 0 0 0 0 0 0 0 0
100 100 100 100 100 100 100 100 100 100 100 100 100 100 100 100 100 71 37 37 71 71 71 71 71 71 71 71 32 32 71 75 27 27 27 27 27 34 34 34 34 34 34 77 77 77 77 77 77 77 77 77 77 77 77 77 77 77 77 77 77 77 29 29 29 29 77 29 77 100 100 100 100 100 0 0 0 0 0 0 0 0 0 0 0
100 100 100 100 100 100 100 100 100 100 100 100 100 100 100 100 100 71 37 37 71 71 71 71 71 71 71 71 32 32 71 75 27 27 27 27 27 34 34 34 34 34 34 77 77 77 77 77 77 77 77 77 33 33 33 77 77 77 77 77 77 77 35 35 35 77 35 29 77 100 100 100 100 100 100 0 0 0 0 0 0 0 0 0 0
100 100 100 100 100 100 100 100 100 100 100 100 100 100 100 100 100 100 37 71 71 71 71 71 40 40 40 71 71 71 71 71 75 27 27 27 27 27 34 34 77 77 77 34 34 77 77 77 77 77 77 77 33 33 77 77 77 77 77 77 77 77 35 35 35 77 77 77 77 100 100 100 100 100 100 0 0 0 0 0 0 0 0 0 0
100 100 100 100 100 100 100 100 100 100 100 100 100 100 100 100 100 100 71 71 71 71 71 71 71 40 71 71 71 71 71 71 75 32 27 27 27 27 34 77 77 77 77 77 34 77 33 77 77 77 77 77 33 33 77 77 77 77 77 77 77 35 35 35 35 35 35 35 77 77 100 100 100 100 100 100 100 100 100 100 0 0 0 0 0
100 100 100 100 100 100 100 100 100 100 100 100 100 100 100 100 100 100 71 71 40 40 71 71 71 71 40 40 71 71 71 71 71 32 32 27 27 27 27 75 34 34 34 34 34 34 77 77 77 77 77 33 33 33 77 77 77 77 35 35 77 77 77 35 35 77 35 35 35 77 100 100 100 100 100 100 100 100 100 100 100 0 0 0 0
100 100 100 100 100 100 100 100 100 100 100 100 100 100 100 100 100 100 100 71 71 40 40 40 40 40 71 71 71 40 32 32 32 32 32 32 32 27 27 75 34 34 77 77 77 34 77 77 77 77 77 77 33 77 77 73 73 73 35 35 35 77 77 77 77 77 35 35 35 77 100 100 100 100 100 100 100 100 100 100 100 0 0 0 0
100 100 100 100 100 100 100 100 100 100 100 100 100 100 100 100 100 100 100 71 71 40 71 40 40 40 71 71 71 71 32 32 32 32 32 32 32 32 27 75 27 77 77 77 77 77 77 77 77 77 77 77 77 77 77 73 73 73 73 73 35 35 77 77 77 77 77 35 77 77 100 100 100 100 100 100 100 100 100 100 0 0 0 0 0
100 100 100 100 100 100 100 100 100 100 100 100 100 100 100 100 100 100 100 71 40 40 40 40 40 40 40 40 40 40 40 71 71 75 32 32 32 32 27 41 77 77 77 77 77 77 77 77 77 77 77 77 77 77 73 73 73 73 73 73 73 73 73 77 77 77 77 77 77 35 100 100 100 100 100 100 100 100 100 100 0 0 0 0 0
100 100 100 100 100 100 100 100 100 100 100 100 100 100 100 100 100 100 100 71 40 40 40 40 40 40 40 40 40 71 40 71 71 71 75 32 32 27 27 27 77 77 77 77 77 77 77 77 77 77 77 77 77 77 73 73 73 73 73 73 73 73 73 73 77 77 77 77 77 35 100 100 100 100 100 100 100 100 0 0 0 0 0 0 0
100 100 100 100 100 100 100 100 100 100 100 100 100 100 100 100 100 100 100 100 71 71 71 71 71 71 71 71 71 71 71 71 71 71 75 32 32 27 27 77 77 77 77 77 77 77 77 77 77 77 77 77 73 73 73 73 42 42 73 73 73 73 73 73 73 77 77 77 77 77 35 100 100 100 100 100 100 100 0 0 0 0 0 0 0
100 100 100 100 100 100 100 100 100 100 100 100 100 100 100 100 100 100 100 100 71 71 71 71 71 71 71 71 71 71 40 71 71 71 71 32 32 27 75 77 41 77 77 41 77 77 77 77 77 77 77 73 73 73 73 73 42 42 73 73 73 73 73 73 73 73 73 73 73 73 73 100 100 100 100 100 100 0 0 0 0 0 0 0 0
100 100 100 100 100 100 100 100 100 100 100 100 100 100 100 100 100 100 100 100 71 71 71 71 71 71 71 71 71 71 40 71 71 71 71 32 32 75 77 77 79 79 44 44 41 77 77 77 77 77 77 73 73 73 73 73 73 73 73 73 73 73 73 73 73 73 73 73 73 73 73 100 100 100 100 100 100 0 0 0 0 0 0 0 0
100 100 100 100 100 100 100 100 100 100 100 100 100 100 100 100 100 100 100 100 100 71 71 71 71 71 71 71 71 71 40 71 71 71 55 55 32 77 79 79 79 79 44 44 44 79 77 42 77 77 73 73 73 73 73 73 73 73 73 73 73 73 73 73 73 73 73 73 73 73 73 73 100 100 100 100 0 0 0 0 0 0 0 0 0
100 100 100 100 100 100 100 100 100 100 100 100 100 100 100 100 100 100 100 100 100 40 40 40 71 71 71 71 46 71 71 71 71 71 55 55 55 79 79 79 79 44 44 44 79 79 79 54 42 73 73 73 73 73 73 73 73 73 38 38 73 73 73 73 73 73 73 73 73 73 73 73 100 100 100 100 0 0 0 0 0 0 0 0 0
100 100 100 100 100 100 100 100 100 100 100 100 100 100 100 100 100 100 100 100 100 40 40 40 71 71 71 46 46 71 71 71 71 71 71 55 55 44 79 79 79 79 79 79 79 79 79 54 79 73 73 73 73 73 42 73 73 73 73 73 73 73 73 38 38 73 73 73 73 73 73 73 100 100 100 100 0 0 0 0 0 0 0 0 0
100 100 100 100 100 100 100 100 100 100 100 100 100 100 100 100 100 100 100 100 100 71 71 71 71 71 71 46 46 46 71 71 71 71 79 55 55 55 44 79 44 79 79 79 79 79 79 79 79 79 73 73 73 73 73 73 73 73 73 73 38 38 38 38 38 38 38 73 73 73 73 73 35 100 100 100 100 0 0 0 0 0 0 0 0
100 100 100 100 100 100 100 100 100 100 100 100 100 100 100 100 100 100 100 100 100 71 71 71 71 71 71 71 71 71 71 71 71 79 79 79 55 55 44 79 44 79 79 79 79 79 79 79 79 79 73 73 73 73 73 73 73 73 73 73 73 38 38 38 38 38 73 73 73 73 73 73 73 100 100 100 100 0 0 0 0 0 0 0 0
100 100 100 100 100 100 100 100 100 100 100 100 100 100 100 100 100 100 100 100 100 71 46 46 46 46 46 46 46 71 71 55 55 55 79 55 55 79 79 79 79 79 79 79 79 79 79 79 79 79 73 73 73 73 73 73 73 73 73 38 73 73 73 38 38 38 38 38 38 38 73 73 73 73 100 100 100 0 0 0 0 0 0 0 0
100 100 100 100 100 100 100 100 100 100 100 100 100 100 100 100 100 100 100 100 100 71 46 46 46 46 46 46 46 71 71 55 55 55 55 55 55 79 79 79 79 79 79 79 79 79 79 79 79 79 79 73 73 73 73 73 73 73 73 43 43 43 73 73 73 38 73 38 38 38 38 38 73 73 100 100 100 100 0 0 0 0 0 0 0
100 100 100 100 100 100 100 100 100 100 100 100 100 100 100 100 100 100 100 100 100 71 46 46 46 46 46 46 46 71 71 55 55 55 55 55 55 55 79 79 79 79 79 79 79 79 79 79 79 79 79 73 73 73 73 73 73 73 73 43 43 43 73 73 73 38 73 38 38 38 38 38 38 73 73 100 100 100 0 0 0 0 0 0 0
100 100 100 100 100 100 100 100 100 100 100 100 100 100 100 100 100 100 100 100 100 71 46 46 46 46 46 46 46 71 71 71 55 55 55 55 55 55 55 79 79 79 79 79 79 79 79 79 79 79 79 79 73 73 73 73 73 73 73 73 43 43 73 73 73 73 38 38 38 38 38 38 38 73 39 73 100 100 0 0 0 0 0 0 0
100 100 100 100 100 100 100 100 100 100 100 100 100 100 100 100 100 100 100 100 100 46 46 46 46 46 46 46 46 71 71 79 55 55 55 55 55 55 79 79 79 79 79 79 79 79 79 79 79 79 79 79 73 73 73 73 73 73 73 73 43 38 73 73 73 73 73 38 38 38 38 38 73 73 39 39 73 100 0 0 0 0 0 0 0
100 100 100 100 100 100 100 100 100 100 100 100 100 100 100 100 100 100 100 100 100 71 71 71 71 71 71 46 71 71 71 79 55 55 55 55 79 79 79 79 79 79 79 79 79 79 79 79 79 79 79 79 79 73 73 73 73 73 73 43 73 73 73 73 73 73 73 73 38 38 73 73 73 73 39 39 39 73 100 0 0 0 0 0 0
100 100 100 100 100 100 100 100 100 100 100 100 100 100 100 100 100 100 100 100 100 71 71 71 71 71 71 71 71 71 79 79 79 55 55 55 79 79 79 79 79 79 79 79 79 79 79 79 79 79 79 79 79 43 73 73 73 73 73 73 73 73 73 73 73 73 73 73 73 73 73 73 73 73 73 39 39 39 73 0 0 0 0 0 0
100 100 100 100 100 100 100 100 100 100 100 100 100 100 100 100 100 100 100 100 100 71 71 71 71 71 71 71 71 71 79 79 79 79 79 55 79 79 79 79 79 79 79 79 79 79 79 79 79 79 79 79 79 43 73 73 73 73 73 73 73 38 38 73 73 73 73 73 73 73 73 73 73 73 73 73 73 73 73 73 0 0 0 0 0
100 100 100 100 100 100 100 100 100 100 100 100 100 100 100 100 100 100 100 100 100 100 71 71 71 71 71 71 71 71 79 79 79 79 79 79 79 79 79 79 79 79 79 79 79 79 79 79 79 79 79 79 79 43 73 73 73 73 73 73 73 73 73 73 73 73 73 73 73 73 73 73 73 73 73 73 73 73 39 39 73 0 0 0 0
100 100 100 100 100 100 100 100 100 100 100 100 100 100 100 100 100 100 100 100 100 100 71 71 71 71 71 48 71 79 79 79 79 79 79 79 79 79 79 79 79 79 79 79 79 79 79 79 79 79 79 79 79 79 79 73 73 73 43 43 73 38 38 38 73 73 73 73 73 73 38 38 73 73 39 39 39 39 39 39 73 73 100 100 0
100 100 100 100 100 100 100 100 100 100 100 100 100 100 100 100 100 100 100 100 100 100 71 71 71 71 71 48 71 79 79 79 79 79 79 79 79 79 79 79 79 79 79 79 79 79 79 79 79 79 79 79 79 79 79 73 73 73 73 73 38 38 38 38 38 38 73 73 73 73 38 38 39 39 39 39 39 39 39 39 73 73 73 100 100
100 100 100 100 100 100 100 100 100 100 100 100 100 100 100 100 100 100 100 100 100 100 71 71 71 71 48 48 71 79 79 79 79 79 79 79 79 79 79 79 79 79 79 79 79 79 79 79 79 79 79 79 79 79 79 73 43 43 43 45 38 38 38 38 38 38 38 38 73 38 38 38 39 39 39 39 39 39 39 39 73 73 73 73 100
100 100 100 100 100 100 100 100 100 100 100 100 100 100 100 100 100 100 100 100 100 100 71 71 71 71 48 71 79 79 79 79 79 79 79 79 79 79 79 79 79 79 79 79 79 79 79 79 79 79 79 79 79 79 79 79 43 43 45 45 45 38 38 38 73 73 73 73 73 38 38 39 39 39 39 39 39 39 39 39 39 39 73 73 0
100 100 100 100 100 100 100 100 100 100 100 100 100 100 100 100 100 100 100 100 100 100 100 71 71 71 71 71 79 79 79 79 79 79 79 79 79 79 79 79 79 79 79 79 79 79 79 79 79 79 79 79 79 79 79 79 73 73 45 45 45 45 73 73 73 73 73 73 73 38 39 39 39 39 39 39 39 39 39 39 39 39 39 39 0
100 100 100 100 100 100 100 100 100 100 100 100 100 100 100 100 100 100 100 100 100 100 100 100 71 71 71 71 79 79 79 79 79 79 79 79 79 79 79 79 79 79 79 79 79 79 79 79 79 79 79 79 79 79 79 79 73 45 45 45 45 45 73 73 73 73 73 73 38 73 39 39 39 39 39 39 39 39 39 39 39 39 39 39 0
100 100 100 100 100 100 100 100 100 100 100 100 100 100 100 100 100 100 100 100 100 100 100 100 100 100 71 71 79 79 79 79 79 79 79 79 79 79 79 79 79 79 79 79 79 79 79 79 79 79 79 79 79 79 79 79 73 73 45 45 45 45 73 73 73 73 73 73 38 39 39 39 39 39 39 39 39 39 39 39 39 39 39 39 0
100 100 100 100 100 100 100 100 100 100 100 100 100 100 100 100 100 100 100 100 100 100 100 100 100 100 100 100 79 79 79 79 79 79 79 79 79 79 79 79 79 79 79 79 79 79 79 79 79 79 79 79 79 79 79 79 79 73 45 45 45 45 45 73 73 73 73 39 39 39 39 39 39 39 39 39 39 39 39 39 73 39 39 100 0
100 100 100 100 100 100 100 100 100 100 100 100 100 100 100 100 100 100 100 100 100 100 100 100 100 100 100 100 100 79 79 79 79 79 79 79 79 79 79 79 79 79 79 79 79 79 79 79 79 79 79 79 79 79 79 79 79 73 73 45 45 45 45 45 45 45 73 39 39 39 39 39 39 39 39 39 39 39 39 39 73 39 39 0 0
100 100 100 100 100 100 100 100 100 100 100 100 100 100 100 100 100 100 100 100 100 100 100 100 100 100 100 100 100 100 79 79 79 79 79 79 79 79 79 79 79 79 79 79 79 79 79 79 79 79 79 79 79 79 79 79 79 79 73 45 45 45 45 45 45 45 39 39 39 39 39 39 39 39 39 39 39 39 39 73 39 39 39 0 0
100 100 100 100 100 100 100 100 100 100 100 100 100 100 100 100 100 100 100 100 100 100 100 100 100 100 100 100 100 100 79 79 79 79 79 79 79 79 79 79 79 79 79 79 79 79 79 79 79 79 79 79 79 79 79 79 79 79 73 73 45 45 45 45 45 39 39 39 39 39 39 39 39 39 39 39 39 39 39 73 39 39 39 0 0
100 100 100 100 100 100 100 100 100 100 100 100 100 100 100 100 100 100 100 100 100 100 100 100 100 100 100 100 100 100 100 79 79 79 79 79 79 79 79 79 79 79 79 79 79 79 79 79 79 79 79 79 79 79 79 79 79 79 79 73 73 45 45 45 45 39 39 39 39 39 39 39 39 39 39 39 39 39 39 39 39 39 39 0 0
100 100 100 100 100 100 100 100 100 100 100 100 100 100 100 100 100 100 100 100 100 100 100 100 100 100 100 100 100 100 100 79 79 79 79 79 79 79 79 79 79 79 79 79 79 79 79 79 79 79 79 79 79 79 79 79 79 79 79 79 73 73 73 73 39 39 39 39 39 39 39 39 39 39 39 39 39 39 39 39 39 39 39 0 0
100 100 100 100 100 100 100 100 100 100 100 100 100 100 100 100 100 100 100 100 100 100 100 100 100 100 100 100 100 100 100 79 79 79 79 79 79 79 79 79 79 79 79 79 79 79 79 79 79 79 79 79 79 79 79 79 79 79 79 79 79 73 73 73 39 39 39 39 39 39 39 39 39 39 39 39 39 39 39 39 39 39 39 0 0
100 100 100 100 100 100 100 100 100 100 100 100 100 100 100 100 100 100 100 100 100 100 100 100 100 100 100 100 100 100 79 79 79 79 79 79 79 79 79 79 79 79 79 79 79 79 79 79 79 79 79 79 79 79 79 79 79 79 79 79 79 79 73 73 73 39 39 39 39 39 39 39 39 39 39 39 39 39 39 39 39 39 0 0 0
100 100 100 100 100 100 100 100 100 100 100 100 100 100 100 100 100 100 100 100 100 100 100 100 100 100 100 100 100 100 79 79 79 79 79 79 79 79 79 79 79 79 79 79 79 79 79 79 79 79 79 79 79 79 79 79 79 79 79 79 79 79 79 79 73 73 39 39 39 39 39 39 39 39 39 39 39 39 39 39 39 39 0 0 0
100 100 100 100 100 100 100 100 100 100 100 100 100 100 100 100 100 100 100 100 100 100 100 100 100 100 100 100 100 100 79 79 79 79 79 79 79 79 79 79 79 79 79 79 79 79 79 79 79 79 79 79 79 79 79 79 79 79 79 79 79 79 79 79 79 73 73 73 73 39 39 39 39 39 39 39 39 39 39 39 39 39 0 0 0
100 100 100 100 100 100 100 100 100 100 100 100 100 100 100 100 100 100 100 100 100 100 100 100 100 100 100 100 100 79 79 79 79 79 79 79 79 79 79 79 79 79 79 79 79 79 79 79 79 79 79 79 79 79 79 79 79 79 79 79 79 79 79 79 79 79 79 73 73 73 39 39 39 39 39 39 39 39 39 39 39 39 0 0 0
100 100 100 100 100 100 100 100 100 100 100 100 100 100 100 100 100 100 100 100 100 100 100 100 100 100 100 100 100 79 79 79 79 79 79 79 79 79 79 79 79 79 79 79 79 79 79 79 79 79 79 79 79 79 79 79 79 79 79 79 79 79 79 79 79 79 79 79 79 73 73 39 39 39 39 39 39 39 39 39 39 0 0 0 0
100 100 100 100 100 100 100 100 100 100 100 100 100 100 100 100 100 100 100 100 100 100 100 100 100 100 100 100 100 79 79 79 79 79 79 79 79 79 79 79 79 79 79 79 79 79 79 79 79 79 79 79 79 79 79 79 79 79 79 79 79 79 79 79 79 79 79 79 79 79 73 73 39 39 39 39 39 39 39 39 39 0 0 0 0
100 100 100 100 100 100 100 100 100 100 100 100 100 100 100 100 100 100 100 100 100 100 100 100 100 100 100 100 100 79 79 79 79 79 79 79 79 79 79 79 79 79 79 79 79 79 79 79 79 79 79 79 79 79 79 79 79 79 79 79 79 79 79 79 79 79 79 79 79 79 79 73 73 39 39 39 39 39 39 39 0 0 0 0 0
100 100 100 100 100 100 100 100 100 100 100 100 100 100 100 100 100 100 100 100 100 100 100 100 100 100 100 100 100 79 79 79 79 79 79 79 79 79 79 79 79 79 79 79 79 79 79 79 79 79 79 79 79 79 79 79 79 79 79 79 79 79 79 79 79 79 79 79 79 49 49 79 79 73 39 39 39 39 39 39 0 0 0 0 0
100 100 100 100 100 100 100 100 100 100 100 100 100 100 100 100 100 100 100 100 100 100 100 100 100 100 100 100 100 79 79 79 79 79 79 79 79 79 79 79 79 79 79 79 79 79 79 79 79 79 79 79 79 79 79 79 79 79 79 79 79 79 79 79 79 79 49 49 49 49 49 49 49 79 73 73 39 39 39 39 0 0 0 0 0
100 100 100 100 100 100 100 100 100 100 100 100 100 100 100 100 100 100 100 100 100 100 100 100 100 100 100 100 100 79 79 79 79 79 79 79 79 79 79 79 79 79 79 79 79 79 79 79 79 79 79 79 79 79 79 79 79 79 79 79 79 79 79 79 79 79 49 49 49 49 49 49 79 49 79 73 73 39 39 0 0 0 0 0 0
100 100 100 100 100 100 100 100 100 100 100 100 100 100 100 100 100 100 100 100 100 100 100 100 100 100 100 100 79 79 79 79 79 79 79 79 79 79 79 79 79 79 79 79 79 79 79 79 79 79 79 79 79 79 79 79 79 79 79 79 79 79 79 79 79 79 49 49 49 49 49 49 79 79 79 79 79 73 73 73 0 0 0 0 0
100 100 100 100 100 100 100 100 100 100 100 100 100 100 100 100 100 100 100 100 100 100 100 100 100 100 100 70 79 79 79 79 79 79 79 79 79 79 79 79 79 79 79 79 79 79 79 79 79 79 79 79 79 79 79 79 79 79 79 79 79 79 79 79 79 79 79 79 49 49 49 49 79 79 79 79 79 79 73 0 0 0 0 0 0
100 100 100 100 100 100 100 100 100 100 100 100 100 100 100 100 100 100 100 100 100 100 100 100 100 100 70 79 79 79 79 79 79 79 79 79 79 79 79 79 79 79 79 79 79 79 79 79 79 79 79 79 79 79 79 79 79 79 79 79 79 79 79 79 79 79 79 79 49 49 49 79 79 79 79 79 79 79 79 0 0 0 0 0 0
100 100 100 100 100 100 100 100 100 100 100 100 100 100 100 100 100 100 100 100 100 100 100 100 70 70 70 79 79 79 79 79 79 79 79 79 79 79 79 79 79 79 79 79 79 79 79 79 79 79 79 79 79 79 79 79 79 79 79 79 79 79 79 79 79 79 79 79 79 79 79 79 79 79 79 79 79 79 0 0 0 0 0 0 0
0 100 100 100 100 100 100 100 100 100 100 100 100 100 100 100 100 100 50 70 70 70 70 70 70 70 79 79 79 79 79 79 79 79 79 79 79 79 79 79 79 79 79 79 79 79 79 79 79 79 79 79 79 79 79 79 79 79 79 79 79 79 79 79 79 79 79 79 79 79 79 79 79 79 79 79 79 79 0 0 0 0 0 0 0
0 100 100 100 100 100 100 100 100 100 100 100 100 100 100 100 70 50 70 70 70 70 70 79 79 79 79 79 79 79 79 79 79 79 79 79 79 79 79 79 79 79 79 79 79 79 79 79 79 79 79 79 79 79 79 79 79 79 79 79 79 79 79 79 79 79 79 79 79 79 79 79 79 79 79 79 79 79 0 0 0 0 0 0 0
0 0 100 100 100 100 100 100 100 100 100 100 100 100 100 70 70 70 70 70 70 70 79 79 79 79 79 79 79 79 79 79 79 79 79 79 79 79 79 79 79 79 79 79 79 79 79 79 79 79 79 79 79 79 79 79 79 79 79 79 79 79 79 79 79 79 79 79 79 79 79 79 79 79 79 79 79 79 0 0 0 0 0 0 0
0 0 100 100 100 100 100 100 100 100 100 100 100 100 70 70 70 70 70 70 70 79 79 79 79 79 79 79 79 79 79 79 79 79 79 79 79 79 79 79 79 79 79 79 79 79 79 79 79 79 79 79 79 79 79 79 79 79 79 79 79 79 79 79 79 79 79 79 79 79 79 79 79 79 79 79 79 79 0 0 0 0 0 0 0
0 0 100 100 100 100 100 100 100 100 100 100 100 100 70 70 70 70 70 70 70 79 79 79 79 79 79 79 79 79 79 79 79 79 79 79 79 79 79 79 79 79 79 79 79 79 79 79 79 79 79 79 79 79 79 79 79 79 79 79 79 79 79 79 79 79 79 79 79 79 79 79 79 79 79 79 79 79 0 0 0 0 0 0 0
0 0 0 100 100 100 100 100 100 100 100 100 100 70 70 70 70 70 70 70 70 70 79 79 79 79 79 79 79 79 79 79 79 79 79 79 79 79 79 79 79 79 79 79 79 79 79 79 79 79 79 79 79 79 79 79 79 79 79 79 79 79 79 79 79 79 79 79 79 79 79 79 79 79 79 79 79 79 0 0 0 0 0 0 0
0 0 0 0 100 100 100 100 100 100 100 100 100 70 70 70 70 70 70 70 70 70 70 79 79 79 79 79 79 79 79 79 79 79 79 79 79 79 79 79 79 79 79 79 79 79 79 79 79 79 79 79 79 79 79 79 79 79 79 79 79 79 79 79 79 79 79 79 79 79 79 79 79 79 79 79 79 79 0 0 0 0 0 0 0
0 0 0 0 0 100 100 100 100 100 100 100 100 70 70 70 70 70 70 70 70 70 70 79 79 79 79 79 79 79 79 79 79 79 79 79 79 79 79 79 79 79 79 79 79 79 79 79 79 79 79 79 79 79 79 79 79 79 79 79 79 79 79 79 79 79 79 79 79 79 79 79 79 79 79 79 79 79 0 0 0 0 0 0 0
0 0 0 0 0 100 100 100 100 100 100 100 100 70 70 70 70 70 70 70 70 70 70 79 79 79 79 79 79 79 79 79 79 79 79 79 79 79 79 79 79 79 79 79 79 79 79 79 79 79 79 79 79 79 79 79 79 79 79 79 79 79 79 79 79 79 79 79 79 79 79 79 79 79 79 79 79 79 0 0 0 0 0 0 0
0 0 0 0 0 0 100 100 100 100 100 100 100 70 70 70 70 70 70 70 70 70 70 79 79 79 79 79 79 79 79 79 79 79 79 79 79 79 79 79 79 79 79 79 79 79 79 79 79 79 79 79 79 79 79 79 79 79 79 79 79 79 79 79 79 79 79 79 79 79 79 79 0 0 79 79 79 79 0 0 0 0 0 0 0
0 0 0 0 0 0 100 100 100 100 100 100 100 70 70 70 70 70 70 70 70 70 79 79 79 79 79 79 79 79 79 79 79 79 79 79 79 79 79 79 79 79 79 79 79 79 79 79 79 79 79 79 79 79 79 79 79 79 79 79 79 79 79 79 79 79 79 79 79 79 79 79 79 0 0 79 79 0 0 0 0 0 0 0 0
0 0 0 0 0 0 100 100 100 100 100 100 100 70 70 70 70 70 70 70 70 79 79 79 79 79 79 79 79 79 79 79 79 79 79 79 79 79 79 79 79 79 79 79 79 79 79 79 79 79 79 79 79 79 79 79 79 79 79 79 79 79 79 79 79 79 79 79 79 79 79 79 79 0 0 0 0 0 0 0 0 0 0 0 0
0 0 0 0 0 0 100 100 100 100 100 100 100 70 70 70 70 70 70 79 79 79 79 79 79 79 79 79 79 79 79 79 79 79 79 79 79 79 79 79 79 79 79 79 79 79 79 79 79 79 79 79 79 79 79 79 79 79 79 79 79 79 79 79 79 79 79 79 79 79 79 79 79 0 0 0 0 0 0 0 0 0 0 0 0
0 0 0 0 0 0 0 100 100 100 100 100 100 70 70 70 70 70 79 79 79 79 79 79 79 79 79 79 79 79 79 79 79 79 79 79 79 79 79 79 79 79 79 79 79 79 79 79 79 79 79 79 79 79 79 79 79 79 79 79 79 79 79 79 79 79 79 79 79 79 79 79 0 0 0 0 0 0 0 0 0 0 0 0 0
0 0 0 0 0 0 0 100 100 100 100 100 100 70 70 70 70 79 79 79 79 79 79 79 79 79 79 79 79 79 79 79 79 79 79 79 79 79 79 79 79 79 79 79 79 79 79 79 79 79 79 79 79 79 79 79 79 79 79 79 79 79 79 79 79 79 79 79 79 79 79 79 0 0 0 0 0 0 0 0 0 0 0 0 0
0 0 0 0 0 0 0 100 100 100 100 100 100 70 70 70 79 79 79 79 79 79 79 79 79 79 79 79 79 79 79 79 79 79 79 79 79 79 79 79 79 79 79 79 79 79 79 79 79 79 79 79 79 79 79 79 79 79 79 79 79 79 79 79 79 79 79 79 79 79 79 79 0 0 0 0 0 0 0 0 0 0 0 0 0
0 0 0 0 0 0 0 0 0 100 100 100 100 70 70 70 79 79 79 79 79 79 79 79 79 79 79 79 79 79 79 79 79 79 79 79 79 79 79 79 79 79 79 79 79 79 79 79 79 79 79 79 79 79 79 79 79 79 79 79 79 79 79 79 0 0 79 79 79 79 79 0 0 0 0 0 0 0 0 0 0 0 0 0 0
0 0 0 0 0 0 0 0 0 0 100 100 100 70 70 70 79 79 79 79 79 79 79 79 79 79 79 79 79 79 79 79 79 79 79 79 79 79 79 79 79 79 79 79 79 79 79 79 79 79 79 79 79 79 79 79 79 79 79 79 79 79 79 0 0 0 0 0 0 0 0 0 0 0 0 0 0 0 0 0 0 0 0 0 0
0 0 0 0 0 0 0 0 0 0 0 100 100 70 70 70 79 79 79 79 79 79 79 79 79 79 79 79 79 79 79 79 79 79 79 79 79 79 79 79 79 79 79 79 79 79 79 79 79 79 79 79 79 79 79 79 79 79 79 79 79 79 79 0 0 0 0 0 0 0 0 0 0 0 0 0 0 0 0 0 0 0 0 0 0
0 0 0 0 0 0 0 0 0 0 0 0 100 0 70 70 79 79 79 79 79 79 79 79 79 79 79 79 79 79 79 79 79 79 79 79 79 79 79 79 79 79 79 79 79 79 79 79 79 79 79 79 79 79 79 79 79 79 79 79 79 79 0 0 0 0 0 0 0 0 0 0 0 0 0 0 0 0 0 0 0 0 0 0 0
0 0 0 0 0 0 0 0 0 0 0 0 0 0 70 70 79 79 79 79 79 79 79 79 79 79 79 79 79 79 79 79 79 79 79 79 79 79 79 79 79 79 79 79 79 79 79 79 79 79 79 79 79 79 79 79 79 79 79 79 79 79 0 0 0 0 0 0 0 0 0 0 0 0 0 0 0 0 0 0 0 0 0 0 0
0 0 0 0 0 0 0 0 0 0 0 0 0 70 70 70 79 79 79 79 79 79 79 79 79 79 79 79 79 79 79 79 79 79 79 79 79 79 79 79 79 79 79 79 79 79 79 79 79 79 79 79 79 79 79 79 79 79 79 79 79 79 0 0 0 0 0 0 0 0 0 0 0 0 0 0 0 0 0 0 0 0 0 0 0
0 0 0 0 0 0 0 0 0 0 0 0 70 70 70 79 79 79 79 79 79 79 79 79 79 79 79 79 79 79 79 79 79 79 79 79 79 79 79 79 79 79 79 79 79 79 79 79 79 79 79 79 79 79 79 79 79 79 79 79 79 79 0 0 0 0 0 0 0 0 0 0 0 0 0 0 0 0 0 0 0 0 0 0 0
0 0 0 0 0 0 0 0 0 0 0 0 70 70 70 79 79 79 79 79 79 79 79 79 79 79 79 79 79 79 79 79 79 79 79 79 79 0 0 0 0 79 79 79 79 79 79 79 79 79 79 79 79 79 79 79 79 79 79 79 79 79 0 0 0 0 0 0 0 0 0 0 0 0 0 0 0 0 0 0 0 0 0 0 0
0 0 0 0 0 0 0 0 0 0 0 0 70 70 79 79 79 79 79 79 79 79 79 79 79 79 79 79 79 79 79 79 79 79 79 79 0 0 0 0 0 0 0 0 79 79 79 79 79 79 79 79 79 79 79 79 79 79 79 79 79 79 0 0 0 0 0 0 0 0 0 0 0 0 0 0 0 0 0 0 0 0 0 0 0
0 0 0 0 0 0 0 0 0 0 0 0 70 70 79 79 79 79 79 79 79 79 79 79 79 79 79 79 79 79 79 79 79 79 79 79 0 0 0 0 0 0 0 0 0 0 79 79 79 79 79 79 79 79 79 79 79 79 79 79 79 0 0 0 0 0 0 0 0 0 0 0 0 0 0 0 0 0 0 0 0 0 0 0 0
0 0 0 0 0 0 0 0 0 0 0 0 70 79 79 79 79 79 79 79 79 79 79 79 79 79 79 79 79 79 79 79 79 79 79 79 0 0 0 0 0 0 0 0 0 0 0 0 79 79 79 79 79 79 79 79 79 79 79 79 79 0 0 0 0 0 0 0 0 0 0 0 0 0 0 0 0 0 0 0 0 0 0 0 0
0 0 0 0 0 0 0 0 0 0 0 0 79 79 79 79 79 79 79 79 79 79 79 79 79 79 79 79 79 79 79 79 79 79 79 79 0 0 0 0 0 0 0 0 0 0 0 0 0 79 79 79 79 79 79 79 79 79 79 79 79 0 0 0 0 0 0 0 0 0 0 0 0 0 0 0 0 0 0 0 0 0 0 0 0
0 0 0 0 0 0 0 0 0 0 0 0 79 79 79 79 79 79 79 79 79 79 79 79 79 79 79 79 79 79 79 79 79 79 79 79 0 0 0 0 0 0 0 0 0 0 0 0 0 0 0 79 79 79 79 79 79 79 79 79 79 0 0 0 0 0 0 0 0 0 0 0 0 0 0 0 0 0 0 0 0 0 0 0 0
0 0 0 0 0 0 0 0 0 0 0 0 79 79 79 79 79 79 79 79 79 79 79 79 79 79 79 79 79 79 79 79 79 79 79 0 0 0 0 0 0 0 0 0 0 0 0 0 0 0 0 0 79 79 79 79 79 79 79 79 0 0 0 0 0 0 0 0 0 0 0 0 0 0 0 0 0 0 0 0 0 0 0 0 0
0 0 0 0 0 0 0 0 0 0 0 0 79 79 79 79 79 79 79 79 79 79 79 79 79 79 79 79 79 79 79 79 79 79 79 0 0 0 0 0 0 0 0 0 0 0 0 0 0 0 0 0 0 79 79 79 79 79 79 79 0 0 0 0 0 0 0 0 0 0 0 0 0 0 0 0 0 0 0 0 0 0 0 0 0
0 0 0 0 0 0 0 0 0 0 0 0 79 79 79 79 79 79 79 79 79 79 79 79 79 79 79 79 79 79 79 79 79 79 79 0 0 0 0 0 0 0 0 0 0 0 0 0 0 0 0 0 0 0 79 79 79 79 0 0 0 0 0 0 0 0 0 0 0 0 0 0 0 0 0 0 0 0 0 0 0 0 0 0 0
0 0 0 0 0 0 0 0 0 0 0 0 79 79 79 79 79 79 79 79 79 79 79 79 79 79 79 79 79 79 79 79 79 79 0 0 0 0 0 0 0 0 0 0 0 0 0 0 0 0 0 0 0 0 0 0 0 0 0 0 0 0 0 0 0 0 0 0 0 0 0 0 0 0 0 0 0 0 0 0 0 0 0 0 0
0 0 0 0 0 0 0 0 0 0 0 0 79 79 79 79 79 79 79 79 79 79 79 79 79 79 79 79 79 79 79 79 79 0 0 0 0 0 0 0 0 0 0 0 0 0 0 0 0 0 0 0 0 0 0 0 0 0 0 0 0 0 0 0 0 0 0 0 0 0 0 0 0 0 0 0 0 0 0 0 0 0 0 0 0
0 0 0 0 0 0 0 0 0 0 0 0 79 79 79 79 79 79 79 79 79 79 79 79 79 79 79 79 79 79 79 79 79 0 0 0 0 0 0 0 0 0 0 0 0 0 0 0 0 0 0 0 0 0 0 0 0 0 0 0 0 0 0 0 0 0 0 0 0 0 0 0 0 0 0 0 0 0 0 0 0 0 0 0 0
0 0 0 0 0 0 0 0 0 0 0 0 79 79 79 79 79 79 79 79 79 79 79 79 79 79 79 79 79 79 79 79 0 0 0 0 0 0 0 0 0 0 0 0 0 0 0 0 0 0 0 0 0 0 0 0 0 0 0 0 0 0 0 0 0 0 0 0 0 0 0 0 0 0 0 0 0 0 0 0 0 0 0 0 0
0 0 0 0 0 0 0 0 0 0 0 0 79 79 79 79 79 79 79 79 79 79 79 79 79 79 79 79 79 79 0 0 0 0 0 0 0 0 0 0 0 0 0 0 0 0 0 0 0 0 0 0 0 0 0 0 0 0 0 0 0 0 0 0 0 0 0 0 0 0 0 0 0 0 0 0 0 0 0 0 0 0 0 0 0
0 0 0 0 0 0 0 0 0 0 0 0 79 79 79 79 79 79 79 79 79 79 79 79 79 79 79 79 0 0 0 0 0 0 0 0 0 0 0 0 0 0 0 0 0 0 0 0 0 0 0 0 0 0 0 0 0 0 0 0 0 0 0 0 0 0 0 0 0 0 0 0 0 0 0 0 0 0 0 0 0 0 0 0 0
0 0 0 0 0 0 0 0 0 0 0 0 79 79 79 79 79 79 79 79 79 79 79 79 79 79 0 0 0 0 0 0 0 0 0 0 0 0 0 0 0 0 0 0 0 0 0 0 0 0 0 0 0 0 0 0 0 0 0 0 0 0 0 0 0 0 0 0 0 0 0 0 0 0 0 0 0 0 0 0 0 0 0 0 0
0 0 0 0 0 0 0 0 0 0 0 0 79 79 79 79 79 79 79 79 79 79 79 0 0 0 0 0 0 0 0 0 0 0 0 0 0 0 0 0 0 0 0 0 0 0 0 0 0 0 0 0 0 0 0 0 0 0 0 0 0 0 0 0 0 0 0 0 0 0 0 0 0 0 0 0 0 0 0 0 0 0 0 0 0
0 0 0 0 0 0 0 0 0 0 0 0 79 79 79 79 79 79 79 79 0 0 0 0 0 0 0 0 0 0 0 0 0 0 0 0 0 0 0 0 0 0 0 0 0 0 0 0 0 0 0 0 0 0 0 0 0 0 0 0 0 0 0 0 0 0 0 0 0 0 0 0 0 0 0 0 0 0 0 0 0 0 0 0 0
0 0 0 0 0 0 0 0 0 0 0 0 79 79 79 0 0 0 0 0 0 0 0 0 0 0 0 0 0 0 0 0 0 0 0 0 0 0 0 0 0 0 0 0 0 0 0 0 0 0 0 0 0 0 0 0 0 0 0 0 0 0 0 0 0 0 0 0 0 0 0 0 0 0 0 0 0 0 0 0 0 0 0 0 0
0 0 0 0 0 0 0 0 0 0 0 0 0 0 0 0 0 0 0 0 0 0 0 0 0 0 0 0 0 0 0 0 0 0 0 0 0 0 0 0 0 0 0 0 0 0 0 0 0 0 0 0 0 0 0 0 0 0 0 0 0 0 0 0 0 0 0 0 0 0 0 0 0 0 0 0 0 0 0 0 0 0 0 0 0
0 0 0 0 0 0 0 0 0 0 0 0 0 0 0 0 0 0 0 0 0 0 0 0 0 0 0 0 0 0 0 0 0 0 0 0 0 0 0 0 0 0 0 0 0 0 0 0 0 0 0 0 0 0 0 0 0 0 0 0 0 0 0 0 0 0 0 0 0 0 0 0 0 0 0 0 0 0 0 0 0 0 0 0 0
0 0 0 0 0 0 0 0 0 0 0 0 0 0 0 0 0 0 0 0 0 0 0 0 0 0 0 0 0 0 0 0 0 0 0 0 0 0 0 0 0 0 0 0 0 0 0 0 0 0 0 0 0 0 0 0 0 0 0 0 0 0 0 0 0 0 0 0 0 0 0 0 0 0 0 0 0 0 0 0 0 0 0 0 0
0 0 0 0 0 0 0 0 0 0 0 0 0 0 0 0 0 0 0 0 0 0 0 0 0 0 0 0 0 0 0 0 0 0 0 0 0 0 0 0 0 0 0 0 0 0 0 0 0 0 0 0 0 0 0 0 0 0 0 0 0 0 0 0 0 0 0 0 0 0 0 0 0 0 0 0 0 0 0 0 0 0 0 0 0
0 0 0 0 0 0 0 0 0 0 0 0 0 0 0 0 0 0 0 0 0 0 0 0 0 0 0 0 0 0 0 0 0 0 0 0 0 0 0 0 0 0 0 0 0 0 0 0 0 0 0 0 0 0 0 0 0 0 0 0 0 0 0 0 0 0 0 0 0 0 0 0 0 0 0 0 0 0 0 0 0 0 0 0 0
0 0 0 0 0 0 0 0 0 0 0 0 0 0 0 0 0 0 0 0 0 0 0 0 0 0 0 0 0 0 0 0 0 0 0 0 0 0 0 0 0 0 0 0 0 0 0 0 0 0 0 0 0 0 0 0 0 0 0 0 0 0 0 0 0 0 0 0 0 0 0 0 0 0 0 0 0 0 0 0 0 0 0 0 0
0 0 0 0 0 0 0 0 0 0 0 0 0 0 0 0 0 0 0 0 0 0 0 0 0 0 0 0 0 0 0 0 0 0 0 0 0 0 0 0 0 0 0 0 0 0 0 0 0 0 0 0 0 0 0 0 0 0 0 0 0 0 0 0 0 0 0 0 0 0 0 0 0 0 0 0 0 0 0 0 0 0 0 0 0
0 0 0 0 0 0 0 0 0 0 0 0 0 0 0 0 0 0 0 0 0 0 0 0 0 0 0 0 0 0 0 0 0 0 0 0 0 0 0 0 0 0 0 0 0 0 0 0 0 0 0 0 0 0 0 0 0 0 0 0 0 0 0 0 0 0 0 0 0 0 0 0 0 0 0 0 0 0 0 0 0 0 0 0 0
0 0 0 0 0 0 0 0 0 0 0 0 0 0 0 0 0 0 0 0 0 0 0 0 0 0 0 0 0 0 0 0 0 0 0 0 0 0 0 0 0 0 0 0 0 0 0 0 0 0 0 0 0 0 0 0 0 0 0 0 0 0 0 0 0 0 0 0 0 0 0 0 0 0 0 0 0 0 0 0 0 0 0 0 0
0 0 0 0 0 0 0 0 0 0 0 0 0 0 0 0 0 0 0 0 0 0 0 0 0 0 0 0 0 0 0 0 0 0 0 0 0 0 0 0 0 0 0 0 0 0 0 0 0 0 0 0 0 0 0 0 0 0 0 0 0 0 0 0 0 0 0 0 0 0 0 0 0 0 0 0 0 0 0 0 0 0 0 0 0
0 0 0 0 0 0 0 0 0 0 0 0 0 0 0 0 0 0 0 0 0 0 0 0 0 0 0 0 0 0 0 0 0 0 0 0 0 0 0 0 0 0 0 0 0 0 0 0 0 0 0 0 0 0 0 0 0 0 0 0 0 0 0 0 0 0 0 0 0 0 0 0 0 0 0 0 0 0 0 0 0 0 0 0 0
0 0 0 0 0 0 0 0 0 0 0 0 0 0 0 0 0 0 0 0 0 0 0 0 0 0 0 0 0 0 0 0 0 0 0 0 0 0 0 0 0 0 0 0 0 0 0 0 0 0 0 0 0 0 0 0 0 0 0 0 0 0 0 0 0 0 0 0 0 0 0 0 0 0 0 0 0 0 0 0 0 0 0 0 0
0 0 0 0 0 0 0 0 0 0 0 0 0 0 0 0 0 0 0 0 0 0 0 0 0 0 0 0 0 0 0 0 0 0 0 0 0 0 0 0 0 0 0 0 0 0 0 0 0 0 0 0 0 0 0 0 0 0 0 0 0 0 0 0 0 0 0 0 0 0 0 0 0 0 0 0 0 0 0 0 0 0 0 0 0
0 0 0 0 0 0 0 0 0 0 0 0 0 0 0 0 0 0 0 0 0 0 0 0 0 0 0 0 0 0 0 0 0 0 0 0 0 0 0 0 0 0 0 0 0 0 0 0 0 0 0 0 0 0 0 0 0 0 0 0 0 0 0 0 0 0 0 0 0 0 0 0 0 0 0 0 0 0 0 0 0 0 0 0 0
0 0 0 0 0 0 0 0 0 0 0 0 0 0 0 0 0 0 0 0 0 0 0 0 0 0 0 0 0 0 0 0 0 0 0 0 0 0 0 0 0 0 0 0 0 0 0 0 0 0 0 0 0 0 0 0 0 0 0 0 0 0 0 0 0 0 0 0 0 0 0 0 0 0 0 0 0 0 0 0 0 0 0 0 0
0 0 0 0 0 0 0 0 0 0 0 0 0 0 0 0 0 0 0 0 0 0 0 0 0 0 0 0 0 0 0 0 0 0 0 0 0 0 0 0 0 0 0 0 0 0 0 0 0 0 0 0 0 0 0 0 0 0 0 0 0 0 0 0 0 0 0 0 0 0 0 0 0 0 0 0 0 0 0 0 0 0 0 0 0
0 0 0 0 0 0 0 0 0 0 0 0 0 0 0 0 0 0 0 0 0 0 0 0 0 0 0 0 0 0 0 0 0 0 0 0 0 0 0 0 0 0 0 0 0 0 0 0 0 0 0 0 0 0 0 0 0 0 0 0 0 0 0 0 0 0 0 0 0 0 0 0 0 0 0 0 0 0 0 0 0 0 0 0 0
0 0 0 0 0 0 0 0 0 0 0 0 0 0 0 0 0 0 0 0 0 0 0 0 0 0 0 0 0 0 0 0 0 0 0 0 0 0 0 0 0 0 0 0 0 0 0 0 0 0 0 0 0 0 0 0 0 0 0 0 0 0 0 0 0 0 0 0 0 0 0 0 0 0 0 0 0 0 0 0 0 0 0 0 0
0 0 0 0 0 0 0 0 0 0 0 0 0 0 0 0 0 0 0 0 0 0 0 0 0 0 0 0 0 0 0 0 0 0 0 0 0 0 0 0 0 0 0 0 0 0 0 0 0 0 0 0 0 0 0 0 0 0 0 0 0 0 0 0 0 0 0 0 0 0 0 0 0 0 0 0 0 0 0 0 0 0 0 0 0
0 0 0 0 0 0 0 0 0 0 0 0 0 0 0 0 0 0 0 0 0 0 0 0 0 0 0 0 0 0 0 0 0 0 0 0 0 0 0 0 0 0 0 0 0 0 0 0 0 0 0 0 0 0 0 0 0 0 0 0 0 0 0 0 0 0 0 0 0 0 0 0 0 0 0 0 0 0 0 0 0 0 0 0 0
0 0 0 0 0 0 0 0 0 0 0 0 0 0 0 0 0 0 0 0 0 0 0 0 0 0 0 0 0 0 0 0 0 0 0 0 0 0 0 0 0 0 0 0 0 0 0 0 0 0 0 0 0 0 0 0 0 0 0 0 0 0 0 0 0 0 0 0 0 0 0 0 0 0 0 0 0 0 0 0 0 0 0 0 0
0 0 0 0 0 0 0 0 0 0 0 0 0 0 0 0 0 0 0 0 0 0 0 0 0 0 0 0 0 0 0 0 0 0 0 0 0 0 0 0 0 0 0 0 0 0 0 0 0 0 0 0 0 0 0 0 0 0 0 0 0 0 0 0 0 0 0 0 0 0 0 0 0 0 0 0 0 0 0 0 0 0 0 0 0
0 0 0 0 0 0 0 0 0 0 0 0 0 0 0 0 0 0 0 0 0 0 0 0 0 0 0 0 0 0 0 0 0 0 0 0 0 0 0 0 0 0 0 0 0 0 0 0 0 0 0 0 0 0 0 0 0 0 0 0 0 0 0 0 0 0 0 0 0 0 0 0 0 0 0 0 0 0 0 0 0 0 0 0 0
0 0 0 0 0 0 0 0 0 0 0 0 0 0 0 0 0 0 0 0 0 0 0 0 0 0 0 0 0 0 0 0 0 0 0 0 0 0 0 0 0 0 0 0 0 0 0 0 0 0 0 0 0 0 0 0 0 0 0 0 0 0 0 0 0 0 0 0 0 0 0 0 0 0 0 0 0 0 0 0 0 0 0 0 0
0 0 0 0 0 0 0 0 0 0 0 0 0 0 0 0 0 0 0 0 0 0 0 0 0 0 0 0 0 0 0 0 0 0 0 0 0 0 0 0 0 0 0 0 0 0 0 0 0 0 0 0 0 0 0 0 0 0 0 0 0 0 0 0 0 0 0 0 0 0 0 0 0 0 0 0 0 0 0 0 0 0 0 0 0
0 0 0 0 0 0 0 0 0 0 0 0 0 0 0 0 0 0 0 0 0 0 0 0 0 0 0 0 0 0 0 0 0 0 0 0 0 0 0 0 0 0 0 0 0 0 0 0 0 0 0 0 0 0 0 0 0 0 0 0 0 0 0 0 0 0 0 0 0 0 0 0 0 0 0 0 0 0 0 0 0 0 0 0 0
0 0 0 0 0 0 0 0 0 0 0 0 0 0 0 0 0 0 0 0 0 0 0 0 0 0 0 0 0 0 0 0 0 0 0 0 0 0 0 0 0 0 0 0 0 0 0 0 0 0 0 0 0 0 0 0 0 0 0 0 0 0 0 0 0 0 0 0 0 0 0 0 0 0 0 0 0 0 0 0 0 0 0 0 0
