0 0 0 0 0 0 0 0 0 0 0 0 0 0 0 0 0 0 0 0 0 0 0 0 0 0 0 72 72 76 76 100 100 100 100 100 100 100 100 100 100 100 100 100 100 100 100 100 100 100 100 100 100 100 100 100 100 100 100 100 100 100 100 100 100 100 100 100 100 100 100 100 100 0 0 0 0 0 0 0 0 0 0 0 0
0 0 0 0 0 0 0 0 0 0 0 0 0 0 0 0 0 0 0 0 0 0 0 0 0 0 72 72 72 1 1 76 76 100 100 100 100 100 100 100 100 100 100 100 100 100 100 100 100 100 100 100 100 100 100 100 100 100 100 100 100 100 100 100 100 100 100 100 100 100 100 100 0 0 0 0 0 0 0 0 0 0 0 0 0
0 0 0 0 0 0 0 0 0 0 0 0 0 0 0 0 0 0 0 0 0 0 0 0 0 0 72 72 1 1 1 76 76 100 100 100 100 100 100 100 100 100 100 100 100 100 100 100 100 100 100 100 100 100 100 100 100 100 100 100 100 100 100 100 100 100 100 100 100 100 100 0 0 0 0 0 0 0 0 0 0 0 0 0 0
0 0 0 0 0 0 0 0 0 0 0 0 0 0 0 0 0 0 0 0 0 0 0 0 0 72 72 72 1 1 1 1 76 76 100 100 100 100 100 100 100 100 100 100 100 100 100 100 100 100 100 100 100 100 100 100 100 100 100 100 100 100 100 100 100 100 100 100 100 100 100 0 0 0 0 0 0 0 0 0 0 0 0 0 0
0 0 0 0 0 0 0 0 0 0 0 0 0 0 0 0 0 0 0 0 0 0 0 72 72 72 72 1 1 1 1 1 76 76 76 100 100 100 100 100 100 100 100 100 100 100 100 100 100 100 100 100 100 100 100 100 100 100 100 100 100 100 100 100 100 100 100 100 100 100 100 0 0 0 0 0 0 0 0 0 0 0 0 0 0
0 0 0 0 0 0 0 0 0 0 0 0 0 0 0 0 0 0 0 0 0 72 72 72 72 72 72 1 1 1 1 1 76 76 76 100 100 100 100 100 100 100 100 100 100 100 100 100 100 100 100 100 100 100 100 100 100 100 100 100 100 100 100 100 100 100 100 100 100 100 0 0 0 0 0 0 0 0 0 0 0 0 0 0 0
0 0 0 0 0 0 0 0 0 0 0 0 0 0 0 0 72 72 72 72 72 72 72 53 72 72 72 1 1 1 1 1 76 76 76 76 100 100 100 100 100 100 100 100 100 100 100 100 100 100 100 100 100 100 100 100 100 100 100 100 100 100 100 100 100 100 100 100 100 100 100 0 0 0 0 0 0 0 0 0 0 0 0 0 0
0 0 0 0 0 0 0 0 0 0 0 0 0 0 100 72 72 72 72 72 72 72 72 72 72 72 72 72 1 1 1 72 72 76 76 76 76 100 100 100 100 100 100 100 100 100 100 100 100 100 100 100 100 100 100 100 100 100 100 100 100 100 100 100 100 100 100 100 100 100 100 100 0 0 0 0 0 0 0 0 0 0 0 0 0
0 0 0 0 0 0 0 0 0 0 0 100 100 100 100 72 72 72 72 72 72 72 72 72 72 72 72 72 72 72 72 72 72 72 76 76 76 100 100 100 100 100 100 100 100 100 100 100 100 100 100 100 100 100 100 100 100 100 100 100 100 100 100 100 100 100 100 100 100 100 100 100 100 0 0 0 0 0 0 0 0 0 0 0 0
0 0 0 0 0 0 0 0 100 100 100 100 100 100 100 100 72 72 72 72 72 72 72 72 72 72 72 72 72 72 72 72 72 72 76 76 76 100 100 100 100 100 100 100 100 100 100 100 100 100 100 100 100 100 100 100 100 100 100 100 100 100 100 100 100 100 100 100 100 100 100 100 100 100 100 100 0 0 0 0 0 0 0 0 0
0 0 0 0 100 0 0 100 100 100 100 100 100 100 100 100 72 72 72 72 72 72 72 72 72 72 72 72 72 72 3 72 72 72 72 2 76 76 100 100 100 100 100 100 100 100 100 100 100 100 100 100 100 100 100 100 100 100 100 100 100 100 100 100 100 100 100 100 100 100 100 100 100 100 100 100 100 100 0 0 0 0 0 0 0
0 0 100 100 100 100 100 100 100 100 100 100 100 100 100 100 100 72 72 72 72 72 72 72 72 72 3 3 72 3 3 72 72 72 2 2 2 2 100 100 100 100 100 100 100 100 100 100 100 100 100 100 100 100 100 100 100 100 100 100 100 100 100 100 100 100 100 100 100 100 100 100 100 100 100 100 100 100 0 0 0 0 0 0 0
100 100 100 100 100 100 100 100 100 100 100 100 100 100 100 100 100 72 72 72 72 72 72 72 72 3 3 3 72 3 3 3 72 72 2 2 72 2 76 100 100 100 100 100 100 100 100 100 100 100 100 100 100 100 100 100 100 100 100 100 100 100 100 100 100 100 100 100 100 100 100 100 100 100 100 100 100 100 100 100 0 0 0 0 0
100 100 100 100 100 100 100 100 100 100 100 100 100 100 100 100 100 72 72 72 72 72 72 72 72 3 3 3 72 3 72 3 72 72 72 72 2 72 76 100 100 100 100 100 100 100 100 100 100 100 100 100 100 100 100 100 100 100 100 100 100 100 100 100 100 100 100 100 100 100 100 100 100 100 100 100 100 100 100 100 0 0 0 0 0
100 100 100 100 100 100 100 100 100 100 100 100 100 100 100 100 100 100 72 72 72 72 72 5 5 72 72 72 72 72 72 72 72 72 2 2 72 76 2 76 100 100 100 100 100 100 100 100 100 100 100 100 100 100 100 100 100 100 100 100 100 100 100 100 100 100 100 100 100 100 100 100 100 100 100 100 100 100 100 100 100 100 0 0 0
100 100 100 100 100 100 100 100 100 100 100 100 100 100 100 100 100 100 72 72 72 72 72 5 5 72 72 72 3 72 3 72 72 72 2 72 72 76 76 76 76 100 100 100 100 100 100 100 100 100 100 100 100 100 100 100 100 100 100 100 100 100 100 100 100 100 100 100 100 100 100 100 100 100 100 100 100 100 100 100 100 100 0 0 0
0 100 100 100 100 100 100 100 100 100 100 100 100 100 100 100 100 72 72 72 72 72 72 72 5 5 72 72 72 72 72 72 72 4 2 72 72 76 76 76 76 100 100 100 100 100 100 100 100 100 100 100 100 100 100 100 100 100 100 100 100 100 100 100 100 100 100 100 100 100 100 100 100 100 100 100 100 100 100 100 100 100 100 0 0
0 100 100 100 100 100 100 100 100 100 100 100 100 100 100 100 100 69 72 72 72 72 72 72 5 5 5 72 72 72 4 4 4 4 2 2 72 76 2 2 76 100 100 100 100 100 100 100 100 100 100 100 100 100 100 100 100 100 100 100 100 100 100 100 100 100 100 100 100 100 100 100 100 100 100 100 100 100 100 100 100 100 100 0 0
0 100 100 100 100 100 100 100 100 100 100 100 100 100 100 100 100 69 72 72 72 72 72 72 5 5 5 5 72 4 4 4 4 4 4 4 2 2 2 2 2 100 100 100 100 100 100 100 100 100 100 100 100 100 100 100 100 100 100 100 100 100 100 100 100 100 100 100 100 100 100 100 100 100 100 100 100 100 100 100 100 100 0 0 0
0 0 100 100 100 100 100 100 100 100 100 100 100 100 100 100 100 69 69 72 72 72 72 72 72 72 72 5 5 72 4 4 4 4 72 4 2 72 2 2 76 100 100 100 100 100 100 100 100 100 100 100 100 100 100 100 100 100 100 100 100 100 100 100 100 100 100 100 100 100 100 100 100 100 100 100 100 100 100 100 100 0 0 0 0
0 0 100 100 100 100 100 100 100 100 100 100 100 100 100 100 69 69 69 69 72 72 72 72 72 72 5 5 5 72 72 72 72 72 72 72 72 72 76 2 76 100 100 100 100 100 100 100 100 100 100 100 100 100 100 100 100 100 100 100 100 100 100 100 100 100 100 100 100 100 100 100 100 100 100 100 100 100 100 100 0 0 0 0 0
0 0 100 100 100 100 100 100 100 100 100 100 100 100 100 100 69 69 69 69 69 72 72 72 72 72 72 5 5 5 72 72 72 72 72 72 72 72 2 76 76 100 100 100 100 100 100 100 100 100 100 100 100 100 100 100 100 100 100 100 100 100 100 100 100 100 100 100 100 100 100 100 100 100 100 100 100 100 100 0 0 0 0 0 0
0 0 0 100 100 100 100 100 100 100 100 100 100 100 100 100 69 69 69 69 69 69 72 72 72 72 72 72 72 5 72 72 72 72 72 72 72 2 2 76 76 100 100 100 100 100 100 100 100 100 100 100 100 100 100 100 100 100 100 100 100 100 100 100 100 100 100 100 100 100 100 100 100 100 100 100 100 100 0 0 0 0 0 0 0
0 0 0 100 100 100 100 100 100 100 100 100 100 100 100 69 69 69 69 69 69 69 69 72 72 72 72 72 5 5 5 72 72 72 72 72 72 2 2 76 76 100 100 100 100 100 100 100 100 100 100 100 100 100 100 100 100 100 100 100 100 100 100 100 100 100 100 100 100 100 100 100 100 100 100 100 100 0 0 0 0 0 0 0 0
0 0 0 100 100 100 100 100 100 100 100 100 100 100 100 69 69 69 69 69 69 60 60 69 72 72 72 72 72 5 5 72 72 72 72 72 72 2 76 76 2 76 100 100 100 100 100 100 100 100 100 100 100 100 100 100 100 100 100 100 100 100 100 100 100 100 100 100 100 100 100 100 100 100 100 100 0 0 0 0 0 0 0 0 0
0 0 100 100 100 100 100 100 100 100 100 100 100 100 100 69 69 69 69 69 69 69 69 69 69 69 72 72 72 5 72 5 72 72 72 72 72 2 2 76 2 76 100 100 100 100 100 100 100 100 100 100 100 100 100 100 100 100 100 100 100 100 100 100 100 100 100 100 100 100 100 100 100 100 0 0 0 0 0 0 0 0 0 0 0
0 0 100 100 100 100 100 100 100 100 100 100 100 100 100 69 69 69 69 69 69 69 69 69 69 69 69 69 69 69 5 5 72 72 72 72 72 2 2 2 2 6 100 100 100 100 100 100 100 100 100 100 100 100 100 100 100 100 100 100 100 100 100 100 100 100 100 100 100 100 100 100 0 0 0 0 0 0 0 0 0 0 0 0 0
0 0 0 100 100 100 100 100 100 100 100 100 100 100 100 69 69 69 69 69 69 69 69 69 69 69 69 69 69 69 72 72 72 72 72 72 72 2 6 6 6 6 76 100 100 100 100 100 100 100 100 100 100 100 100 100 100 100 100 100 100 100 100 100 100 100 100 100 100 100 0 0 0 0 0 0 0 0 0 0 0 0 0 0 0
0 0 0 100 100 100 100 100 100 100 100 100 100 100 69 69 60 69 69 69 69 69 69 69 69 69 69 69 69 69 72 72 56 56 72 72 72 6 6 6 72 6 76 100 100 100 100 100 100 100 100 100 100 100 100 100 100 100 100 100 100 100 100 100 100 100 100 100 100 100 0 0 0 0 0 0 0 0 0 0 0 0 0 0 0
0 0 0 100 100 100 100 100 100 100 100 100 100 100 69 69 69 69 69 69 69 69 69 69 69 69 69 69 69 69 72 72 56 56 56 72 56 6 6 6 6 6 76 100 100 100 100 100 100 100 100 100 100 100 100 100 100 100 100 100 100 100 100 100 100 100 100 100 0 0 0 0 0 0 0 0 0 0 0 0 0 0 0 0 0
0 0 100 100 100 100 100 100 100 100 100 100 100 100 69 69 69 69 69 69 69 69 69 69 69 69 69 69 69 69 72 56 72 72 72 72 72 6 6 6 6 6 76 100 100 100 100 100 100 100 100 100 100 100 100 100 100 100 100 100 100 100 100 100 100 100 100 0 0 0 0 0 0 0 0 0 0 0 0 0 0 0 0 0 0
0 0 0 100 100 100 100 100 100 100 100 100 100 100 69 69 69 69 69 69 69 69 69 69 69 69 69 60 69 69 69 72 72 72 72 72 72 6 6 6 6 6 6 100 100 100 100 100 100 100 100 100 100 100 100 100 100 100 100 100 100 100 100 100 100 100 100 0 0 0 0 0 0 0 0 0 0 0 0 0 0 0 0 0 0
0 0 0 100 100 100 100 100 100 100 100 100 100 100 69 69 69 69 69 69 69 69 74 74 74 60 60 60 60 69 69 69 72 72 72 72 72 6 6 6 6 6 6 100 100 100 100 100 100 100 100 100 100 100 100 100 100 100 100 100 100 100 100 100 100 100 100 0 0 0 0 0 0 0 0 0 0 0 0 0 0 0 0 0 0
0 0 100 100 100 100 100 100 100 100 100 100 100 100 69 69 69 69 74 74 74 74 74 74 74 60 69 69 69 69 69 69 69 72 72 72 72 6 6 6 6 6 6 100 100 100 100 100 100 100 100 100 100 100 100 100 100 100 100 100 100 100 100 100 100 100 100 100 0 0 0 0 0 0 0 0 0 0 0 0 0 0 0 0 0
0 0 100 100 100 100 100 100 100 100 100 100 100 100 69 69 69 69 74 74 74 74 74 74 60 60 69 69 69 69 69 69 69 69 69 72 72 6 6 6 6 6 6 100 100 100 100 100 100 100 100 100 100 100 100 100 100 100 100 100 100 100 100 100 100 100 100 100 0 0 0 0 0 0 0 0 0 0 0 0 0 0 0 0 0
0 0 100 100 100 100 100 100 100 100 100 100 100 100 69 69 69 69 74 74 74 74 74 74 74 69 69 69 69 69 69 69 69 69 69 69 72 6 6 6 6 6 6 100 100 100 100 100 100 100 100 100 100 100 100 100 100 100 100 100 100 100 100 100 100 100 100 100 100 0 0 0 0 0 0 0 0 0 0 0 0 0 0 0 0
0 0 100 100 100 100 100 100 100 100 100 100 100 100 100 69 69 74 74 74 74 74 74 74 74 69 69 69 69 69 69 69 69 69 69 69 69 6 6 6 6 6 6 100 100 100 100 100 100 100 100 100 100 100 100 100 100 100 100 100 100 100 100 100 100 100 100 100 100 0 0 0 0 0 0 0 0 0 0 0 0 0 0 0 0
0 0 100 100 100 100 100 100 100 100 100 100 100 100 100 69 69 74 74 74 74 74 74 74 74 74 74 74 69 69 69 69 69 69 69 69 69 6 6 6 6 6 7 100 100 100 100 100 100 100 100 100 100 100 100 100 100 100 100 100 100 100 100 100 100 100 100 100 100 0 0 0 0 0 0 0 0 0 0 0 0 0 0 0 0
0 0 100 100 100 100 100 100 100 100 100 100 100 100 100 69 74 74 74 74 74 74 74 74 74 74 74 74 74 74 69 69 69 69 69 69 69 6 6 72 72 76 7 100 100 100 100 100 100 100 100 100 100 100 100 100 100 100 100 100 100 100 100 100 100 100 100 100 100 100 0 0 0 0 0 0 0 0 0 0 0 0 0 0 0
0 100 100 100 100 100 100 100 100 100 100 100 100 100 100 100 74 74 74 74 74 74 74 74 74 74 74 74 74 74 69 69 69 69 69 69 8 69 69 72 7 7 7 100 100 100 100 100 100 100 100 100 100 100 100 100 100 100 100 100 100 100 100 100 100 100 100 100 100 100 100 0 0 0 0 0 0 0 0 0 0 0 0 0 0
0 100 100 100 100 100 100 100 100 100 100 100 100 100 100 100 74 74 74 74 74 74 74 74 74 74 74 74 74 74 74 69 69 69 69 69 69 78 7 7 7 7 100 100 100 100 100 100 100 100 100 100 100 100 100 100 100 100 100 100 100 100 100 100 100 100 100 100 100 100 100 0 0 0 0 0 0 0 0 0 0 0 0 0 0
0 0 100 100 100 100 100 100 100 100 100 100 100 100 100 100 100 74 74 74 74 74 74 74 74 74 74 74 74 74 74 78 69 69 69 78 78 78 7 7 76 76 100 100 100 100 100 100 100 100 100 100 100 100 100 100 100 100 100 100 100 100 100 100 100 100 100 100 100 100 100 0 0 0 0 0 0 0 0 0 0 0 0 0 0
0 0 0 100 100 100 100 100 100 100 100 100 100 100 100 100 100 100 74 74 74 74 74 74 74 74 74 74 74 74 74 74 78 78 78 78 78 8 7 7 76 76 76 100 100 100 100 100 100 100 100 100 100 100 100 100 100 100 100 100 100 100 100 100 100 100 100 100 100 100 100 0 0 0 0 0 0 0 0 0 0 0 0 0 0
0 0 0 100 100 100 100 100 100 100 100 100 100 100 100 100 100 100 100 74 74 74 74 74 74 74 74 74 74 74 9 74 78 78 78 78 78 8 7 7 7 76 76 76 100 100 100 100 100 100 100 100 100 100 100 100 100 100 100 100 100 100 100 100 100 100 100 100 100 100 100 100 0 0 0 0 0 0 0 0 0 0 0 0 0
0 100 100 100 100 100 100 100 100 100 100 100 100 100 100 100 100 100 100 74 74 74 74 74 74 74 74 74 74 74 9 9 78 8 78 8 8 8 8 7 7 7 7 76 76 100 100 100 100 100 100 100 100 100 100 100 100 100 100 100 100 100 100 100 100 100 100 100 100 100 100 100 100 0 0 0 0 0 0 0 0 0 0 0 0
0 100 100 100 100 100 100 100 100 100 100 100 100 100 100 100 100 100 100 100 74 74 74 74 74 74 74 74 74 74 74 74 78 78 78 78 8 78 78 8 7 7 7 7 76 76 100 100 100 100 100 100 100 100 100 100 100 100 100 100 100 100 100 100 100 100 100 100 100 100 100 100 100 0 0 0 0 0 0 0 0 0 0 0 0
0 100 100 100 100 100 100 100 100 100 100 100 100 100 100 100 100 100 100 100 74 74 74 74 74 74 74 74 74 74 74 74 78 78 78 78 8 78 78 78 7 7 7 76 76 76 76 76 100 100 100 100 100 100 100 100 100 100 100 100 100 100 100 100 100 100 100 100 100 100 100 100 100 0 0 0 0 0 0 0 0 0 0 0 0
0 100 100 100 100 100 100 100 100 100 100 100 100 100 100 100 100 100 100 100 74 74 74 74 74 74 74 74 74 74 74 74 74 74 78 78 78 8 8 78 8 7 7 76 76 76 76 76 100 100 100 100 100 100 100 100 100 100 100 100 100 100 100 100 100 100 100 100 100 100 100 100 100 0 0 0 0 0 0 0 0 0 0 0 0
100 100 100 100 100 100 100 100 100 100 100 100 100 100 100 100 100 100 100 100 74 74 74 74 74 74 74 74 74 74 74 74 74 74 74 78 78 8 8 78 76 76 7 76 76 76 76 76 100 100 100 100 100 100 100 100 100 100 100 100 100 100 100 100 100 100 100 100 100 100 100 100 100 100 0 0 0 0 0 0 0 0 0 0 0
100 100 100 100 100 100 100 100 100 100 100 100 100 100 100 100 100 100 100 100 74 74 74 74 74 74 74 74 74 74 74 74 74 74 74 78 78 78 78 78 78 76 76 76 7 7 76 76 100 100 100 100 100 100 100 100 100 100 100 100 100 100 100 100 100 100 100 100 100 100 100 100 100 100 100 0 0 0 0 0 0 0 0 0 0
100 100 100 100 100 100 100 100 100 100 100 100 100 100 100 100 100 100 100 100 74 74 74 74 74 74 74 74 74 74 9 74 74 74 74 78 8 78 78 78 78 76 76 7 7 76 76 76 100 100 100 100 100 100 100 100 100 100 100 100 100 100 100 100 100 100 100 100 100 100 100 100 100 100 100 0 0 0 0 0 0 0 0 0 0
100 100 100 100 100 100 100 100 100 100 100 100 100 100 100 100 100 100 100 100 74 74 74 74 74 74 74 74 74 74 74 74 74 74 74 78 78 78 8 8 8 78 76 7 76 76 76 76 100 100 100 100 100 100 100 100 100 100 100 100 100 100 100 100 100 100 100 100 100 100 100 100 100 100 0 0 0 0 0 0 0 0 0 0 0
100 100 100 100 100 100 100 100 100 100 100 100 100 100 100 100 100 100 100 100 74 74 74 64 74 74 74 74 74 74 74 74 74 74 74 78 78 78 8 8 78 78 76 76 7 76 76 76 100 100 100 100 100 100 100 100 100 100 100 100 100 100 100 100 100 100 100 100 100 100 100 100 100 100 0 0 0 0 0 0 0 0 0 0 0
100 100 100 100 100 100 100 100 100 100 100 100 100 100 100 100 100 100 100 100 74 74 74 74 74 74 74 74 74 74 74 74 74 74 74 78 78 78 8 8 78 78 76 76 76 76 76 7 100 100 100 100 100 100 100 100 100 100 100 100 100 100 100 100 100 100 100 100 100 100 100 100 0 0 0 0 0 0 0 0 0 0 0 0 0
100 100 100 100 100 100 100 100 100 100 100 100 100 100 100 100 100 100 100 100 74 74 74 74 74 74 74 74 74 74 74 74 74 74 74 78 78 78 8 78 78 78 76 76 76 76 76 76 100 100 100 100 100 100 100 100 100 100 100 100 100 100 100 100 100 100 100 100 100 100 100 100 0 0 0 0 0 0 0 0 0 0 0 0 0
0 100 100 100 100 100 100 100 100 100 100 100 100 100 100 100 100 100 100 100 74 74 74 74 74 74 74 74 74 74 74 74 74 74 74 78 78 78 78 78 78 78 76 76 76 76 76 100 100 100 100 100 100 100 100 100 100 100 100 100 100 100 100 100 100 100 100 100 100 100 100 100 100 0 0 0 0 0 0 0 0 0 0 0 0
0 0 100 100 100 100 100 100 100 100 100 100 100 100 100 100 100 100 100 100 74 74 74 74 74 74 74 74 74 74 74 74 74 74 78 78 78 78 78 78 78 78 76 76 76 76 76 100 100 100 100 100 100 100 100 100 100 100 100 100 100 100 100 100 100 100 100 100 100 100 100 100 100 0 0 0 0 0 0 0 0 0 0 0 0
0 0 100 100 100 100 100 100 100 100 100 100 100 100 100 100 100 100 100 74 64 74 74 74 74 74 74 74 74 74 74 74 74 74 78 78 78 78 78 78 78 78 76 76 76 76 76 100 100 100 100 100 100 100 100 100 100 100 100 100 100 100 100 100 100 100 100 100 100 100 100 100 100 0 0 0 0 0 0 0 0 0 0 0 0
0 0 100 100 100 100 100 100 100 100 100 100 100 100 100 100 100 100 100 74 74 64 74 74 74 74 74 74 74 74 74 74 74 74 74 78 78 78 10 10 10 78 76 76 76 76 100 100 100 100 100 100 100 100 100 100 100 100 100 100 100 100 100 100 100 100 100 100 100 100 100 100 100 0 0 0 0 0 0 0 0 0 0 0 0
0 100 100 100 100 100 100 100 100 100 100 100 100 100 100 100 100 100 100 69 69 74 74 74 74 74 74 74 74 74 74 74 74 74 78 78 78 10 10 78 78 78 76 10 76 76 100 100 100 100 100 100 100 100 100 100 100 100 100 100 100 100 100 100 100 100 100 100 100 100 100 100 100 0 0 0 0 0 0 0 0 0 0 0 0
100 100 100 100 100 100 100 100 100 100 100 100 100 100 100 100 100 100 69 69 69 69 69 74 74 74 74 74 74 74 74 74 74 74 78 78 78 78 78 78 78 78 76 10 10 10 100 100 100 100 100 100 100 100 100 100 100 100 100 100 100 100 100 100 100 100 100 100 100 100 100 100 100 0 0 0 0 0 0 0 0 0 0 0 0
100 100 100 100 100 100 100 100 100 100 100 100 100 100 100 100 100 100 69 69 69 64 64 69 74 74 69 69 69 74 74 74 74 78 78 78 78 78 10 10 78 10 10 10 76 76 100 100 100 100 100 100 100 100 100 100 100 100 100 100 100 100 100 100 100 100 100 100 100 100 100 100 100 100 0 0 0 0 0 0 0 0 0 0 0
100 100 100 100 100 100 100 100 100 100 100 100 100 100 100 100 100 69 69 69 69 64 64 64 64 69 69 69 69 69 74 74 74 78 78 78 78 78 10 78 78 10 10 10 76 100 100 100 100 100 100 100 100 100 100 100 100 100 100 100 100 100 100 100 100 100 100 100 100 100 100 100 100 100 100 0 0 0 0 0 0 0 0 0 0
100 100 100 100 100 100 100 100 100 100 100 100 100 100 100 100 69 69 69 69 69 69 64 69 64 69 69 69 69 69 69 74 74 78 78 78 78 78 78 78 78 76 76 10 76 100 100 100 100 100 100 100 100 100 100 100 100 100 100 100 100 100 100 100 100 100 100 100 100 100 100 100 100 100 100 0 0 0 0 0 0 0 0 0 0
100 100 100 100 100 100 100 100 100 100 100 100 100 100 100 100 69 69 69 69 69 69 69 64 64 64 69 69 69 69 69 69 74 78 78 78 78 78 78 78 78 76 76 76 76 100 100 100 100 100 100 100 100 100 100 100 100 100 100 100 100 100 100 100 100 100 100 100 100 100 100 100 100 100 100 100 0 0 0 0 0 0 0 0 0
100 100 100 100 100 100 100 100 100 100 100 100 100 100 100 100 69 11 11 69 69 69 69 69 69 69 69 69 69 69 69 69 78 78 78 78 78 78 78 78 78 76 76 76 76 100 100 100 100 100 100 100 100 100 100 100 100 100 100 100 100 100 100 100 100 100 100 100 100 100 100 100 100 100 100 100 100 0 0 0 0 0 0 0 0
100 100 100 100 100 100 100 100 100 100 100 100 100 100 100 100 69 11 11 11 69 69 69 69 69 69 69 69 69 69 69 69 78 78 78 78 78 78 78 78 78 76 76 76 76 100 100 100 100 100 100 100 100 100 100 100 100 100 100 100 100 100 100 100 100 100 100 100 100 100 100 100 100 100 100 100 100 0 0 0 0 0 0 0 0
100 100 100 100 100 100 100 100 100 100 100 100 100 100 100 100 69 69 11 11 11 11 69 69 69 69 69 69 69 69 69 69 78 78 78 78 78 76 76 78 78 76 76 76 100 100 100 100 100 100 100 100 100 100 100 100 100 100 100 100 100 100 100 100 100 100 100 100 100 100 100 100 100 100 100 100 100 100 0 0 0 0 0 0 0
0 100 100 100 100 100 100 100 100 100 100 100 100 100 100 100 69 11 11 11 69 11 11 69 69 69 69 80 69 69 69 78 78 78 78 78 76 76 76 76 78 76 76 76 100 100 100 100 100 100 100 100 100 100 100 100 100 100 100 100 100 100 100 100 100 100 100 100 100 100 100 100 100 100 100 100 100 0 0 0 0 0 0 0 0
0 0 100 100 100 100 100 100 100 100 100 100 100 100 100 100 100 69 11 11 69 11 11 69 69 69 69 80 69 69 69 69 78 78 78 78 76 76 76 76 76 76 76 76 10 100 100 100 100 100 100 100 100 100 100 100 100 100 100 100 100 100 100 100 100 100 100 100 100 100 100 100 100 100 100 100 100 100 0 0 0 0 0 0 0
100 100 100 100 100 100 100 100 100 100 100 100 100 100 100 100 100 100 69 69 11 11 69 69 69 69 80 80 69 69 69 69 78 78 78 78 76 76 76 76 76 76 10 10 10 100 100 100 100 100 100 100 100 100 100 100 100 100 100 100 100 100 100 100 100 100 100 100 100 100 100 100 100 100 100 100 100 100 0 0 0 0 0 0 0
100 100 100 100 100 100 100 100 100 100 100 100 100 100 100 100 100 100 100 100 69 69 69 69 69 69 80 80 69 69 69 69 78 78 78 78 76 76 76 76 76 76 76 10 76 100 100 100 100 100 100 100 100 100 100 100 100 100 100 100 100 100 100 100 100 100 100 100 100 100 100 100 100 100 100 100 100 100 100 0 0 0 0 0 0
100 100 100 100 100 100 100 100 100 100 100 100 100 100 100 100 100 100 100 100 100 100 69 69 69 69 69 80 69 69 69 69 80 80 80 80 76 76 76 76 76 76 76 76 10 100 100 100 100 100 100 100 100 100 100 100 100 100 100 100 100 100 100 100 100 100 100 100 100 100 100 100 100 100 100 100 100 100 100 0 0 0 0 0 0
100 100 100 100 100 100 100 100 100 100 100 100 100 100 100 100 100 100 100 100 100 100 100 69 69 69 80 80 69 69 69 69 80 80 80 80 80 76 76 76 76 76 76 10 10 100 100 100 100 100 100 100 100 100 100 100 100 100 100 100 100 100 100 100 100 100 100 100 100 100 100 100 100 100 100 100 100 100 100 0 0 0 0 0 0
100 100 100 100 100 100 100 100 100 100 100 100 100 100 100 100 100 100 100 100 100 100 100 69 69 69 80 80 80 80 80 80 80 80 80 80 80 76 76 76 76 76 76 10 100 100 100 100 100 100 100 100 100 100 100 100 100 100 100 100 100 100 100 100 100 100 100 100 100 100 100 100 100 100 100 100 100 100 0 0 0 0 0 0 0
100 100 100 100 100 100 100 100 100 100 100 100 100 100 100 100 100 100 100 100 100 100 100 100 69 69 80 80 80 80 80 80 80 80 80 80 80 80 76 76 76 76 76 76 100 100 100 100 100 100 100 100 100 100 100 100 100 100 100 100 100 100 100 100 100 100 100 100 100 100 100 100 100 100 0 0 0 0 0 0 0 0 0 0 0
100 100 100 100 100 100 100 100 100 100 100 100 100 100 100 100 100 100 100 100 100 100 100 100 69 80 80 80 80 80 80 80 80 80 80 80 80 80 76 76 76 76 76 76 100 100 100 100 100 100 100 100 100 100 100 100 100 100 100 100 100 100 100 100 100 100 100 100 100 100 100 100 0 0 0 0 0 0 0 0 0 0 0 0 0
100 100 100 100 100 100 100 100 100 100 100 100 100 100 100 100 100 100 100 100 100 100 100 100 100 80 80 80 80 80 80 80 80 80 80 80 80 80 80 76 76 76 76 100 100 100 100 100 100 100 100 100 100 100 100 100 100 100 100 100 100 100 100 100 100 100 100 100 100 100 100 0 0 0 0 0 0 0 0 0 0 0 0 0 0
100 100 100 100 100 100 100 100 100 100 100 100 100 100 100 100 100 100 100 100 100 100 100 100 100 80 80 80 80 80 80 80 80 80 80 80 80 80 12 12 12 76 12 100 100 100 100 100 100 100 100 100 100 100 100 100 100 100 100 100 100 100 100 100 100 100 100 100 100 100 100 0 0 0 0 0 0 0 0 0 0 0 0 0 0
100 100 100 100 100 100 100 100 100 100 100 100 100 100 100 100 100 100 100 100 100 100 100 100 100 80 80 80 80 80 80 80 80 80 80 80 80 80 12 12 12 76 12 100 100 100 100 100 100 100 100 100 100 100 100 100 100 100 100 100 100 100 100 100 100 100 100 100 100 100 100 100 0 0 0 0 0 0 0 0 0 0 0 0 0
100 100 100 100 100 100 100 100 100 100 100 100 100 100 100 100 100 100 100 100 100 100 100 100 100 80 80 80 80 80 80 80 80 80 80 80 80 80 12 12 12 76 12 76 100 100 100 100 100 100 100 100 100 100 100 100 100 100 100 100 100 100 100 100 100 100 100 100 100 100 100 100 0 0 0 0 0 0 0 0 0 0 0 0 0
100 100 100 100 100 100 100 100 100 100 100 100 100 100 100 100 100 100 100 100 100 100 100 100 100 80 80 80 80 80 80 80 80 80 80 80 80 80 80 80 12 12 12 76 100 100 100 100 100 100 100 100 100 100 100 100 100 100 100 100 100 100 100 100 100 100 100 100 100 100 100 100 0 0 0 0 0 0 0 0 0 0 0 0 0
100 100 100 100 100 100 100 100 100 100 100 100 100 100 100 100 100 100 100 100 100 100 100 100 100 80 80 80 80 80 80 80 80 80 80 80 80 12 12 12 12 12 12 76 76 100 100 100 100 100 100 100 100 100 100 100 100 100 100 100 100 100 100 100 100 100 100 100 100 100 100 100 0 0 0 0 0 0 0 0 0 0 0 0 0
100 100 100 100 100 100 100 100 100 100 100 100 100 100 100 100 100 100 100 100 100 100 100 100 100 80 80 80 80 80 80 80 80 80 80 80 80 12 12 12 12 12 12 12 12 100 100 100 100 100 100 100 100 100 100 100 100 100 100 100 100 100 100 100 100 100 100 100 100 100 100 100 100 0 0 0 0 0 0 0 0 0 0 0 0
100 100 100 100 100 100 100 100 100 100 100 100 100 100 100 100 100 100 100 100 100 100 100 100 100 80 80 80 80 80 80 80 80 80 80 80 12 12 12 12 12 12 12 12 12 76 100 100 100 100 100 100 100 100 100 100 100 100 100 100 100 100 100 100 100 100 100 100 100 100 100 100 100 0 0 0 0 0 0 0 0 0 0 0 0
100 100 100 100 100 100 100 100 100 100 100 100 100 100 100 100 100 100 100 100 100 100 100 100 100 80 80 80 80 80 80 80 80 80 80 80 80 12 12 12 12 12 12 12 12 76 100 100 100 100 100 100 100 100 100 100 100 100 100 100 100 100 100 100 100 100 100 100 100 100 100 100 100 100 0 0 0 0 0 0 0 0 0 0 0
100 100 100 100 100 100 100 100 100 100 100 100 100 100 100 100 100 100 100 100 100 100 100 100 100 80 80 80 80 80 80 80 80 15 80 80 80 12 12 12 12 12 76 76 76 76 100 100 100 100 100 100 100 100 100 100 100 100 100 100 100 100 100 100 100 100 100 100 100 100 100 100 100 100 100 100 0 0 0 0 0 0 0 0 0
100 100 100 100 100 100 100 100 100 100 100 100 100 100 100 100 100 100 100 100 100 100 100 100 69 80 80 80 80 80 80 80 80 15 80 15 15 80 13 12 12 12 12 76 76 100 100 100 100 100 100 100 100 100 100 100 100 100 100 100 100 100 100 100 100 100 100 100 100 100 100 100 100 100 100 100 100 0 0 0 0 0 0 0 0
100 100 100 100 100 100 100 100 100 100 100 100 100 100 100 100 100 100 100 100 100 100 100 100 69 80 80 80 80 80 80 80 80 80 15 15 15 80 13 12 12 76 76 76 76 100 100 100 100 100 100 100 100 100 100 100 100 100 100 100 100 100 100 100 100 100 100 100 100 100 100 100 100 100 100 100 100 100 0 0 0 0 0 0 0
100 100 100 100 100 100 100 100 100 100 100 100 100 100 100 100 100 100 100 100 100 100 100 100 69 80 80 80 80 80 80 80 80 80 15 15 80 13 13 13 13 13 76 76 76 100 100 100 100 100 100 100 100 100 100 100 100 100 100 100 100 100 100 100 100 100 100 100 100 100 100 100 100 100 100 100 100 100 0 0 0 0 0 0 0
100 100 100 100 100 100 100 100 100 100 100 100 100 100 100 100 100 100 100 100 100 100 100 100 69 80 80 80 80 80 80 80 80 80 80 80 13 13 13 13 13 13 13 76 100 100 100 100 100 100 100 100 100 100 100 100 100 100 100 100 100 100 100 100 100 100 100 100 100 100 100 100 100 100 100 100 100 100 0 0 0 0 0 0 0
100 100 100 100 100 100 100 100 100 100 100 100 100 100 100 100 100 100 100 100 100 100 100 100 69 80 80 80 80 80 80 80 80 15 80 80 14 13 13 80 76 13 13 76 100 100 100 100 100 100 100 100 100 100 100 100 100 100 100 100 100 100 100 100 100 100 100 100 100 100 100 100 100 100 100 100 100 100 100 0 0 0 0 0 0
100 100 100 100 100 100 100 100 100 100 100 100 100 100 100 100 100 100 100 100 100 100 100 100 69 80 80 80 80 80 80 80 80 15 80 80 14 14 80 80 14 76 76 100 100 100 100 100 100 100 100 100 100 100 100 100 100 100 100 100 100 100 100 100 100 100 100 100 100 100 100 100 100 100 100 100 100 100 100 100 0 0 0 0 0
100 100 100 100 100 100 100 100 100 100 100 100 100 100 100 100 100 100 100 100 100 100 100 69 69 15 80 80 80 80 80 80 80 80 80 80 14 14 14 14 14 76 76 100 100 100 100 100 100 100 100 100 100 100 100 100 100 100 100 100 100 100 100 100 100 100 100 100 100 100 100 100 100 100 100 100 100 100 100 100 0 0 0 0 0
100 100 100 100 100 100 100 100 100 100 100 100 100 100 100 100 100 100 100 100 100 100 100 69 69 80 80 80 80 80 80 80 80 80 80 80 14 14 14 14 80 76 76 100 100 100 100 100 100 100 100 100 100 100 100 100 100 100 100 100 100 100 100 100 100 100 100 100 100 100 100 100 100 100 100 100 100 100 100 100 100 0 0 0 0
100 100 100 100 100 100 100 100 100 100 100 100 100 100 100 100 100 100 100 100 100 100 100 69 69 80 80 80 80 80 80 80 80 80 80 80 14 14 14 80 80 76 76 100 100 100 100 100 100 100 100 100 100 100 100 100 100 100 100 100 100 100 100 100 100 100 100 100 100 100 100 100 100 100 100 100 100 100 100 100 100 0 0 0 0
100 100 100 100 100 100 100 100 100 100 100 100 100 100 100 100 100 100 100 100 100 100 100 69 69 80 80 80 80 80 80 80 80 80 80 80 80 57 14 80 80 80 76 100 100 100 100 100 100 100 100 100 100 100 100 100 100 100 100 100 100 100 100 100 100 100 100 100 100 100 100 100 100 100 100 100 100 100 100 100 100 0 0 0 0
100 100 100 100 100 100 100 100 100 100 100 100 100 100 100 100 100 100 100 100 100 100 100 69 69 80 80 80 80 80 80 80 80 80 80 80 80 80 14 80 80 80 100 100 100 100 100 100 100 100 100 100 100 100 100 100 100 100 100 100 100 100 100 100 100 100 100 100 100 100 100 100 100 100 100 100 100 100 100 100 100 100 0 0 0
100 100 100 100 100 100 100 100 100 100 100 100 100 100 100 100 100 100 100 100 100 100 100 69 75 57 80 80 80 80 80 80 80 80 80 80 80 80 14 80 80 80 100 100 100 100 100 100 100 100 100 100 100 100 100 100 100 100 100 100 100 100 100 100 100 100 100 100 100 100 100 100 100 100 100 100 100 100 100 100 100 0 0 0 0
100 100 100 100 100 100 100 100 100 100 100 100 100 100 100 100 100 100 100 100 100 100 100 75 75 75 75 75 80 80 57 57 57 80 80 80 80 80 80 80 80 80 100 100 100 100 100 100 100 100 100 100 100 100 100 100 100 100 100 100 100 100 100 100 100 100 100 100 100 100 100 100 100 100 100 100 100 100 100 100 100 0 0 0 0
100 100 100 100 100 100 100 100 100 100 100 100 100 100 100 100 100 100 100 100 100 100 100 75 75 57 75 75 80 80 80 80 80 80 80 80 80 80 80 80 80 80 100 100 100 100 100 100 100 100 100 100 100 100 100 100 100 100 100 100 100 100 100 100 100 100 100 100 100 100 100 100 100 100 100 100 100 100 100 100 100 100 0 0 0
100 100 100 100 100 100 100 100 100 100 100 100 100 100 100 100 100 100 100 100 100 100 100 75 75 75 75 75 75 80 80 80 80 80 80 57 57 57 80 80 80 80 100 100 100 100 100 100 100 100 100 100 100 100 100 100 100 100 100 100 100 100 100 100 100 100 100 100 100 100 100 100 100 100 100 100 100 100 100 100 100 100 0 0 0
100 100 100 100 100 100 100 100 100 100 100 100 100 100 100 100 100 100 100 100 100 100 100 75 57 57 52 52 52 52 52 52 52 80 80 80 57 57 80 80 80 80 100 100 100 100 100 100 100 100 100 100 100 100 100 100 100 100 100 100 100 100 100 100 100 100 100 100 100 100 100 100 100 100 100 100 100 100 100 100 100 100 0 0 0
100 100 100 100 100 100 100 100 100 100 100 100 100 100 100 100 100 100 100 100 100 100 100 75 75 75 52 52 52 52 52 52 52 75 75 80 80 57 80 57 80 80 100 100 100 100 100 100 100 100 100 100 100 100 100 100 100 100 100 100 100 100 100 100 100 100 100 100 100 100 100 100 100 100 100 100 100 100 100 100 100 100 0 0 0
100 100 100 100 100 100 100 100 100 100 100 100 100 100 100 100 100 100 100 100 100 100 75 75 75 75 52 52 52 52 52 52 52 75 75 75 75 80 80 80 80 80 100 100 100 100 100 100 100 100 100 100 100 100 100 100 100 100 100 100 100 100 100 100 100 100 100 100 100 100 100 100 100 100 100 100 100 100 100 100 100 100 0 0 0
100 100 100 100 100 100 100 100 100 100 100 100 100 100 100 100 100 100 100 100 100 100 75 75 75 75 52 52 52 52 52 52 52 75 75 75 75 75 80 77 77 77 100 100 100 100 100 100 100 100 100 100 100 100 100 100 100 100 100 100 100 100 100 100 100 100 100 100 100 100 100 100 100 100 100 100 100 100 100 100 100 100 100 100 0
100 100 100 100 100 100 100 100 100 100 100 100 100 100 100 100 100 100 100 100 100 100 75 16 16 75 52 52 52 52 52 52 52 75 75 75 75 75 75 77 77 77 100 100 100 100 100 100 100 100 100 100 100 100 100 100 100 100 100 100 100 100 100 100 100 100 100 100 100 100 100 100 100 100 100 100 100 100 100 100 100 100 100 100 0
100 100 100 100 100 100 100 100 100 100 100 100 100 100 100 100 100 100 100 100 100 100 75 16 16 16 16 16 16 16 16 16 75 75 75 75 75 75 75 75 77 77 100 100 100 100 100 100 100 100 100 100 100 100 100 100 100 100 100 100 100 100 100 100 100 100 100 100 100 100 100 100 100 100 100 100 100 100 100 100 100 100 100 100 0
100 100 100 100 100 100 100 100 100 100 100 100 100 100 100 100 100 100 100 100 100 100 17 17 16 16 16 16 16 16 16 75 75 75 75 75 75 75 75 77 77 77 77 100 100 100 100 100 100 100 100 100 100 100 100 100 100 100 100 100 100 100 100 100 100 100 100 100 100 100 100 100 100 100 100 100 100 100 100 100 100 100 100 100 100
100 100 100 100 100 100 100 100 100 100 100 100 100 100 100 100 100 100 100 100 100 75 17 17 17 75 16 75 16 16 16 75 75 75 75 75 75 75 75 77 77 77 77 100 100 100 100 100 100 100 100 100 100 100 100 100 100 100 100 100 100 100 100 100 100 100 100 100 100 100 100 100 100 100 100 100 100 100 100 100 100 100 100 100 100
100 100 100 100 100 100 100 100 100 100 100 100 100 100 100 100 100 100 100 100 100 75 75 75 17 17 75 75 16 16 75 75 75 75 75 75 75 75 75 77 77 77 77 77 77 100 100 100 100 100 100 100 100 100 100 100 100 100 100 100 100 100 100 100 100 100 100 100 100 100 100 100 100 100 100 100 100 100 100 100 100 100 100 100 100
100 100 100 100 100 100 100 100 100 100 100 100 100 100 100 100 100 100 100 100 100 75 75 17 17 75 75 75 75 75 75 75 75 75 75 75 75 75 75 77 77 77 77 77 77 77 100 100 100 100 100 100 100 100 100 100 100 100 100 100 100 100 100 100 100 100 100 100 100 100 100 100 100 100 100 100 100 100 100 100 100 100 100 100 100
100 100 100 100 100 100 100 100 100 100 100 100 100 100 100 100 100 100 100 100 75 75 17 17 17 17 17 75 75 75 75 75 75 75 75 75 75 75 75 75 77 77 77 77 77 77 100 100 100 100 100 100 100 100 100 100 100 100 100 100 100 100 100 100 100 100 100 100 100 100 100 100 100 100 100 100 100 100 100 100 100 100 100 0 0
100 100 100 100 100 100 100 100 100 100 100 100 100 100 100 100 100 100 100 100 75 75 17 17 17 17 75 75 75 75 75 75 75 75 75 75 75 75 75 77 77 77 77 77 77 77 100 100 100 100 100 100 100 100 100 100 100 100 100 100 100 100 100 100 100 100 100 100 100 100 100 100 100 100 100 100 100 100 100 100 100 100 100 0 0
100 100 100 100 100 100 100 100 100 100 100 100 100 100 100 100 100 100 100 100 75 75 75 75 75 75 75 75 75 75 75 75 75 75 75 75 75 75 75 77 77 77 77 77 77 77 100 100 100 100 100 100 100 100 100 100 100 100 100 100 100 100 100 100 100 100 100 100 100 100 100 100 100 100 100 100 100 100 100 100 100 100 100 0 0
100 100 100 100 100 100 100 100 100 100 100 100 100 100 100 100 100 100 100 100 75 75 75 75 75 75 75 75 75 75 75 75 75 75 75 75 75 75 75 77 77 77 77 77 77 77 100 100 100 100 100 100 100 100 100 100 100 100 100 100 100 100 100 100 100 100 100 100 100 100 100 100 100 100 100 100 100 100 100 100 100 100 100 100 0
100 100 100 100 100 100 100 100 100 100 100 100 100 100 100 100 100 100 100 100 75 75 75 75 75 75 75 75 75 75 75 75 75 75 75 75 75 75 77 77 77 77 77 77 77 77 77 100 100 100 100 100 100 100 100 100 100 100 100 100 100 100 100 100 100 100 100 100 100 100 100 100 100 100 100 100 100 100 100 100 100 100 100 100 0
100 100 100 100 100 100 100 100 100 100 100 100 100 100 100 100 100 100 100 100 75 75 75 75 75 75 75 75 75 75 75 75 75 75 75 75 75 75 77 77 77 77 77 77 77 77 77 100 100 100 100 100 100 100 100 100 100 100 100 100 100 100 100 100 100 100 100 100 100 100 100 100 100 100 100 100 100 100 100 100 100 100 100 100 0
100 100 100 100 100 100 100 100 100 100 100 100 100 100 100 100 100 100 100 100 75 75 75 75 75 75 75 75 75 75 75 75 75 75 75 75 75 75 77 77 77 77 77 77 77 77 77 100 100 100 100 100 100 100 100 100 100 100 100 100 100 100 100 100 100 100 100 100 100 100 100 100 100 100 100 100 100 100 100 100 100 100 100 0 0
100 100 100 100 100 100 100 100 100 100 100 100 100 100 100 100 100 100 100 75 75 75 75 75 75 75 75 75 75 75 75 75 75 75 75 75 75 75 75 77 77 77 77 77 77 77 77 77 100 100 100 100 100 100 100 100 100 100 100 100 100 100 100 100 100 100 100 100 100 100 100 100 100 100 100 100 100 100 100 100 100 100 100 100 100
100 100 100 100 100 100 100 100 100 100 100 100 100 100 100 100 100 100 100 75 21 75 75 75 75 75 75 75 75 75 75 75 75 75 75 75 75 75 75 75 77 77 77 77 77 77 77 77 100 100 100 100 100 100 100 100 100 100 100 100 100 100 100 100 100 100 100 100 100 100 100 100 100 100 100 100 100 100 100 100 100 100 100 100 100
100 100 100 100 100 100 100 100 100 100 100 100 100 100 100 100 100 100 100 75 21 75 75 75 75 75 75 75 75 75 75 75 75 75 75 75 75 75 75 75 77 77 77 77 77 77 77 77 77 100 100 100 100 100 100 100 100 100 100 100 100 100 100 100 100 100 100 100 100 100 100 100 100 100 100 100 100 100 100 100 100 100 100 100 100
100 100 100 100 100 100 100 100 100 100 100 23 75 100 100 100 100 100 75 21 21 21 21 20 20 75 75 75 75 75 19 75 19 75 75 75 75 75 75 75 77 77 77 77 77 77 77 77 77 100 100 100 100 100 100 100 100 100 100 100 100 100 100 100 100 100 100 100 100 100 100 100 100 100 100 100 100 100 100 100 100 100 100 100 100
100 100 100 100 100 100 100 100 100 100 100 23 23 100 100 100 100 100 75 21 21 21 21 20 20 75 75 75 75 75 75 75 75 75 19 75 75 75 75 77 77 77 77 77 77 77 77 77 77 77 100 100 100 100 100 100 100 100 100 100 100 100 100 100 100 100 100 100 100 100 100 100 100 100 100 100 100 100 100 100 100 100 100 100 100
100 100 100 100 100 100 100 100 100 100 100 23 23 100 100 100 100 100 21 21 21 21 21 20 20 20 20 20 75 75 19 75 75 19 19 19 75 19 75 77 77 77 77 77 77 77 77 77 77 77 77 100 100 100 100 100 100 100 100 100 100 100 100 100 100 100 100 100 100 100 100 100 100 100 100 100 100 100 100 100 100 100 100 100 100
100 100 100 100 100 100 100 100 100 100 100 75 23 75 100 100 100 75 21 21 21 21 20 20 20 20 20 20 19 19 19 19 19 19 19 19 75 75 75 77 77 77 77 77 77 77 77 77 77 77 77 77 77 100 100 100 100 100 100 100 100 100 100 100 100 100 100 100 100 100 100 100 100 100 100 100 100 100 100 100 100 100 100 100 100
100 100 100 100 100 100 100 100 100 100 100 75 23 75 100 100 100 75 21 21 21 21 20 20 20 20 20 20 75 19 19 19 19 19 19 19 19 75 19 77 77 77 77 77 77 77 77 77 77 77 77 77 77 77 77 77 77 100 100 100 100 100 100 100 100 100 100 100 100 100 100 100 100 100 100 100 100 100 100 100 100 100 100 100 100
100 100 100 100 100 100 100 100 100 100 100 23 23 75 100 100 100 75 75 75 21 21 75 20 20 20 20 19 75 19 19 19 19 19 19 19 19 19 75 77 77 77 77 77 77 77 77 77 77 77 77 77 77 77 77 77 18 77 77 18 100 100 100 100 100 100 100 100 100 100 100 100 100 100 100 100 100 100 100 100 100 100 100 100 100
100 100 100 100 100 100 100 100 100 100 100 100 23 75 100 100 23 75 75 75 75 75 75 75 75 75 75 19 75 19 19 19 19 19 19 19 19 19 75 77 77 77 77 77 77 77 77 77 77 77 77 77 18 18 77 18 18 18 18 18 77 77 77 77 100 100 100 100 100 100 100 100 100 100 100 100 100 100 100 100 100 100 100 100 100
100 100 100 100 100 100 100 100 100 100 100 100 75 23 75 100 23 23 23 75 75 75 75 75 75 75 75 75 75 75 19 19 19 19 19 75 75 19 75 77 77 77 77 77 77 77 77 77 77 77 77 77 77 77 77 18 18 18 77 77 77 18 77 77 77 59 100 100 100 100 100 100 100 100 100 100 100 100 100 100 100 100 100 100 100
100 100 100 100 100 100 100 100 100 100 100 75 75 75 75 75 23 23 23 75 75 75 75 75 75 75 75 75 75 75 19 19 19 19 19 75 75 75 77 77 77 77 77 77 77 77 77 77 77 77 77 77 77 77 77 18 18 77 77 77 77 77 77 77 59 59 59 100 100 100 100 100 100 100 100 100 100 100 100 100 100 100 100 100 100
100 100 100 100 100 100 100 100 100 100 100 75 75 23 75 75 75 75 75 75 75 75 75 75 75 75 75 75 75 75 75 19 19 19 19 75 77 77 77 77 77 77 77 77 77 77 77 77 77 77 77 77 77 77 77 77 77 77 77 77 77 77 77 77 59 59 77 77 100 100 100 100 100 100 100 100 100 100 100 100 100 100 100 100 100
100 100 100 100 100 100 100 100 100 100 75 75 75 23 75 23 23 75 23 23 23 23 75 75 75 75 19 19 19 19 75 75 19 19 19 27 77 77 77 77 77 77 77 77 77 77 77 77 77 77 77 77 77 77 77 77 77 77 77 77 77 77 77 77 77 59 59 77 100 100 100 100 100 100 100 100 100 100 100 100 100 100 100 100 100
100 100 100 100 100 100 100 100 100 100 71 75 75 23 23 23 23 23 23 23 23 23 23 23 23 23 19 19 19 19 75 75 75 19 19 75 75 77 77 77 77 77 77 77 77 77 77 77 77 77 77 77 77 77 77 77 77 77 77 77 77 77 77 77 77 59 77 77 100 100 100 100 100 100 100 100 100 100 100 100 100 100 100 100 100
0 100 100 100 100 100 100 100 100 23 71 75 75 23 23 23 23 23 23 23 23 23 23 23 75 31 19 19 19 19 19 19 19 75 27 27 75 77 77 77 77 77 77 77 77 77 77 28 77 77 77 77 77 77 77 77 77 62 77 77 77 77 77 62 77 77 77 77 100 100 100 100 100 100 100 100 100 100 100 100 100 100 100 100 100
0 100 100 100 100 100 100 100 100 71 71 71 75 75 71 71 71 71 75 75 75 23 23 23 31 31 31 31 31 31 75 75 31 31 27 27 75 77 77 77 77 77 77 77 77 77 28 28 77 77 77 77 77 77 77 77 77 62 77 77 77 77 77 62 77 77 77 77 100 100 100 100 100 100 100 100 100 100 100 100 0 0 0 0 0
0 0 100 100 100 100 100 100 100 23 71 71 71 71 71 71 71 71 71 75 75 75 75 75 31 31 31 31 31 31 31 31 31 31 27 27 27 27 27 77 77 77 77 77 77 77 77 77 77 77 77 77 77 77 77 77 77 77 77 77 77 77 62 62 77 77 77 77 100 100 100 100 100 100 100 100 100 100 100 100 0 0 0 0 0
0 0 100 100 100 100 100 100 100 71 71 71 71 71 71 71 71 71 71 71 71 75 75 75 75 31 31 31 31 31 31 31 31 31 27 27 27 27 27 77 77 77 77 77 77 77 77 77 77 77 77 77 77 77 77 77 77 77 77 77 77 62 77 77 77 77 77 77 100 100 100 100 100 100 100 100 100 100 100 100 0 0 0 0 0
0 0 0 100 100 100 100 100 100 71 71 71 71 71 71 71 71 71 71 71 71 71 75 75 75 75 75 75 31 31 31 31 27 75 27 27 27 27 77 77 77 77 77 77 77 77 77 77 77 77 77 77 77 77 77 77 77 77 77 77 77 77 77 77 77 77 77 77 100 100 100 100 100 100 100 100 100 100 100 0 0 0 0 0 0
0 0 0 100 100 100 100 100 100 71 71 71 71 71 71 71 51 51 51 51 71 71 71 75 75 75 75 75 31 31 31 75 27 27 27 27 75 77 77 77 77 77 77 77 77 77 77 77 77 77 77 77 77 77 77 77 77 77 63 77 63 77 77 77 62 77 77 77 100 100 100 100 100 100 100 100 100 100 100 0 0 0 0 0 0
0 0 0 100 100 100 100 100 100 51 51 71 71 71 71 71 71 71 51 51 71 71 71 71 75 75 75 75 31 31 31 27 27 27 27 27 30 30 30 77 77 77 77 77 77 77 77 77 28 77 77 77 77 77 63 77 77 77 77 63 63 77 77 77 62 77 77 77 100 100 100 100 100 100 100 100 100 100 100 0 0 0 0 0 0
0 0 0 0 100 100 100 100 100 51 51 71 71 71 71 71 71 71 51 51 71 71 71 71 75 75 75 75 31 31 27 27 27 27 27 27 30 30 30 30 77 30 30 77 30 77 77 77 77 77 77 77 63 63 63 77 77 63 63 63 63 77 77 77 77 77 77 77 100 100 100 100 100 100 100 100 100 100 100 0 0 0 0 0 0
0 0 0 0 100 100 100 100 100 71 71 71 71 71 71 71 71 51 51 51 71 71 71 71 71 75 31 31 31 31 27 27 27 27 27 27 30 30 30 77 77 77 77 77 77 77 77 77 77 28 28 77 63 63 63 77 63 63 63 63 24 24 24 24 77 77 77 77 100 100 100 100 100 100 100 100 100 100 0 0 0 0 0 0 0
0 0 0 0 100 100 100 100 100 71 71 51 51 51 71 71 71 51 51 51 51 71 71 71 71 71 75 31 31 31 31 27 27 27 27 27 30 30 30 77 77 77 77 77 77 77 77 77 77 28 28 77 77 63 77 63 63 77 63 63 24 24 24 77 25 77 77 77 100 100 100 100 100 100 100 100 100 100 0 0 0 0 0 0 0
0 0 0 0 0 100 100 100 100 71 71 51 71 71 51 71 71 51 51 51 71 71 71 32 32 71 71 75 32 32 32 27 27 27 27 27 30 30 77 77 77 77 77 77 77 77 77 77 28 28 77 77 77 77 77 63 77 77 63 77 24 24 24 25 25 25 77 77 100 100 100 100 100 100 100 100 100 0 0 0 0 0 0 0 0
0 0 0 0 0 100 100 100 100 71 71 51 71 71 51 51 51 51 51 51 71 71 71 71 32 71 32 32 32 32 32 27 27 27 27 27 27 30 77 77 77 77 77 30 30 77 77 77 28 28 77 77 77 77 77 77 77 77 26 26 77 24 24 25 25 25 25 77 100 100 100 100 100 100 100 100 100 0 0 0 0 0 0 0 0
0 0 0 0 0 100 100 100 100 100 71 51 71 51 51 51 51 51 51 51 71 71 71 71 71 71 32 32 32 32 32 27 27 27 27 27 75 75 77 77 77 77 77 77 77 77 77 28 28 28 77 77 77 77 77 77 26 26 26 77 25 25 25 25 25 25 77 77 100 100 100 100 100 100 100 100 0 0 0 0 0 0 0 0 0
0 0 0 0 100 100 100 100 100 100 100 71 71 51 51 51 51 51 51 51 71 71 32 71 71 71 32 32 32 32 32 27 27 27 27 27 30 75 77 77 77 77 77 77 77 77 77 28 77 77 77 77 77 77 26 26 26 26 26 77 25 25 25 25 25 25 77 77 100 100 100 100 100 100 0 0 0 0 0 0 0 0 0 0 0
0 0 0 100 100 100 100 100 100 100 100 100 71 71 71 71 71 37 37 37 71 71 71 32 71 71 71 32 32 32 32 27 27 27 27 27 34 34 34 77 77 77 77 77 77 77 77 77 77 77 77 77 26 26 26 26 77 77 77 26 25 25 25 25 25 25 77 77 100 100 100 100 100 100 0 0 0 0 0 0 0 0 0 0 0
0 100 100 100 100 100 100 100 100 100 100 100 100 100 71 71 71 37 37 37 71 71 71 71 71 71 71 32 32 32 32 27 27 27 27 27 34 34 34 34 34 77 77 77 77 77 77 77 77 77 77 26 26 26 77 26 77 77 77 77 25 29 29 29 29 29 77 77 100 100 100 100 100 100 0 0 0 0 0 0 0 0 0 0 0
0 100 100 100 100 100 100 100 100 100 100 100 100 100 100 71 71 37 37 37 37 37 71 71 71 71 71 32 32 32 32 27 27 27 27 27 34 34 34 34 34 34 77 77 77 77 77 77 77 77 77 77 77 77 77 77 77 77 77 77 77 29 29 29 29 29 29 77 29 100 100 100 100 100 0 0 0 0 0 0 0 0 0 0 0
100 100 100 100 100 100 100 100 100 100 100 100 100 100 100 100 71 37 37 37 71 71 71 71 71 71 71 32 32 32 32 32 27 27 27 27 34 34 34 34 34 77 77 77 77 77 77 77 77 77 77 77 33 77 77 33 77 77 77 77 77 77 29 29 29 29 29 29 29 100 100 100 100 100 0 0 0 0 0 0 0 0 0 0 0
100 100 100 100 100 100 100 100 100 100 100 100 100 100 100 100 100 37 37 37 37 37 37 71 71 32 32 32 32 32 32 32 27 27 27 27 27 34 34 34 34 77 77 34 77 77 77 77 77 77 77 77 33 33 33 77 77 77 77 77 77 77 29 29 29 29 29 29 29 100 100 100 100 100 0 0 0 0 0 0 0 0 0 0 0
100 100 100 100 100 100 100 100 100 100 100 100 100 100 100 100 100 37 37 37 37 37 37 71 71 32 32 71 32 32 32 32 27 27 27 27 27 34 34 34 77 77 77 77 77 77 33 33 77 77 77 77 33 33 33 77 77 77 77 77 77 77 35 35 35 29 35 29 29 100 100 100 100 100 100 0 0 0 0 0 0 0 0 0 0
100 100 100 100 100 100 100 100 100 100 100 100 100 100 100 100 100 100 37 71 71 71 71 71 40 40 40 40 32 32 32 32 32 27 27 27 27 27 34 34 77 77 77 77 77 77 77 77 77 77 77 77 33 33 77 77 77 77 77 77 77 35 35 35 35 35 77 77 77 100 100 100 100 100 100 0 0 0 0 0 0 0 0 0 0
100 100 100 100 100 100 100 100 100 100 100 100 100 100 100 100 100 100 71 71 71 71 71 71 40 40 40 40 40 71 71 71 32 32 27 27 27 27 34 77 77 77 77 77 77 77 77 77 77 77 77 77 33 33 77 77 77 77 77 77 77 35 35 77 35 35 35 35 35 35 100 100 100 100 100 100 100 100 100 100 0 0 0 0 0
100 100 100 100 100 100 100 100 100 100 100 100 100 100 100 100 100 100 40 40 40 40 71 71 40 40 40 40 40 71 71 71 32 32 32 27 27 27 27 75 77 77 34 34 34 34 77 77 77 77 77 33 33 77 77 77 77 77 35 77 77 77 77 77 77 77 35 35 77 35 100 100 100 100 100 100 100 100 100 100 100 0 0 0 0
100 100 100 100 100 100 100 100 100 100 100 100 100 100 100 100 100 100 100 40 40 40 40 40 40 71 40 40 40 71 32 32 32 32 32 32 32 27 27 75 77 34 77 77 77 77 77 77 77 36 36 77 77 77 77 73 73 73 35 73 77 77 77 77 77 77 35 35 77 35 100 100 100 100 100 100 100 100 100 100 100 0 0 0 0
100 100 100 100 100 100 100 100 100 100 100 100 100 100 100 100 100 100 100 40 40 40 40 40 40 40 40 40 71 40 32 32 32 32 32 32 32 32 27 75 77 77 77 77 77 77 36 77 36 36 36 36 36 77 77 73 73 73 73 73 73 35 77 35 77 77 77 77 77 77 100 100 100 100 100 100 100 100 100 100 0 0 0 0 0
100 100 100 100 100 100 100 100 100 100 100 100 100 100 100 100 100 100 100 40 40 40 40 40 40 40 40 40 40 40 40 71 71 75 75 32 32 32 27 77 77 77 77 77 77 36 36 36 36 36 36 36 77 77 73 73 73 73 73 73 73 73 73 77 77 77 77 77 77 35 100 100 100 100 100 100 100 100 100 100 0 0 0 0 0
100 100 100 100 100 100 100 100 100 100 100 100 100 100 100 100 100 100 100 40 40 40 40 40 40 40 40 40 40 71 40 71 71 71 75 75 32 27 27 27 77 77 77 77 77 36 36 36 36 36 36 36 77 77 73 73 73 73 73 73 73 73 73 73 77 77 77 77 77 35 100 100 100 100 100 100 100 100 0 0 0 0 0 0 0
100 100 100 100 100 100 100 100 100 100 100 100 100 100 100 100 100 100 100 100 40 40 40 40 40 71 71 71 40 40 40 71 71 71 75 75 32 27 75 77 77 77 77 77 77 36 36 36 36 36 36 42 42 42 73 73 42 42 73 73 73 73 73 73 73 77 77 77 77 77 77 100 100 100 100 100 100 100 0 0 0 0 0 0 0
100 100 100 100 100 100 100 100 100 100 100 100 100 100 100 100 100 100 100 100 40 40 40 40 40 71 71 71 40 40 40 71 71 71 71 32 32 27 75 77 41 77 77 77 77 77 36 36 77 42 77 42 42 42 42 42 73 73 73 73 42 42 73 73 73 73 73 73 73 73 73 100 100 100 100 100 100 0 0 0 0 0 0 0 0
100 100 100 100 100 100 100 100 100 100 100 100 100 100 100 100 100 100 100 100 40 40 40 40 40 40 71 71 71 40 40 71 71 71 71 32 32 75 77 41 41 41 44 44 77 77 77 77 77 77 77 73 73 42 42 73 73 73 73 73 73 73 73 73 73 73 73 73 73 73 73 100 100 100 100 100 100 0 0 0 0 0 0 0 0
100 100 100 100 100 100 100 100 100 100 100 100 100 100 100 100 100 100 100 100 100 40 40 40 40 40 40 71 71 71 40 71 71 71 71 55 75 77 79 41 41 41 44 44 79 79 77 77 77 77 42 73 73 73 73 73 73 73 73 73 73 38 38 73 73 73 73 73 73 73 73 35 100 100 100 100 0 0 0 0 0 0 0 0 0
100 100 100 100 100 100 100 100 100 100 100 100 100 100 100 100 100 100 100 100 100 40 40 40 71 71 71 46 46 71 71 71 71 71 55 55 55 79 44 79 79 44 44 44 79 79 79 79 42 42 42 42 42 42 73 73 73 73 38 38 38 38 38 38 38 73 73 73 73 73 73 35 100 100 100 100 0 0 0 0 0 0 0 0 0
100 100 100 100 100 100 100 100 100 100 100 100 100 100 100 100 100 100 100 100 100 40 40 40 71 71 71 46 46 71 71 71 71 71 55 55 55 44 44 79 44 44 44 44 79 79 79 79 79 73 73 42 42 42 73 73 73 38 38 38 38 38 38 38 38 38 38 73 73 73 73 35 100 100 100 100 0 0 0 0 0 0 0 0 0
100 100 100 100 100 100 100 100 100 100 100 100 100 100 100 100 100 100 100 100 100 71 71 46 46 46 46 46 46 46 71 71 71 71 79 55 55 55 44 79 44 44 44 44 79 79 79 79 79 79 42 42 42 42 73 73 73 38 73 38 38 38 38 38 38 38 38 73 73 73 73 35 73 100 100 100 100 0 0 0 0 0 0 0 0
100 100 100 100 100 100 100 100 100 100 100 100 100 100 100 100 100 100 100 100 100 71 71 71 46 46 46 71 71 46 71 71 71 79 79 79 55 55 44 44 44 44 44 44 79 79 79 79 79 79 54 42 42 42 73 73 73 73 73 73 73 38 38 38 38 38 38 73 73 73 73 73 35 100 100 100 100 0 0 0 0 0 0 0 0
100 100 100 100 100 100 100 100 100 100 100 100 100 100 100 100 100 100 100 100 100 46 46 46 46 46 46 46 46 46 71 55 55 55 79 55 55 55 79 79 44 44 44 44 44 79 79 79 79 79 73 42 42 73 73 73 73 73 73 38 73 73 73 38 38 38 38 38 38 38 38 73 35 73 100 100 100 0 0 0 0 0 0 0 0
100 100 100 100 100 100 100 100 100 100 100 100 100 100 100 100 100 100 100 100 100 71 46 46 46 46 46 46 46 46 71 55 55 55 55 55 55 55 44 44 44 44 44 44 44 54 79 79 79 79 79 73 73 73 73 73 73 73 73 43 43 43 73 73 73 38 73 38 38 38 38 38 73 73 100 100 100 100 0 0 0 0 0 0 0
100 100 100 100 100 100 100 100 100 100 100 100 100 100 100 100 100 100 100 100 100 71 46 46 46 46 46 46 46 46 71 55 55 55 55 55 55 55 55 79 44 44 44 44 44 79 79 79 79 79 79 73 73 73 73 73 73 73 73 43 43 43 38 38 38 38 73 38 38 38 38 38 38 73 73 100 100 100 0 0 0 0 0 0 0
100 100 100 100 100 100 100 100 100 100 100 100 100 100 100 100 100 100 100 100 100 46 46 46 46 46 46 46 46 71 71 71 55 55 55 55 55 55 55 79 79 44 44 44 44 79 79 79 79 79 79 79 43 73 73 73 73 73 73 73 43 43 38 38 38 38 38 38 38 38 38 38 38 73 39 73 100 100 0 0 0 0 0 0 0
100 100 100 100 100 100 100 100 100 100 100 100 100 100 100 100 100 100 100 100 100 46 46 46 46 46 46 46 46 71 71 79 55 55 55 55 55 55 55 79 79 44 44 79 79 79 79 79 79 79 79 79 43 43 43 43 43 43 73 73 43 38 38 38 38 38 38 38 38 73 38 38 73 73 39 39 73 100 0 0 0 0 0 0 0
100 100 100 100 100 100 100 100 100 100 100 100 100 100 100 100 100 100 100 100 100 71 71 71 71 71 46 46 46 71 71 79 55 55 55 55 79 79 79 79 79 44 79 79 79 79 79 79 79 79 79 79 79 43 43 43 43 43 73 73 43 38 38 38 38 38 38 38 73 38 38 38 73 73 39 39 39 73 100 0 0 0 0 0 0
100 100 100 100 100 100 100 100 100 100 100 100 100 100 100 100 100 100 100 100 100 71 71 71 71 71 71 71 71 71 79 79 79 55 55 55 79 79 79 79 79 44 79 79 44 79 79 79 79 79 79 79 79 43 43 43 43 43 43 43 43 38 38 73 73 38 38 38 38 38 38 73 73 73 39 39 39 39 73 0 0 0 0 0 0
100 100 100 100 100 100 100 100 100 100 100 100 100 100 100 100 100 100 100 100 100 71 71 71 71 48 48 71 71 71 79 79 79 79 55 55 79 79 79 79 44 44 79 79 44 79 79 79 79 79 79 79 79 43 43 43 43 43 43 43 43 38 38 73 38 38 38 38 38 38 38 38 38 39 39 39 39 39 73 73 0 0 0 0 0
100 100 100 100 100 100 100 100 100 100 100 100 100 100 100 100 100 100 100 100 100 100 71 71 48 48 48 48 71 71 79 79 79 79 79 79 79 79 79 79 79 79 79 79 79 79 79 79 79 79 79 79 79 43 43 43 43 43 43 43 73 73 38 38 38 38 38 38 38 38 38 38 39 39 39 39 39 39 39 39 73 0 0 0 0
100 100 100 100 100 100 100 100 100 100 100 100 100 100 100 100 100 100 100 100 100 100 48 48 48 48 48 48 48 48 79 79 79 79 79 79 79 79 79 79 79 79 79 79 79 79 79 79 79 79 79 79 79 79 43 43 43 43 73 73 73 38 38 38 38 38 38 38 38 38 38 38 38 39 39 39 39 39 39 39 73 39 100 100 0
100 100 100 100 100 100 100 100 100 100 100 100 100 100 100 100 100 100 100 100 100 100 48 48 48 71 48 48 48 48 48 79 79 79 79 79 79 79 79 79 79 79 79 79 79 79 79 79 79 79 79 79 79 79 43 43 43 43 43 73 38 38 38 38 38 38 38 38 38 38 38 38 39 39 39 39 39 39 39 39 39 39 39 100 100
100 100 100 100 100 100 100 100 100 100 100 100 100 100 100 100 100 100 100 100 100 100 48 48 71 71 48 48 48 48 79 79 79 79 79 79 79 79 79 79 79 79 79 79 79 79 79 79 79 79 79 79 79 79 43 43 43 43 43 45 38 38 38 38 38 38 38 38 38 38 38 73 39 39 39 39 39 39 39 39 39 39 39 39 100
100 100 100 100 100 100 100 100 100 100 100 100 100 100 100 100 100 100 100 100 100 100 48 71 71 71 48 48 48 48 79 79 79 79 79 79 79 79 79 79 79 79 79 79 79 79 79 79 79 79 79 79 79 79 79 43 43 43 45 45 73 73 38 38 38 38 38 38 38 38 38 39 39 39 39 39 39 39 39 39 39 39 39 39 0
100 100 100 100 100 100 100 100 100 100 100 100 100 100 100 100 100 100 100 100 100 100 100 71 71 71 71 48 48 79 79 79 79 79 79 79 79 79 79 79 79 79 79 79 79 79 79 79 79 79 79 79 79 79 79 43 43 43 45 45 73 73 73 73 73 38 38 73 38 38 39 39 39 39 39 39 39 73 39 39 39 39 39 39 0
100 100 100 100 100 100 100 100 100 100 100 100 100 100 100 100 100 100 100 100 100 100 100 100 71 71 71 48 48 79 79 79 79 79 79 79 79 79 79 79 79 79 79 79 79 79 79 79 79 79 79 79 79 79 79 79 43 45 45 45 45 45 73 73 73 73 73 73 38 38 39 39 39 39 39 39 39 39 39 39 39 39 39 39 0
100 100 100 100 100 100 100 100 100 100 100 100 100 100 100 100 100 100 100 100 100 100 100 100 100 100 71 48 79 79 79 79 79 79 79 79 79 79 79 79 79 79 79 79 79 79 79 79 79 79 79 79 79 79 79 79 73 73 45 45 45 45 73 73 73 73 73 73 73 39 39 39 39 39 39 39 39 39 39 39 73 39 39 39 0
100 100 100 100 100 100 100 100 100 100 100 100 100 100 100 100 100 100 100 100 100 100 100 100 100 100 100 100 48 79 79 79 79 79 79 79 79 79 79 79 79 79 79 79 79 79 79 79 79 79 79 79 79 79 79 79 79 73 45 45 45 45 45 73 73 73 73 39 39 39 39 39 39 39 39 39 39 39 39 73 73 39 39 100 0
100 100 100 100 100 100 100 100 100 100 100 100 100 100 100 100 100 100 100 100 100 100 100 100 100 100 100 100 100 48 79 79 79 79 79 79 79 79 79 79 79 79 79 79 79 79 79 79 79 79 79 79 79 79 79 79 79 73 73 45 45 45 45 45 45 45 73 39 39 39 39 39 73 73 39 39 39 39 39 39 73 39 39 0 0
100 100 100 100 100 100 100 100 100 100 100 100 100 100 100 100 100 100 100 100 100 100 100 100 100 100 100 100 100 100 79 79 79 79 79 79 79 79 79 79 79 79 79 79 79 79 79 79 79 79 79 79 79 79 79 79 79 79 73 45 45 45 45 45 45 45 39 39 39 39 39 39 39 39 39 39 39 39 39 73 73 39 39 0 0
100 100 100 100 100 100 100 100 100 100 100 100 100 100 100 100 100 100 100 100 100 100 100 100 100 100 100 100 100 100 79 79 79 79 79 79 79 79 79 79 79 79 79 79 79 79 79 79 79 79 79 79 79 79 79 79 79 79 73 73 45 45 45 45 45 39 39 39 39 39 39 39 39 39 39 39 39 39 39 73 39 39 39 0 0
100 100 100 100 100 100 100 100 100 100 100 100 100 100 100 100 100 100 100 100 100 100 100 100 100 100 100 100 100 100 100 79 79 79 79 79 79 79 79 79 79 79 79 79 79 79 79 79 79 79 79 79 79 79 79 79 79 79 79 73 73 45 45 45 45 39 39 39 39 39 39 39 39 39 39 39 39 39 39 39 39 39 39 0 0
100 100 100 100 100 100 100 100 100 100 100 100 100 100 100 100 100 100 100 100 100 100 100 100 100 100 100 100 100 100 100 79 79 79 79 79 79 79 79 79 79 79 79 79 79 79 79 79 79 79 79 79 79 79 79 79 79 79 79 79 73 73 73 73 39 39 39 39 39 39 39 73 39 39 39 39 39 39 39 39 39 39 39 0 0
100 100 100 100 100 100 100 100 100 100 100 100 100 100 100 100 100 100 100 100 100 100 100 100 100 100 100 100 100 100 100 79 79 79 79 79 79 79 79 79 79 79 79 79 79 79 79 79 79 79 79 79 79 79 79 79 79 79 79 79 79 73 73 73 73 39 39 39 39 39 39 39 39 39 39 39 39 39 39 39 39 39 39 0 0
100 100 100 100 100 100 100 100 100 100 100 100 100 100 100 100 100 100 100 100 100 100 100 100 100 100 100 100 100 100 79 79 79 79 79 79 79 79 79 79 79 79 79 79 79 79 79 79 79 79 79 79 79 79 79 79 79 79 79 79 79 79 73 73 73 39 39 39 39 39 39 39 39 39 39 39 39 39 39 39 39 39 0 0 0
100 100 100 100 100 100 100 100 100 100 100 100 100 100 100 100 100 100 100 100 100 100 100 100 100 100 100 100 100 100 79 79 79 79 79 79 79 79 79 79 79 79 79 79 79 79 79 79 79 79 79 79 79 79 79 79 79 79 79 79 79 79 79 79 73 73 39 73 39 39 39 39 39 39 39 39 39 39 39 39 39 39 0 0 0
100 100 100 100 100 100 100 100 100 100 100 100 100 100 100 100 100 100 100 100 100 100 100 100 100 100 100 100 100 100 79 79 79 79 79 79 79 79 79 79 79 79 79 79 79 79 79 79 79 79 79 79 79 79 79 79 79 79 79 79 79 79 79 79 79 73 73 73 73 39 39 39 39 39 39 39 39 39 39 39 39 39 0 0 0
100 100 100 100 100 100 100 100 100 100 100 100 100 100 100 100 100 100 100 100 100 100 100 100 100 100 100 100 100 79 79 79 79 79 79 79 79 79 79 79 79 79 79 79 79 79 79 79 79 79 79 79 79 79 79 79 79 79 79 79 79 79 79 79 79 79 79 73 73 73 39 39 39 39 39 39 39 39 39 39 39 39 0 0 0
100 100 100 100 100 100 100 100 100 100 100 100 100 100 100 100 100 100 100 100 100 100 100 100 100 100 100 100 100 79 79 79 79 79 79 79 79 79 79 79 79 79 79 79 79 79 79 79 79 79 79 79 79 79 79 79 79 79 79 79 79 79 79 79 79 79 79 79 79 73 73 39 39 39 39 39 39 39 39 39 39 0 0 0 0
100 100 100 100 100 100 100 100 100 100 100 100 100 100 100 100 100 100 100 100 100 100 100 100 100 100 100 100 100 79 79 79 79 79 79 79 79 79 79 79 79 79 79 79 79 79 79 79 79 79 79 79 79 79 79 79 79 79 79 79 79 79 79 79 79 79 79 49 79 79 73 73 39 39 39 39 39 39 39 39 39 0 0 0 0
100 100 100 100 100 100 100 100 100 100 100 100 100 100 100 100 100 100 100 100 100 100 100 100 100 100 100 100 100 79 79 79 79 79 79 79 79 79 79 79 79 79 79 79 79 79 79 79 79 79 79 79 79 79 79 79 79 79 79 79 79 79 79 79 49 49 79 49 49 49 79 73 49 39 39 39 39 39 39 39 0 0 0 0 0
100 100 100 100 100 100 100 100 100 100 100 100 100 100 100 100 100 100 100 100 100 100 100 100 100 100 100 100 100 79 79 79 79 79 79 79 79 79 79 79 79 79 79 79 79 79 79 79 79 79 79 79 79 79 79 79 79 79 79 79 79 49 49 49 49 49 49 49 49 49 49 79 49 49 39 39 39 39 39 39 0 0 0 0 0
100 100 100 100 100 100 100 100 100 100 100 100 100 100 100 100 100 100 100 100 100 100 100 100 100 100 100 100 100 79 79 79 79 79 79 79 79 79 79 79 79 79 79 79 79 79 79 79 79 79 79 79 79 79 79 79 79 79 79 79 79 79 49 49 49 49 49 49 49 49 49 49 79 49 49 39 39 39 39 39 0 0 0 0 0
100 100 100 100 100 100 100 100 100 100 100 100 100 100 100 100 100 100 100 100 100 100 100 100 100 100 100 100 100 79 79 79 79 79 79 79 79 79 79 79 79 79 79 79 79 79 79 79 79 79 79 79 79 79 79 79 79 79 79 79 79 79 49 49 49 49 49 49 49 49 49 49 79 79 49 73 73 39 39 0 0 0 0 0 0
100 100 100 100 100 100 100 100 100 100 100 100 100 100 100 100 100 100 100 100 100 100 100 100 100 100 100 100 79 79 79 79 79 79 79 79 79 79 79 79 79 79 79 79 79 79 79 79 79 79 79 79 79 79 79 79 79 79 79 79 79 79 79 79 49 49 49 49 49 49 49 49 79 79 79 79 79 73 39 73 0 0 0 0 0
100 100 100 100 100 100 100 100 100 100 100 100 100 100 100 100 100 100 100 100 100 100 100 100 100 100 100 70 79 79 79 79 79 79 79 79 79 79 79 79 79 79 79 79 79 79 79 79 79 79 79 79 79 79 79 79 79 79 79 79 79 79 79 79 79 79 79 79 49 49 49 79 79 79 79 79 79 79 73 0 0 0 0 0 0
100 100 100 100 100 100 100 100 100 100 100 100 100 100 100 100 100 100 100 100 100 100 100 100 100 100 70 79 79 79 79 79 79 79 79 79 79 79 79 79 79 79 79 79 79 79 79 79 79 79 79 79 79 79 79 79 79 79 79 79 79 79 79 79 79 79 79 79 49 79 79 79 79 79 79 79 79 79 79 0 0 0 0 0 0
100 100 100 100 100 100 100 100 100 100 100 100 100 100 100 100 100 100 100 100 100 100 100 100 70 70 70 79 79 79 79 79 79 79 79 79 79 79 79 79 79 79 79 79 79 79 79 79 79 79 79 79 79 79 79 79 79 79 79 79 79 79 79 79 79 79 79 79 79 79 79 79 79 79 79 79 79 79 0 0 0 0 0 0 0
0 100 100 100 100 100 100 100 100 100 100 100 100 100 100 100 100 100 50 70 70 70 70 70 70 70 79 79 79 79 79 79 79 79 79 79 79 79 79 79 79 79 79 79 79 79 79 79 79 79 79 79 79 79 79 79 79 79 79 79 79 79 79 79 79 79 79 79 79 79 79 79 79 79 79 79 79 79 0 0 0 0 0 0 0
0 100 100 100 100 100 100 100 100 100 100 100 100 100 100 100 70 50 70 70 70 70 70 79 79 79 79 79 79 79 79 79 79 79 79 79 79 79 79 79 79 79 79 79 79 79 79 79 79 79 79 79 79 79 79 79 79 79 79 79 49 49 79 79 79 79 79 79 79 79 79 79 79 79 79 79 79 79 0 0 0 0 0 0 0
0 0 100 100 100 100 100 100 100 100 100 100 100 100 100 70 50 50 70 70 70 70 79 79 79 79 79 79 79 79 79 79 79 79 79 79 79 79 79 79 79 79 79 79 79 79 79 79 79 79 79 79 79 79 79 79 79 79 79 79 79 79 79 79 79 79 79 79 79 79 79 79 79 79 79 79 79 79 0 0 0 0 0 0 0
0 0 100 100 100 100 100 100 100 100 100 100 100 100 70 70 70 50 50 70 70 79 79 79 79 79 79 79 79 79 79 79 79 79 79 79 79 79 79 79 79 79 79 79 79 79 79 79 79 79 79 79 79 79 79 79 79 79 79 79 79 79 79 79 79 79 79 79 79 79 79 79 79 79 79 79 79 79 0 0 0 0 0 0 0
0 0 100 100 100 100 100 100 100 100 100 100 100 100 70 70 70 70 50 70 70 79 79 79 79 79 79 79 79 79 79 79 79 79 79 79 79 79 79 79 79 79 79 79 79 79 79 79 79 79 79 79 79 79 79 79 79 79 79 79 79 79 79 79 79 79 79 79 79 79 79 79 79 79 79 79 79 79 0 0 0 0 0 0 0
0 0 0 100 100 100 100 100 100 100 100 100 100 50 50 50 70 70 70 70 70 70 79 79 79 79 79 79 79 79 79 79 79 79 79 79 79 79 79 79 79 79 79 79 79 79 79 79 79 79 79 79 79 79 79 79 79 79 79 79 79 79 79 79 79 79 79 79 79 79 79 79 79 79 79 79 79 79 0 0 0 0 0 0 0
0 0 0 0 100 100 100 100 100 100 100 100 100 50 50 50 70 70 70 70 70 70 70 79 79 79 79 79 79 79 79 79 79 79 79 79 79 79 79 79 79 79 79 79 79 79 79 79 79 79 79 79 79 79 79 79 79 79 79 79 79 79 79 79 79 79 79 79 79 79 79 79 79 79 79 79 79 79 0 0 0 0 0 0 0
0 0 0 0 0 100 100 100 100 100 100 100 100 50 50 70 70 70 70 70 70 70 70 79 79 79 79 79 79 79 79 79 79 79 79 79 79 79 79 79 79 79 79 79 79 79 79 79 79 79 79 79 79 79 79 79 79 79 79 79 79 79 79 79 79 79 79 79 79 79 79 79 79 79 79 79 79 79 0 0 0 0 0 0 0
0 0 0 0 0 100 100 100 100 100 100 100 100 50 70 70 70 70 70 70 70 70 70 79 79 79 79 79 79 79 79 79 79 79 79 79 79 79 79 79 79 79 79 79 79 79 79 79 79 79 79 79 79 79 79 79 79 79 79 79 79 79 79 79 79 79 79 79 79 79 79 79 79 79 79 79 79 79 0 0 0 0 0 0 0
0 0 0 0 0 0 100 100 100 100 100 100 100 70 70 70 70 70 70 70 70 70 70 79 79 79 79 79 79 79 79 79 79 79 79 79 79 79 79 79 79 79 79 79 79 79 79 79 79 79 79 79 79 79 79 79 79 79 79 79 79 79 79 79 79 79 79 79 79 79 79 79 0 0 79 79 79 79 0 0 0 0 0 0 0
0 0 0 0 0 0 100 100 100 100 100 100 100 70 70 70 70 70 70 70 70 70 79 79 79 79 79 79 79 79 79 79 79 79 79 79 79 79 79 79 79 79 79 79 79 79 79 79 79 79 79 79 79 79 79 79 79 79 79 79 79 79 79 79 79 79 79 79 79 79 79 79 79 0 0 79 79 0 0 0 0 0 0 0 0
0 0 0 0 0 0 100 100 100 100 100 100 100 70 70 70 70 70 70 70 70 79 79 79 79 79 79 79 79 79 79 79 79 79 79 79 79 79 79 79 79 79 79 79 79 79 79 79 79 79 79 79 79 79 79 79 79 79 79 79 79 79 79 79 79 79 79 79 79 79 79 79 79 0 0 0 0 0 0 0 0 0 0 0 0
0 0 0 0 0 0 100 100 100 100 100 100 100 70 70 70 70 70 70 79 79 79 79 79 79 79 79 79 79 79 79 79 79 79 79 79 79 79 79 79 79 79 79 79 79 79 79 79 79 79 79 79 79 79 79 79 79 79 79 79 79 79 79 79 79 79 79 79 79 79 79 79 79 0 0 0 0 0 0 0 0 0 0 0 0
0 0 0 0 0 0 0 100 100 100 100 100 100 70 70 70 70 70 79 79 79 79 79 79 79 79 79 79 79 79 79 79 79 79 79 79 79 79 79 79 79 79 79 79 79 79 79 79 79 79 79 79 79 79 79 79 79 79 79 79 79 79 79 79 79 79 79 79 79 79 79 79 0 0 0 0 0 0 0 0 0 0 0 0 0
0 0 0 0 0 0 0 100 100 100 100 100 100 70 70 70 70 79 79 79 79 79 79 79 79 79 79 79 79 79 79 79 79 79 79 79 79 79 79 79 79 79 79 79 79 79 79 79 79 79 79 79 79 79 79 79 79 79 79 79 79 79 79 79 79 79 79 79 79 79 79 79 0 0 0 0 0 0 0 0 0 0 0 0 0
0 0 0 0 0 0 0 100 100 100 100 100 100 70 70 70 79 79 79 79 79 79 79 79 79 79 79 79 79 79 79 79 79 79 79 79 79 79 79 79 79 79 79 79 79 79 79 79 79 79 79 79 79 79 79 79 79 79 79 79 79 79 79 79 79 79 79 79 79 79 79 79 0 0 0 0 0 0 0 0 0 0 0 0 0
0 0 0 0 0 0 0 0 0 100 100 100 100 70 70 70 79 79 79 79 79 79 79 79 79 79 79 79 79 79 79 79 79 79 79 79 79 79 79 79 79 79 79 79 79 79 79 79 79 79 79 79 79 79 79 79 79 79 79 79 79 79 79 79 0 0 79 79 79 79 79 0 0 0 0 0 0 0 0 0 0 0 0 0 0
0 0 0 0 0 0 0 0 0 0 100 100 100 70 70 70 79 79 79 79 79 79 79 79 79 79 79 79 79 79 79 79 79 79 79 79 79 79 79 79 79 79 79 79 79 79 79 79 79 79 79 79 79 79 79 79 79 79 79 79 79 79 79 0 0 0 0 0 0 0 0 0 0 0 0 0 0 0 0 0 0 0 0 0 0
0 0 0 0 0 0 0 0 0 0 0 100 100 70 70 70 79 79 79 79 79 79 79 79 79 79 79 79 79 79 79 79 79 79 79 79 79 79 79 79 79 79 79 79 79 79 79 79 79 79 79 79 79 79 79 79 79 79 79 79 79 79 79 0 0 0 0 0 0 0 0 0 0 0 0 0 0 0 0 0 0 0 0 0 0
0 0 0 0 0 0 0 0 0 0 0 0 100 0 70 70 79 79 79 79 79 79 79 79 79 79 79 79 79 79 79 79 79 79 79 79 79 79 79 79 79 79 79 79 79 79 79 79 79 79 79 79 79 79 79 79 79 79 79 79 79 79 0 0 0 0 0 0 0 0 0 0 0 0 0 0 0 0 0 0 0 0 0 0 0
0 0 0 0 0 0 0 0 0 0 0 0 0 0 70 70 79 79 79 79 79 79 79 79 79 79 79 79 79 79 79 79 79 79 79 79 79 79 79 79 79 79 79 79 79 79 79 79 79 79 79 79 79 79 79 79 79 79 79 79 79 79 0 0 0 0 0 0 0 0 0 0 0 0 0 0 0 0 0 0 0 0 0 0 0
0 0 0 0 0 0 0 0 0 0 0 0 0 70 70 70 79 79 79 79 79 79 79 79 79 79 79 79 79 79 79 79 79 79 79 79 79 79 79 79 79 79 79 79 79 79 79 79 79 79 79 79 79 79 79 79 79 79 79 79 79 79 0 0 0 0 0 0 0 0 0 0 0 0 0 0 0 0 0 0 0 0 0 0 0
0 0 0 0 0 0 0 0 0 0 0 0 70 70 70 79 79 79 79 79 79 79 79 79 79 79 79 79 79 79 79 79 79 79 79 79 79 79 79 79 79 79 79 79 79 79 79 79 79 79 79 79 79 79 79 79 79 79 79 79 79 79 0 0 0 0 0 0 0 0 0 0 0 0 0 0 0 0 0 0 0 0 0 0 0
0 0 0 0 0 0 0 0 0 0 0 0 70 70 70 79 79 79 79 79 79 79 79 79 79 79 79 79 79 79 79 79 79 79 79 79 79 0 0 0 0 79 79 79 79 79 79 79 79 79 79 79 79 79 79 79 79 79 79 79 79 79 0 0 0 0 0 0 0 0 0 0 0 0 0 0 0 0 0 0 0 0 0 0 0
0 0 0 0 0 0 0 0 0 0 0 0 70 70 79 79 79 79 79 79 79 79 79 79 79 79 79 79 79 79 79 79 79 79 79 79 0 0 0 0 0 0 0 0 79 79 79 79 79 79 79 79 79 79 79 79 79 79 79 79 79 79 0 0 0 0 0 0 0 0 0 0 0 0 0 0 0 0 0 0 0 0 0 0 0
0 0 0 0 0 0 0 0 0 0 0 0 70 70 79 79 79 79 79 79 79 79 79 79 79 79 79 79 79 79 79 79 79 79 79 79 0 0 0 0 0 0 0 0 0 0 79 79 79 79 79 79 79 79 79 79 79 79 79 79 79 0 0 0 0 0 0 0 0 0 0 0 0 0 0 0 0 0 0 0 0 0 0 0 0
0 0 0 0 0 0 0 0 0 0 0 0 70 79 79 79 79 79 79 79 79 79 79 79 79 79 79 79 79 79 79 79 79 79 79 79 0 0 0 0 0 0 0 0 0 0 0 0 79 79 79 79 79 79 79 79 79 79 79 79 79 0 0 0 0 0 0 0 0 0 0 0 0 0 0 0 0 0 0 0 0 0 0 0 0
0 0 0 0 0 0 0 0 0 0 0 0 79 79 79 79 79 79 79 79 79 79 79 79 79 79 79 79 79 79 79 79 79 79 79 79 0 0 0 0 0 0 0 0 0 0 0 0 0 79 79 79 79 79 79 79 79 79 79 79 79 0 0 0 0 0 0 0 0 0 0 0 0 0 0 0 0 0 0 0 0 0 0 0 0
0 0 0 0 0 0 0 0 0 0 0 0 79 79 79 79 79 79 79 79 79 79 79 79 79 79 79 79 79 79 79 79 79 79 79 79 0 0 0 0 0 0 0 0 0 0 0 0 0 0 0 79 79 79 79 79 79 79 79 79 79 0 0 0 0 0 0 0 0 0 0 0 0 0 0 0 0 0 0 0 0 0 0 0 0
0 0 0 0 0 0 0 0 0 0 0 0 79 79 79 79 79 79 79 79 79 79 79 79 79 79 79 79 79 79 79 79 79 79 79 0 0 0 0 0 0 0 0 0 0 0 0 0 0 0 0 0 79 79 79 79 79 79 79 79 0 0 0 0 0 0 0 0 0 0 0 0 0 0 0 0 0 0 0 0 0 0 0 0 0
0 0 0 0 0 0 0 0 0 0 0 0 79 79 79 79 79 79 79 79 79 79 79 79 79 79 79 79 79 79 79 79 79 79 79 0 0 0 0 0 0 0 0 0 0 0 0 0 0 0 0 0 0 79 79 79 79 79 79 79 0 0 0 0 0 0 0 0 0 0 0 0 0 0 0 0 0 0 0 0 0 0 0 0 0
0 0 0 0 0 0 0 0 0 0 0 0 79 79 79 79 79 79 79 79 79 79 79 79 79 79 79 79 79 79 79 79 79 79 79 0 0 0 0 0 0 0 0 0 0 0 0 0 0 0 0 0 0 0 79 79 79 79 0 0 0 0 0 0 0 0 0 0 0 0 0 0 0 0 0 0 0 0 0 0 0 0 0 0 0
0 0 0 0 0 0 0 0 0 0 0 0 79 79 79 79 79 79 79 79 79 79 79 79 79 79 79 79 79 79 79 79 79 79 0 0 0 0 0 0 0 0 0 0 0 0 0 0 0 0 0 0 0 0 0 0 0 0 0 0 0 0 0 0 0 0 0 0 0 0 0 0 0 0 0 0 0 0 0 0 0 0 0 0 0
0 0 0 0 0 0 0 0 0 0 0 0 79 79 79 79 79 79 79 79 79 79 79 79 79 79 79 79 79 79 79 79 79 0 0 0 0 0 0 0 0 0 0 0 0 0 0 0 0 0 0 0 0 0 0 0 0 0 0 0 0 0 0 0 0 0 0 0 0 0 0 0 0 0 0 0 0 0 0 0 0 0 0 0 0
0 0 0 0 0 0 0 0 0 0 0 0 79 79 79 79 79 79 79 79 79 79 79 79 79 79 79 79 79 79 79 79 79 0 0 0 0 0 0 0 0 0 0 0 0 0 0 0 0 0 0 0 0 0 0 0 0 0 0 0 0 0 0 0 0 0 0 0 0 0 0 0 0 0 0 0 0 0 0 0 0 0 0 0 0
0 0 0 0 0 0 0 0 0 0 0 0 79 79 79 79 79 79 79 79 79 79 79 79 79 79 79 79 79 79 79 79 0 0 0 0 0 0 0 0 0 0 0 0 0 0 0 0 0 0 0 0 0 0 0 0 0 0 0 0 0 0 0 0 0 0 0 0 0 0 0 0 0 0 0 0 0 0 0 0 0 0 0 0 0
0 0 0 0 0 0 0 0 0 0 0 0 79 79 79 79 79 79 79 79 79 79 79 79 79 79 79 79 79 79 0 0 0 0 0 0 0 0 0 0 0 0 0 0 0 0 0 0 0 0 0 0 0 0 0 0 0 0 0 0 0 0 0 0 0 0 0 0 0 0 0 0 0 0 0 0 0 0 0 0 0 0 0 0 0
0 0 0 0 0 0 0 0 0 0 0 0 79 79 79 79 79 79 79 79 79 79 79 79 79 79 79 79 0 0 0 0 0 0 0 0 0 0 0 0 0 0 0 0 0 0 0 0 0 0 0 0 0 0 0 0 0 0 0 0 0 0 0 0 0 0 0 0 0 0 0 0 0 0 0 0 0 0 0 0 0 0 0 0 0
0 0 0 0 0 0 0 0 0 0 0 0 79 79 79 79 79 79 79 79 79 79 79 79 79 79 0 0 0 0 0 0 0 0 0 0 0 0 0 0 0 0 0 0 0 0 0 0 0 0 0 0 0 0 0 0 0 0 0 0 0 0 0 0 0 0 0 0 0 0 0 0 0 0 0 0 0 0 0 0 0 0 0 0 0
0 0 0 0 0 0 0 0 0 0 0 0 79 79 79 79 79 79 79 79 79 79 79 0 0 0 0 0 0 0 0 0 0 0 0 0 0 0 0 0 0 0 0 0 0 0 0 0 0 0 0 0 0 0 0 0 0 0 0 0 0 0 0 0 0 0 0 0 0 0 0 0 0 0 0 0 0 0 0 0 0 0 0 0 0
0 0 0 0 0 0 0 0 0 0 0 0 79 79 79 79 79 79 79 79 0 0 0 0 0 0 0 0 0 0 0 0 0 0 0 0 0 0 0 0 0 0 0 0 0 0 0 0 0 0 0 0 0 0 0 0 0 0 0 0 0 0 0 0 0 0 0 0 0 0 0 0 0 0 0 0 0 0 0 0 0 0 0 0 0
0 0 0 0 0 0 0 0 0 0 0 0 79 79 79 0 0 0 0 0 0 0 0 0 0 0 0 0 0 0 0 0 0 0 0 0 0 0 0 0 0 0 0 0 0 0 0 0 0 0 0 0 0 0 0 0 0 0 0 0 0 0 0 0 0 0 0 0 0 0 0 0 0 0 0 0 0 0 0 0 0 0 0 0 0
0 0 0 0 0 0 0 0 0 0 0 0 0 0 0 0 0 0 0 0 0 0 0 0 0 0 0 0 0 0 0 0 0 0 0 0 0 0 0 0 0 0 0 0 0 0 0 0 0 0 0 0 0 0 0 0 0 0 0 0 0 0 0 0 0 0 0 0 0 0 0 0 0 0 0 0 0 0 0 0 0 0 0 0 0
0 0 0 0 0 0 0 0 0 0 0 0 0 0 0 0 0 0 0 0 0 0 0 0 0 0 0 0 0 0 0 0 0 0 0 0 0 0 0 0 0 0 0 0 0 0 0 0 0 0 0 0 0 0 0 0 0 0 0 0 0 0 0 0 0 0 0 0 0 0 0 0 0 0 0 0 0 0 0 0 0 0 0 0 0
0 0 0 0 0 0 0 0 0 0 0 0 0 0 0 0 0 0 0 0 0 0 0 0 0 0 0 0 0 0 0 0 0 0 0 0 0 0 0 0 0 0 0 0 0 0 0 0 0 0 0 0 0 0 0 0 0 0 0 0 0 0 0 0 0 0 0 0 0 0 0 0 0 0 0 0 0 0 0 0 0 0 0 0 0
0 0 0 0 0 0 0 0 0 0 0 0 0 0 0 0 0 0 0 0 0 0 0 0 0 0 0 0 0 0 0 0 0 0 0 0 0 0 0 0 0 0 0 0 0 0 0 0 0 0 0 0 0 0 0 0 0 0 0 0 0 0 0 0 0 0 0 0 0 0 0 0 0 0 0 0 0 0 0 0 0 0 0 0 0
0 0 0 0 0 0 0 0 0 0 0 0 0 0 0 0 0 0 0 0 0 0 0 0 0 0 0 0 0 0 0 0 0 0 0 0 0 0 0 0 0 0 0 0 0 0 0 0 0 0 0 0 0 0 0 0 0 0 0 0 0 0 0 0 0 0 0 0 0 0 0 0 0 0 0 0 0 0 0 0 0 0 0 0 0
0 0 0 0 0 0 0 0 0 0 0 0 0 0 0 0 0 0 0 0 0 0 0 0 0 0 0 0 0 0 0 0 0 0 0 0 0 0 0 0 0 0 0 0 0 0 0 0 0 0 0 0 0 0 0 0 0 0 0 0 0 0 0 0 0 0 0 0 0 0 0 0 0 0 0 0 0 0 0 0 0 0 0 0 0
0 0 0 0 0 0 0 0 0 0 0 0 0 0 0 0 0 0 0 0 0 0 0 0 0 0 0 0 0 0 0 0 0 0 0 0 0 0 0 0 0 0 0 0 0 0 0 0 0 0 0 0 0 0 0 0 0 0 0 0 0 0 0 0 0 0 0 0 0 0 0 0 0 0 0 0 0 0 0 0 0 0 0 0 0
0 0 0 0 0 0 0 0 0 0 0 0 0 0 0 0 0 0 0 0 0 0 0 0 0 0 0 0 0 0 0 0 0 0 0 0 0 0 0 0 0 0 0 0 0 0 0 0 0 0 0 0 0 0 0 0 0 0 0 0 0 0 0 0 0 0 0 0 0 0 0 0 0 0 0 0 0 0 0 0 0 0 0 0 0
0 0 0 0 0 0 0 0 0 0 0 0 0 0 0 0 0 0 0 0 0 0 0 0 0 0 0 0 0 0 0 0 0 0 0 0 0 0 0 0 0 0 0 0 0 0 0 0 0 0 0 0 0 0 0 0 0 0 0 0 0 0 0 0 0 0 0 0 0 0 0 0 0 0 0 0 0 0 0 0 0 0 0 0 0
0 0 0 0 0 0 0 0 0 0 0 0 0 0 0 0 0 0 0 0 0 0 0 0 0 0 0 0 0 0 0 0 0 0 0 0 0 0 0 0 0 0 0 0 0 0 0 0 0 0 0 0 0 0 0 0 0 0 0 0 0 0 0 0 0 0 0 0 0 0 0 0 0 0 0 0 0 0 0 0 0 0 0 0 0
0 0 0 0 0 0 0 0 0 0 0 0 0 0 0 0 0 0 0 0 0 0 0 0 0 0 0 0 0 0 0 0 0 0 0 0 0 0 0 0 0 0 0 0 0 0 0 0 0 0 0 0 0 0 0 0 0 0 0 0 0 0 0 0 0 0 0 0 0 0 0 0 0 0 0 0 0 0 0 0 0 0 0 0 0
0 0 0 0 0 0 0 0 0 0 0 0 0 0 0 0 0 0 0 0 0 0 0 0 0 0 0 0 0 0 0 0 0 0 0 0 0 0 0 0 0 0 0 0 0 0 0 0 0 0 0 0 0 0 0 0 0 0 0 0 0 0 0 0 0 0 0 0 0 0 0 0 0 0 0 0 0 0 0 0 0 0 0 0 0
0 0 0 0 0 0 0 0 0 0 0 0 0 0 0 0 0 0 0 0 0 0 0 0 0 0 0 0 0 0 0 0 0 0 0 0 0 0 0 0 0 0 0 0 0 0 0 0 0 0 0 0 0 0 0 0 0 0 0 0 0 0 0 0 0 0 0 0 0 0 0 0 0 0 0 0 0 0 0 0 0 0 0 0 0
0 0 0 0 0 0 0 0 0 0 0 0 0 0 0 0 0 0 0 0 0 0 0 0 0 0 0 0 0 0 0 0 0 0 0 0 0 0 0 0 0 0 0 0 0 0 0 0 0 0 0 0 0 0 0 0 0 0 0 0 0 0 0 0 0 0 0 0 0 0 0 0 0 0 0 0 0 0 0 0 0 0 0 0 0
0 0 0 0 0 0 0 0 0 0 0 0 0 0 0 0 0 0 0 0 0 0 0 0 0 0 0 0 0 0 0 0 0 0 0 0 0 0 0 0 0 0 0 0 0 0 0 0 0 0 0 0 0 0 0 0 0 0 0 0 0 0 0 0 0 0 0 0 0 0 0 0 0 0 0 0 0 0 0 0 0 0 0 0 0
0 0 0 0 0 0 0 0 0 0 0 0 0 0 0 0 0 0 0 0 0 0 0 0 0 0 0 0 0 0 0 0 0 0 0 0 0 0 0 0 0 0 0 0 0 0 0 0 0 0 0 0 0 0 0 0 0 0 0 0 0 0 0 0 0 0 0 0 0 0 0 0 0 0 0 0 0 0 0 0 0 0 0 0 0
0 0 0 0 0 0 0 0 0 0 0 0 0 0 0 0 0 0 0 0 0 0 0 0 0 0 0 0 0 0 0 0 0 0 0 0 0 0 0 0 0 0 0 0 0 0 0 0 0 0 0 0 0 0 0 0 0 0 0 0 0 0 0 0 0 0 0 0 0 0 0 0 0 0 0 0 0 0 0 0 0 0 0 0 0
0 0 0 0 0 0 0 0 0 0 0 0 0 0 0 0 0 0 0 0 0 0 0 0 0 0 0 0 0 0 0 0 0 0 0 0 0 0 0 0 0 0 0 0 0 0 0 0 0 0 0 0 0 0 0 0 0 0 0 0 0 0 0 0 0 0 0 0 0 0 0 0 0 0 0 0 0 0 0 0 0 0 0 0 0
0 0 0 0 0 0 0 0 0 0 0 0 0 0 0 0 0 0 0 0 0 0 0 0 0 0 0 0 0 0 0 0 0 0 0 0 0 0 0 0 0 0 0 0 0 0 0 0 0 0 0 0 0 0 0 0 0 0 0 0 0 0 0 0 0 0 0 0 0 0 0 0 0 0 0 0 0 0 0 0 0 0 0 0 0
0 0 0 0 0 0 0 0 0 0 0 0 0 0 0 0 0 0 0 0 0 0 0 0 0 0 0 0 0 0 0 0 0 0 0 0 0 0 0 0 0 0 0 0 0 0 0 0 0 0 0 0 0 0 0 0 0 0 0 0 0 0 0 0 0 0 0 0 0 0 0 0 0 0 0 0 0 0 0 0 0 0 0 0 0
0 0 0 0 0 0 0 0 0 0 0 0 0 0 0 0 0 0 0 0 0 0 0 0 0 0 0 0 0 0 0 0 0 0 0 0 0 0 0 0 0 0 0 0 0 0 0 0 0 0 0 0 0 0 0 0 0 0 0 0 0 0 0 0 0 0 0 0 0 0 0 0 0 0 0 0 0 0 0 0 0 0 0 0 0
0 0 0 0 0 0 0 0 0 0 0 0 0 0 0 0 0 0 0 0 0 0 0 0 0 0 0 0 0 0 0 0 0 0 0 0 0 0 0 0 0 0 0 0 0 0 0 0 0 0 0 0 0 0 0 0 0 0 0 0 0 0 0 0 0 0 0 0 0 0 0 0 0 0 0 0 0 0 0 0 0 0 0 0 0
0 0 0 0 0 0 0 0 0 0 0 0 0 0 0 0 0 0 0 0 0 0 0 0 0 0 0 0 0 0 0 0 0 0 0 0 0 0 0 0 0 0 0 0 0 0 0 0 0 0 0 0 0 0 0 0 0 0 0 0 0 0 0 0 0 0 0 0 0 0 0 0 0 0 0 0 0 0 0 0 0 0 0 0 0
0 0 0 0 0 0 0 0 0 0 0 0 0 0 0 0 0 0 0 0 0 0 0 0 0 0 0 0 0 0 0 0 0 0 0 0 0 0 0 0 0 0 0 0 0 0 0 0 0 0 0 0 0 0 0 0 0 0 0 0 0 0 0 0 0 0 0 0 0 0 0 0 0 0 0 0 0 0 0 0 0 0 0 0 0
0 0 0 0 0 0 0 0 0 0 0 0 0 0 0 0 0 0 0 0 0 0 0 0 0 0 0 0 0 0 0 0 0 0 0 0 0 0 0 0 0 0 0 0 0 0 0 0 0 0 0 0 0 0 0 0 0 0 0 0 0 0 0 0 0 0 0 0 0 0 0 0 0 0 0 0 0 0 0 0 0 0 0 0 0
0 0 0 0 0 0 0 0 0 0 0 0 0 0 0 0 0 0 0 0 0 0 0 0 0 0 0 0 0 0 0 0 0 0 0 0 0 0 0 0 0 0 0 0 0 0 0 0 0 0 0 0 0 0 0 0 0 0 0 0 0 0 0 0 0 0 0 0 0 0 0 0 0 0 0 0 0 0 0 0 0 0 0 0 0
0 0 0 0 0 0 0 0 0 0 0 0 0 0 0 0 0 0 0 0 0 0 0 0 0 0 0 0 0 0 0 0 0 0 0 0 0 0 0 0 0 0 0 0 0 0 0 0 0 0 0 0 0 0 0 0 0 0 0 0 0 0 0 0 0 0 0 0 0 0 0 0 0 0 0 0 0 0 0 0 0 0 0 0 0
