 "GAGE No.  810:  K,I,J Coord. =     1,  100,   38;  STREAM SEGMENT =    20;  REACH =     1 "
     "DATA: Time           Stage            Flow     Conductance        HeadDiff       Hyd.Grad."
     3.1000000E+01   1.1568899E+02   3.2635351E+05   1.2809371E+02  -4.2593129E+00  -2.1296565E+00
     6.2000000E+01   1.1979999E+02   6.6775672E+07   1.2809371E+02  -9.7069515E-02  -4.8534757E-02
     9.0000000E+01   1.1683098E+02   9.3550550E+06   1.2809371E+02  -3.0191075E+00  -1.5095537E+00
     1.2100000E+02   1.1644181E+02   5.2264019E+06   1.2809371E+02  -3.3559822E+00  -1.6779911E+00
     1.5100000E+02   1.1576147E+02   5.8100576E+05   1.2809371E+02  -3.9854088E+00  -1.9927044E+00
     1.8200000E+02   1.1564961E+02   2.1458520E+05   1.2809371E+02  -4.0444291E+00  -2.0222145E+00
     2.1200000E+02   1.1582128E+02   8.3286187E+05   1.2809371E+02  -3.8214477E+00  -1.9107239E+00
     2.4300000E+02   1.1564346E+02   1.9896422E+05   1.2809371E+02  -3.9460347E+00  -1.9730174E+00
     2.7400000E+02   1.1564364E+02   1.9935124E+05   1.2809371E+02  -3.8924225E+00  -1.9462113E+00
     3.0400000E+02   1.1564247E+02   1.9633206E+05   1.2809371E+02  -3.8417186E+00  -1.9208593E+00
     3.3500000E+02   1.1638924E+02   4.7409622E+06   1.2809371E+02  -3.0412756E+00  -1.5206378E+00
     3.6500000E+02   1.1829587E+02   3.2512145E+07   1.2809371E+02  -1.0828732E+00  -5.4143662E-01
     3.9600000E+02   1.1858742E+02   3.8374555E+07   1.2809371E+02  -7.3771608E-01  -3.6885804E-01
     4.2700000E+02   1.1688605E+02   1.0011271E+07   1.2809371E+02  -2.3850185E+00  -1.1925093E+00
     4.5500000E+02   1.1575117E+02   5.4170976E+05   1.2809371E+02  -3.4707936E+00  -1.7353968E+00
     4.8600000E+02   1.1699818E+02   1.1419372E+07   1.2809371E+02  -2.1694553E+00  -1.0847277E+00
     5.1600000E+02   1.1609102E+02   2.3704357E+06   1.2809371E+02  -3.0237817E+00  -1.5118908E+00
     5.4700000E+02   1.1581856E+02   8.2014192E+05   1.2809371E+02  -3.2414843E+00  -1.6207422E+00
     5.7700000E+02   1.1564891E+02   2.1263465E+05   1.2809371E+02  -3.3580093E+00  -1.6790046E+00
     6.0800000E+02   1.1564339E+02   1.9875869E+05   1.2809371E+02  -3.3085148E+00  -1.6542574E+00
     6.3900000E+02   1.1566354E+02   2.5239366E+05   1.2809371E+02  -3.2332472E+00  -1.6166236E+00
     6.6900000E+02   1.1575216E+02   5.4514687E+05   1.2809371E+02  -3.0912038E+00  -1.5456019E+00
     7.0000000E+02   1.1583883E+02   9.1193850E+05   1.2809371E+02  -2.9492431E+00  -1.4746216E+00
     7.3000000E+02   1.1648843E+02   5.6706652E+06   1.2809371E+02  -2.2461330E+00  -1.1230665E+00
     7.6100000E+02   1.1768114E+02   2.1445472E+07   1.2809371E+02  -9.9826140E-01  -4.9913070E-01
     7.9200000E+02   1.1662014E+02   6.9993313E+06   1.2809371E+02  -2.0038253E+00  -1.0019126E+00
     8.2100000E+02   1.1678575E+02   8.8260095E+06   1.2809371E+02  -1.7863013E+00  -8.9315065E-01
     8.5200000E+02   1.1602227E+02   1.9187911E+06   1.2809371E+02  -2.4941076E+00  -1.2470538E+00
     8.8200000E+02   1.1634213E+02   4.3242949E+06   1.2809371E+02  -2.1203433E+00  -1.0601717E+00
     9.1300000E+02   1.1570138E+02   3.6638453E+05   1.2809371E+02  -2.7052371E+00  -1.3526186E+00
     9.4300000E+02   1.1572555E+02   4.4846964E+05   1.2809371E+02  -2.6269473E+00  -1.3134737E+00
     9.7400000E+02   1.1564728E+02   2.0863863E+05   1.2809371E+02  -2.6492394E+00  -1.3246197E+00
     1.0050000E+03   1.1567320E+02   2.7989277E+05   1.2809371E+02  -2.5672830E+00  -1.2836415E+00
     1.0350000E+03   1.1597528E+02   1.6349801E+06   1.2809371E+02  -2.2109772E+00  -1.1054886E+00
     1.0660000E+03   1.1664178E+02   7.2374337E+06   1.2809371E+02  -1.4884897E+00  -7.4424487E-01
     1.0960000E+03   1.1774694E+02   2.2541062E+07   1.2809371E+02  -3.2930451E-01  -1.6465226E-01
     1.1270000E+03   1.1718096E+02   1.3848967E+07   1.2809371E+02  -8.3930986E-01  -4.1965493E-01
     1.1580000E+03   1.1918708E+02   5.1642989E+07   1.2809371E+02   1.2224466E+00   6.1122330E-01
     1.1860000E+03   1.1806946E+02   2.8224054E+07   1.2809371E+02   1.5529374E-01   7.7646870E-02
     1.2170000E+03   1.1656036E+02   6.3873827E+06   1.2809371E+02  -1.2976321E+00  -6.4881604E-01
     1.2470000E+03   1.1570733E+02   3.8557848E+05   1.2809371E+02  -2.0961521E+00  -1.0480761E+00
     1.2780000E+03   1.1566847E+02   2.6613110E+05   1.2809371E+02  -2.0786650E+00  -1.0393325E+00
     1.3080000E+03   1.1563322E+02   1.7335530E+05   1.2809371E+02  -2.0593531E+00  -1.0296766E+00
     1.3390000E+03   1.1564327E+02   1.9839079E+05   1.2809371E+02  -1.9929129E+00  -9.9645645E-01
     1.3700000E+03   1.1564452E+02   2.0146239E+05   1.2809371E+02  -1.9352611E+00  -9.6763053E-01
     1.4000000E+03   1.1592990E+02   1.3751827E+06   1.2809371E+02  -1.5953231E+00  -7.9766153E-01
     1.4310000E+03   1.1650839E+02   5.8621423E+06   1.2809371E+02  -9.6053740E-01  -4.8026870E-01
     1.4610000E+03   1.1909162E+02   4.9416915E+07   1.2809371E+02   1.6767386E+00   8.3836931E-01
     1.4920000E+03   1.1740026E+02   1.7015945E+07   1.2809371E+02   4.1534511E-02   2.0767256E-02
     1.5230000E+03   1.1786071E+02   2.4474663E+07   1.2809371E+02   5.5807187E-01   2.7903593E-01
     1.5510000E+03   1.1687307E+02   9.8536361E+06   1.2809371E+02  -3.7876523E-01  -1.8938262E-01
     1.5820000E+03   1.1785689E+02   2.4417806E+07   1.2809371E+02   6.6115837E-01   3.3057919E-01
     1.6120000E+03   1.1650953E+02   5.8776394E+06   1.2809371E+02  -6.3171248E-01  -3.1585624E-01
     1.6430000E+03   1.1566048E+02   2.4356963E+05   1.2809371E+02  -1.4243460E+00  -7.1217300E-01
     1.6730000E+03   1.1564672E+02   2.0693221E+05   1.2809371E+02  -1.3835161E+00  -6.9175806E-01
     1.7040000E+03   1.1605830E+02   2.1520522E+06   1.2809371E+02  -9.1559616E-01  -4.5779808E-01
     1.7350000E+03   1.1565194E+02   2.2077866E+05   1.2809371E+02  -1.2655630E+00  -6.3278150E-01
     1.7650000E+03   1.1564029E+02   1.9070177E+05   1.2809371E+02  -1.2226647E+00  -6.1133237E-01
     1.7960000E+03   1.1612235E+02   2.5898884E+06   1.2809371E+02  -6.8431904E-01  -3.4215952E-01
     1.8260000E+03   1.1610053E+02   2.4349815E+06   1.2809371E+02  -6.5168331E-01  -3.2584165E-01
     1.8570000E+03   1.1722376E+02   1.4445868E+07   1.2809371E+02   5.2760222E-01   2.6380111E-01
     1.8880000E+03   1.1652275E+02   6.0058583E+06   1.2809371E+02  -1.1725337E-01  -5.8626684E-02
     1.9160000E+03   1.1868991E+02   4.0534134E+07   1.2809371E+02   2.1002650E+00   1.0501325E+00
     1.9470000E+03   1.1784690E+02   2.4247948E+07   1.2809371E+02   1.3131525E+00   6.5657627E-01
     1.9770000E+03   1.1630420E+02   4.0011919E+06   1.2809371E+02  -1.7523554E-01  -8.7617770E-02
     2.0080000E+03   1.1567232E+02   2.7718132E+05   1.2809371E+02  -7.5093557E-01  -3.7546779E-01
     2.0380000E+03   1.1566800E+02   2.6462412E+05   1.2809371E+02  -7.0091625E-01  -3.5045812E-01
     2.0690000E+03   1.1570775E+02   3.8780300E+05   1.2809371E+02  -6.0505020E-01  -3.0252510E-01
     2.1000000E+03   1.1566833E+02   2.6583808E+05   1.2809371E+02  -5.8838804E-01  -2.9419402E-01
     2.1300000E+03   1.1564541E+02   2.0357666E+05   1.2809371E+02  -5.5705949E-01  -2.7852975E-01
     2.1610000E+03   1.1682725E+02   9.3212226E+06   1.2809371E+02   6.8062153E-01   3.4031076E-01
     2.1910000E+03   1.1616782E+02   2.9180450E+06   1.2809371E+02   7.5295604E-02   3.7647802E-02
     2.2220000E+03   1.1606466E+02   2.1916060E+06   1.2809371E+02   2.8014427E-02   1.4007213E-02
     2.2530000E+03   1.1577060E+02   6.1693664E+05   1.2809371E+02  -2.1016764E-01  -1.0508382E-01
     2.2820000E+03   1.1649857E+02   5.7670700E+06   1.2809371E+02   5.6993806E-01   2.8496903E-01
     2.3130000E+03   1.1609989E+02   2.4332740E+06   1.2809371E+02   2.2701187E-01   1.1350594E-01
     2.3430000E+03   1.1637855E+02   4.6452006E+06   1.2809371E+02   5.5953943E-01   2.7976971E-01
     2.3740000E+03   1.1564106E+02   1.9254852E+05   1.2809371E+02  -1.2221603E-01  -6.1108014E-02
     2.4040000E+03   1.1565265E+02   2.2253860E+05   1.2809371E+02  -5.6741084E-02  -2.8370542E-02
     2.4350000E+03   1.1564231E+02   1.9584501E+05   1.2809371E+02  -1.1451715E-02  -5.7258573E-03
     2.4660000E+03   1.1596758E+02   1.5907951E+06   1.2809371E+02   3.6935676E-01   1.8467838E-01
     2.4960000E+03   1.1587177E+02   1.0724834E+06   1.2809371E+02   3.2726236E-01   1.6363118E-01
     2.5270000E+03   1.1585748E+02   1.0014794E+06   1.2809371E+02   3.6842424E-01   1.8421212E-01
     2.5570000E+03   1.1623818E+02   3.4605221E+06   1.2809371E+02   8.0269471E-01   4.0134736E-01
     2.5880000E+03   1.1596377E+02   1.5680580E+06   1.2809371E+02   5.8362373E-01   2.9181187E-01
     2.6190000E+03   1.1644005E+02   5.2049204E+06   1.2809371E+02   1.1151078E+00   5.5755392E-01
     2.6470000E+03   1.1630583E+02   4.0115159E+06   1.2809371E+02   1.0307339E+00   5.1536697E-01
     2.6780000E+03   1.1633069E+02   4.2287007E+06   1.2809371E+02   1.1107224E+00   5.5536122E-01
     2.7080000E+03   1.1582429E+02   8.4569855E+05   1.2809371E+02   6.5769254E-01   3.2884627E-01
     2.7390000E+03   1.1608435E+02   2.3272038E+06   1.2809371E+02   9.7280305E-01   4.8640153E-01
     2.7690000E+03   1.1564120E+02   1.9279218E+05   1.2809371E+02   5.8293556E-01   2.9146778E-01
     2.8000000E+03   1.1563715E+02   1.8302357E+05   1.2809371E+02   6.3388384E-01   3.1694192E-01
     2.8310000E+03   1.1564698E+02   2.0774049E+05   1.2809371E+02   6.9864897E-01   3.4932448E-01
     2.8610000E+03   1.1610275E+02   2.4501332E+06   1.2809371E+02   1.2074634E+00   6.0373172E-01
     2.8920000E+03   1.1595180E+02   1.4978914E+06   1.2809371E+02   1.1112908E+00   5.5564538E-01
     2.9220000E+03   1.1770457E+02   2.1835991E+07   1.2809371E+02   2.9167268E+00   1.4583634E+00
     2.9530000E+03   1.1774914E+02   2.2573217E+07   1.2809371E+02   3.0156606E+00   1.5078303E+00
     2.9840000E+03   1.1899179E+02   4.7140091E+07   1.2809371E+02   4.3123756E+00   2.1561878E+00
     3.0120000E+03   1.1783299E+02   2.4002185E+07   1.2809371E+02   3.2025587E+00   1.6012794E+00
     3.0430000E+03   1.1710329E+02   1.2804132E+07   1.2809371E+02   2.5271538E+00   1.2635769E+00
     3.0730000E+03   1.1674249E+02   8.3368944E+06   1.2809371E+02   2.2188904E+00   1.1094452E+00
     3.1040000E+03   1.1568697E+02   3.2078485E+05   1.2809371E+02   1.2177549E+00   6.0887747E-01
     3.1340000E+03   1.1563352E+02   1.7393727E+05   1.2809371E+02   1.2168867E+00   6.0844337E-01
     3.1650000E+03   1.1563586E+02   1.7982691E+05   1.2809371E+02   1.2734816E+00   6.3674081E-01
     3.1960000E+03   1.1563801E+02   1.8502486E+05   1.2809371E+02   1.3298275E+00   6.6491377E-01
     3.2260000E+03   1.1603106E+02   1.9740625E+06   1.2809371E+02   1.7752007E+00   8.8760037E-01
     3.2570000E+03   1.1562631E+02   1.5666971E+05   1.2809371E+02   1.4245129E+00   7.1225647E-01
     3.2870000E+03   1.1623238E+02   3.4183673E+06   1.2809371E+02   2.0827551E+00   1.0413775E+00
     3.3180000E+03   1.1584819E+02   9.5726824E+05   1.2809371E+02   1.7524594E+00   8.7622972E-01
     3.3490000E+03   1.1838972E+02   3.4358278E+07   1.2809371E+02   4.3473611E+00   2.1736805E+00
     3.3770000E+03   1.1806440E+02   2.8119236E+07   1.2809371E+02   4.0702808E+00   2.0351404E+00
     3.4080000E+03   1.1649860E+02   5.7690032E+06   1.2809371E+02   2.5580747E+00   1.2790373E+00
     3.4380000E+03   1.1629677E+02   3.9383410E+06   1.2809371E+02   2.4080806E+00   1.2040403E+00
     3.4690000E+03   1.1595711E+02   1.5284664E+06   1.2809371E+02   2.1219536E+00   1.0609768E+00
     3.4990000E+03   1.1563150E+02   1.6892695E+05   1.2809371E+02   1.8481347E+00   9.2406733E-01
     3.5300000E+03   1.1563270E+02   1.7179243E+05   1.2809371E+02   1.9027752E+00   9.5138762E-01
     3.5610000E+03   1.1562745E+02   1.5934982E+05   1.2809371E+02   1.9508996E+00   9.7544982E-01
     3.5910000E+03   1.1567477E+02   2.8357911E+05   1.2809371E+02   2.0497946E+00   1.0248973E+00
     3.6220000E+03   1.1677699E+02   8.7333730E+06   1.2809371E+02   3.2050722E+00   1.6025361E+00
     3.6520000E+03   1.1715959E+02   1.3558609E+07   1.2809371E+02   3.6388747E+00   1.8194374E+00
     3.6830000E+03   1.1781498E+02   2.3688220E+07   1.2809371E+02   4.3022548E+00   2.1511274E+00
     3.7140000E+03   1.1799521E+02   2.6865973E+07   1.2809371E+02   4.4824856E+00   2.2412428E+00
     3.7430000E+03   1.1855677E+02   3.7742195E+07   1.2809371E+02   5.0440464E+00   2.5220232E+00
     3.7740000E+03   1.1618767E+02   3.0691823E+06   1.2809371E+02   2.6749444E+00   1.3374722E+00
     3.8040000E+03   1.1631617E+02   4.1022093E+06   1.2809371E+02   2.8034409E+00   1.4017204E+00
     3.8350000E+03   1.1577875E+02   6.4982312E+05   1.2809371E+02   2.2660240E+00   1.1330120E+00
     3.8650000E+03   1.1570866E+02   3.8992100E+05   1.2809371E+02   2.1959282E+00   1.0979641E+00
     3.8960000E+03   1.1567216E+02   2.7686006E+05   1.2809371E+02   2.1594356E+00   1.0797178E+00
     3.9270000E+03   1.1562515E+02   1.5403908E+05   1.2809371E+02   2.1124243E+00   1.0562122E+00
     3.9570000E+03   1.1563195E+02   1.6987800E+05   1.2809371E+02   2.1192235E+00   1.0596117E+00
     3.9880000E+03   1.1579520E+02   7.1807747E+05   1.2809371E+02   2.2824706E+00   1.1412353E+00
     4.0180000E+03   1.1586794E+02   1.0515549E+06   1.2809371E+02   2.3552120E+00   1.1776060E+00
     4.0490000E+03   1.1756965E+02   1.9619510E+07   1.2809371E+02   4.0569203E+00   2.0284602E+00
     4.0800000E+03   1.1796820E+02   2.6371595E+07   1.2809371E+02   4.4554754E+00   2.2277377E+00
     4.1080000E+03   1.1660741E+02   6.8620167E+06   1.2809371E+02   3.0946853E+00   1.5473427E+00
     4.1390000E+03   1.1669233E+02   7.7884153E+06   1.2809371E+02   3.1795986E+00   1.5897993E+00
     4.1690000E+03   1.1576199E+02   5.8324196E+05   1.2809371E+02   2.2492679E+00   1.1246339E+00
     4.2000000E+03   1.1582075E+02   8.2927491E+05   1.2809371E+02   2.3080274E+00   1.1540137E+00
     4.2300000E+03   1.1561624E+02   1.3420031E+05   1.2809371E+02   2.1035152E+00   1.0517576E+00
     4.2610000E+03   1.1563292E+02   1.7229114E+05   1.2809371E+02   2.1201888E+00   1.0600944E+00
     4.2920000E+03   1.1562518E+02   1.5412047E+05   1.2809371E+02   2.1124553E+00   1.0562276E+00
     4.3220000E+03   1.1575665E+02   5.6186683E+05   1.2809371E+02   2.2439247E+00   1.1219623E+00
     4.3530000E+03   1.1654086E+02   6.1866481E+06   1.2809371E+02   3.0281295E+00   1.5140647E+00
     4.3830000E+03   1.1821997E+02   3.1035425E+07   1.2809371E+02   4.7072473E+00   2.3536236E+00
     4.4140000E+03   1.1855126E+02   3.7624862E+07   1.2809371E+02   5.0385291E+00   2.5192645E+00
     4.4450000E+03   1.1810639E+02   2.8914700E+07   1.2809371E+02   4.5936677E+00   2.2968338E+00
     4.4730000E+03   1.1755032E+02   1.9335009E+07   1.2809371E+02   4.0375883E+00   2.0187942E+00
     4.5040000E+03   1.1769623E+02   2.1705205E+07   1.2809371E+02   4.1835050E+00   2.0917525E+00
     4.5340000E+03   1.1722939E+02   1.4528302E+07   1.2809371E+02   3.7166585E+00   1.8583293E+00
     4.5650000E+03   1.1562580E+02   1.5554848E+05   1.2809371E+02   2.1130755E+00   1.0565378E+00
     4.5950000E+03   1.1566035E+02   2.4309361E+05   1.2809371E+02   2.1476207E+00   1.0738103E+00
     4.6260000E+03   1.1563261E+02   1.7148431E+05   1.2809371E+02   2.1198810E+00   1.0599405E+00
     4.6570000E+03   1.1563068E+02   1.6693564E+05   1.2809371E+02   2.1179504E+00   1.0589752E+00
     4.6870000E+03   1.1599013E+02   1.7238087E+06   1.2809371E+02   2.4773995E+00   1.2386997E+00
     4.7180000E+03   1.1667340E+02   7.5727781E+06   1.2809371E+02   3.1606736E+00   1.5803368E+00
     4.7480000E+03   1.1809226E+02   2.8641922E+07   1.2809371E+02   4.5795317E+00   2.2897658E+00
     4.7790000E+03   1.1733253E+02   1.6006609E+07   1.2809371E+02   3.8198064E+00   1.9099032E+00
     4.8100000E+03   1.1840026E+02   3.4558160E+07   1.2809371E+02   4.8875369E+00   2.4437685E+00
     4.8380000E+03   1.1886098E+02   4.4246202E+07   1.2809371E+02   5.3482502E+00   2.6741251E+00
     4.8690000E+03   1.1901152E+02   4.7597654E+07   1.2809371E+02   5.4987957E+00   2.7493979E+00
     4.8990000E+03   1.1691630E+02   1.0389444E+07   1.2809371E+02   3.4035731E+00   1.7017866E+00
     4.9300000E+03   1.1585730E+02   1.0000560E+06   1.2809371E+02   2.3445722E+00   1.1722861E+00
     4.9600000E+03   1.1564308E+02   1.9740313E+05   1.2809371E+02   2.1303571E+00   1.0651785E+00
     4.9910000E+03   1.1564068E+02   1.9116973E+05   1.2809371E+02   2.1279534E+00   1.0639767E+00
     5.0220000E+03   1.1584163E+02   9.2660971E+05   1.2809371E+02   2.3289058E+00   1.1644529E+00
     5.0520000E+03   1.1581732E+02   8.1535169E+05   1.2809371E+02   2.3045962E+00   1.1522981E+00
     5.0830000E+03   1.1602029E+02   1.9076605E+06   1.2809371E+02   2.5075648E+00   1.2537824E+00
     5.1130000E+03   1.1864732E+02   3.9619966E+07   1.2809371E+02   5.1345924E+00   2.5672962E+00
     5.1440000E+03   1.1877111E+02   4.2266589E+07   1.2809371E+02   5.2583871E+00   2.6291935E+00
     5.1750000E+03   1.1582368E+02   8.4277068E+05   1.2809371E+02   2.3109550E+00   1.1554775E+00
     5.2040000E+03   1.1652288E+02   6.0052709E+06   1.2809371E+02   3.0101563E+00   1.5050781E+00
     5.2350000E+03   1.1633946E+02   4.3027896E+06   1.2809371E+02   2.8267380E+00   1.4133690E+00
     5.2650000E+03   1.1609667E+02   2.4117831E+06   1.2809371E+02   2.5839397E+00   1.2919698E+00
     5.2960000E+03   1.1573316E+02   4.7474945E+05   1.2809371E+02   2.2204372E+00   1.1102186E+00
     5.3260000E+03   1.1575338E+02   5.5031027E+05   1.2809371E+02   2.2406560E+00   1.1203280E+00
     5.3570000E+03   1.1562321E+02   1.4965966E+05   1.2809371E+02   2.1104849E+00   1.0552425E+00
     5.3880000E+03   1.1570133E+02   3.6678931E+05   1.2809371E+02   2.1886024E+00   1.0943012E+00
     5.4180000E+03   1.1565903E+02   2.3923184E+05   1.2809371E+02   2.1463072E+00   1.0731536E+00
     5.4490000E+03   1.1628636E+02   3.8530862E+06   1.2809371E+02   2.7736341E+00   1.3868171E+00
     5.4790000E+03   1.1849752E+02   3.6519647E+07   1.2809371E+02   4.9847972E+00   2.4923986E+00
     5.5100000E+03   1.1637653E+02   4.6240866E+06   1.2809371E+02   2.8638020E+00   1.4319010E+00
     5.5410000E+03   1.1600888E+02   1.8376319E+06   1.2809371E+02   2.4961542E+00   1.2480771E+00
     5.5690000E+03   1.1685549E+02   9.6462726E+06   1.2809371E+02   3.3427652E+00   1.6713826E+00
     5.6000000E+03   1.1700172E+02   1.1465009E+07   1.2809371E+02   3.4889948E+00   1.7444974E+00
     5.6300000E+03   1.1572851E+02   4.5823277E+05   1.2809371E+02   2.2157878E+00   1.1078939E+00
     5.6610000E+03   1.1566119E+02   2.4540656E+05   1.2809371E+02   2.1484651E+00   1.0742325E+00
     5.6910000E+03   1.1563405E+02   1.7522504E+05   1.2809371E+02   2.1213206E+00   1.0606603E+00
     5.7220000E+03   1.1565417E+02   2.2615622E+05   1.2809371E+02   2.1414423E+00   1.0707212E+00
     5.7530000E+03   1.1562486E+02   1.5343374E+05   1.2809371E+02   2.1121299E+00   1.0560650E+00
     5.7830000E+03   1.1593987E+02   1.4300235E+06   1.2809371E+02   2.4271468E+00   1.2135734E+00
     5.8140000E+03   1.1612491E+02   2.6074434E+06   1.2809371E+02   2.6121812E+00   1.3060906E+00
     5.8440000E+03   1.1714011E+02   1.3290491E+07   1.2809371E+02   3.6273783E+00   1.8136892E+00
     5.8750000E+03   1.1691175E+02   1.0326540E+07   1.2809371E+02   3.3990240E+00   1.6995120E+00
     5.9060000E+03   1.1790050E+02   2.5171790E+07   1.2809371E+02   4.3877760E+00   2.1938880E+00
     5.9340000E+03   1.2011694E+02   7.5178951E+07   1.2809371E+02   6.6042143E+00   3.3021071E+00
     5.9650000E+03   1.1748762E+02   1.8358648E+07   1.2809371E+02   3.9748946E+00   1.9874473E+00
     5.9950000E+03   1.1590379E+02   1.2349513E+06   1.2809371E+02   2.3910658E+00   1.1955329E+00
     6.0260000E+03   1.1587249E+02   1.0742156E+06   1.2809371E+02   2.3597625E+00   1.1798813E+00
     6.0560000E+03   1.1561719E+02   1.3625679E+05   1.2809371E+02   2.1044622E+00   1.0522311E+00
     6.0870000E+03   1.1561442E+02   1.3032979E+05   1.2809371E+02   2.1016900E+00   1.0508450E+00
     6.1180000E+03   1.1561512E+02   1.3180122E+05   1.2809371E+02   2.1023931E+00   1.0511966E+00
     6.1480000E+03   1.1610319E+02   2.4551618E+06   1.2809371E+02   2.5904621E+00   1.2952311E+00
     6.1790000E+03   1.1581926E+02   8.2280832E+05   1.2809371E+02   2.3065357E+00   1.1532678E+00
     6.2090000E+03   1.1572001E+02   4.2831084E+05   1.2809371E+02   2.2072784E+00   1.1036392E+00
     6.2400000E+03   1.1636629E+02   4.5337280E+06   1.2809371E+02   2.8535663E+00   1.4267831E+00
     6.2710000E+03   1.1719666E+02   1.4069572E+07   1.2809371E+02   3.6839342E+00   1.8419671E+00
     6.2990000E+03   1.1737811E+02   1.6686112E+07   1.2809371E+02   3.8653838E+00   1.9326919E+00
     6.3300000E+03   1.1707183E+02   1.2374915E+07   1.2809371E+02   3.5591075E+00   1.7795538E+00
     6.3600000E+03   1.1568948E+02   3.2853463E+05   1.2809371E+02   2.1767489E+00   1.0883744E+00
     6.3910000E+03   1.1566354E+02   2.5228221E+05   1.2809371E+02   2.1508099E+00   1.0754050E+00
     6.4210000E+03   1.1565241E+02   2.2137955E+05   1.2809371E+02   2.1396792E+00   1.0698396E+00
     6.4520000E+03   1.1560861E+02   1.1813690E+05   1.2809371E+02   2.0958820E+00   1.0479410E+00
     6.4830000E+03   1.1561339E+02   1.2810463E+05   1.2809371E+02   2.1006599E+00   1.0503300E+00
     6.5130000E+03   1.1561453E+02   1.3048681E+05   1.2809371E+02   2.1017993E+00   1.0508996E+00
     6.5440000E+03   1.1607424E+02   2.2592530E+06   1.2809371E+02   2.5615086E+00   1.2807543E+00
     6.5740000E+03   1.1685058E+02   9.5934896E+06   1.2809371E+02   3.3378560E+00   1.6689280E+00
     6.6050000E+03   1.1822014E+02   3.1041805E+07   1.2809371E+02   4.7074142E+00   2.3537071E+00
     6.6360000E+03   1.1780238E+02   2.3474318E+07   1.2809371E+02   4.2896539E+00   2.1448269E+00
     6.6650000E+03   1.1577555E+02   6.3732272E+05   1.2809371E+02   2.2628206E+00   1.1314103E+00
     6.6960000E+03   1.1568236E+02   3.0667109E+05   1.2809371E+02   2.1696350E+00   1.0848175E+00
     6.7260000E+03   1.1622207E+02   3.3334733E+06   1.2809371E+02   2.7093442E+00   1.3546721E+00
     6.7570000E+03   1.1592422E+02   1.3456773E+06   1.2809371E+02   2.4114969E+00   1.2057485E+00
     6.7870000E+03   1.1576519E+02   5.9563504E+05   1.2809371E+02   2.2524597E+00   1.1262299E+00
     6.8180000E+03   1.1560816E+02   1.1723089E+05   1.2809371E+02   2.0954372E+00   1.0477186E+00
     6.8490000E+03   1.1561454E+02   1.3059323E+05   1.2809371E+02   2.1018142E+00   1.0509071E+00
     6.8790000E+03   1.1561317E+02   1.2759112E+05   1.2809371E+02   2.1004383E+00   1.0502192E+00
     6.9100000E+03   1.1571177E+02   4.0058785E+05   1.2809371E+02   2.1990394E+00   1.0995197E+00
     6.9400000E+03   1.1734465E+02   1.6186428E+07   1.2809371E+02   3.8319246E+00   1.9159623E+00
     6.9710000E+03   1.1695970E+02   1.0928019E+07   1.2809371E+02   3.4469751E+00   1.7234875E+00
     7.0020000E+03   1.1608595E+02   2.3359698E+06   1.2809371E+02   2.5732198E+00   1.2866099E+00
     7.0300000E+03   1.1599666E+02   1.7632854E+06   1.2809371E+02   2.4839376E+00   1.2419688E+00
     7.0610000E+03   1.1808015E+02   2.8417119E+07   1.2809371E+02   4.5674204E+00   2.2837102E+00
     7.0910000E+03   1.1596099E+02   1.5509841E+06   1.2809371E+02   2.4482632E+00   1.2241316E+00
     7.1220000E+03   1.1566338E+02   2.5157474E+05   1.2809371E+02   2.1506492E+00   1.0753246E+00
     7.1520000E+03   1.1570004E+02   3.6178637E+05   1.2809371E+02   2.1873087E+00   1.0936544E+00
     7.1830000E+03   1.1560624E+02   1.1330739E+05   1.2809371E+02   2.0935094E+00   1.0467547E+00
     7.2140000E+03   1.1561659E+02   1.3502559E+05   1.2809371E+02   2.1038583E+00   1.0519292E+00
     7.2440000E+03   1.1615429E+02   2.8201174E+06   1.2809371E+02   2.6415613E+00   1.3207806E+00
     7.2750000E+03   1.1647880E+02   5.5757736E+06   1.2809371E+02   2.9660689E+00   1.4830345E+00
     7.3050000E+03   1.1617441E+02   2.9686813E+06   1.2809371E+02   2.6616851E+00   1.3308425E+00
     7.3360000E+03   1.1561264E+02   1.2646387E+05   1.2809371E+02   2.0999092E+00   1.0499546E+00
     7.3670000E+03   1.1758721E+02   1.9918718E+07   1.2809371E+02   4.0744874E+00   2.0372437E+00
     7.3950000E+03   1.1680627E+02   9.0659598E+06   1.2809371E+02   3.2935411E+00   1.6467705E+00
     7.4260000E+03   1.1605208E+02   2.1119205E+06   1.2809371E+02   2.5393543E+00   1.2696771E+00
     7.4560000E+03   1.1572346E+02   4.4105769E+05   1.2809371E+02   2.2107362E+00   1.1053681E+00
     7.4870000E+03   1.1672154E+02   8.0994280E+06   1.2809371E+02   3.2088177E+00   1.6044088E+00
     7.5170000E+03   1.1560958E+02   1.2012931E+05   1.2809371E+02   2.0968518E+00   1.0484259E+00
     7.5480000E+03   1.1560542E+02   1.1166785E+05   1.2809371E+02   2.0926943E+00   1.0463472E+00
     7.5790000E+03   1.1561570E+02   1.3320404E+05   1.2809371E+02   2.1029702E+00   1.0514851E+00
     7.6090000E+03   1.1568012E+02   2.9971595E+05   1.2809371E+02   2.1673902E+00   1.0836951E+00
     7.6400000E+03   1.1581474E+02   8.0307810E+05   1.2809371E+02   2.3020166E+00   1.1510083E+00
     7.6700000E+03   1.1580835E+02   7.7502409E+05   1.2809371E+02   2.2956214E+00   1.1478107E+00
     7.7010000E+03   1.1591315E+02   1.2858567E+06   1.2809371E+02   2.4004217E+00   1.2002108E+00
     7.7320000E+03   1.1588572E+02   1.1410303E+06   1.2809371E+02   2.3729882E+00   1.1864941E+00
     7.7600000E+03   1.1704934E+02   1.2080017E+07   1.2809371E+02   3.5366142E+00   1.7683071E+00
     7.7910000E+03   1.1876888E+02   4.2214305E+07   1.2809371E+02   5.2561550E+00   2.6280775E+00
     7.8210000E+03   1.1583903E+02   9.1406522E+05   1.2809371E+02   2.3263034E+00   1.1631517E+00
     7.8520000E+03   1.1567340E+02   2.8034557E+05   1.2809371E+02   2.1606739E+00   1.0803370E+00
     7.8820000E+03   1.1579893E+02   7.3459435E+05   1.2809371E+02   2.2862024E+00   1.1431012E+00
     7.9130000E+03   1.1560843E+02   1.1788871E+05   1.2809371E+02   2.0957001E+00   1.0478501E+00
     7.9440000E+03   1.1566272E+02   2.5064480E+05   1.2809371E+02   2.1499943E+00   1.0749972E+00
     7.9740000E+03   1.1562131E+02   1.4534970E+05   1.2809371E+02   2.1085840E+00   1.0542920E+00
     8.0050000E+03   1.1622652E+02   3.3700565E+06   1.2809371E+02   2.7137884E+00   1.3568942E+00
     8.0350000E+03   1.1611774E+02   2.5558337E+06   1.2809371E+02   2.6050097E+00   1.3025048E+00
     8.0660000E+03   1.1666594E+02   7.4828158E+06   1.2809371E+02   3.1532084E+00   1.5766042E+00
     8.0970000E+03   1.1647924E+02   5.5769988E+06   1.2809371E+02   2.9665097E+00   1.4832549E+00
     8.1260000E+03   1.1823820E+02   3.1391507E+07   1.2809371E+02   4.7254738E+00   2.3627369E+00
     8.1570000E+03   1.1685970E+02   9.7105118E+06   1.2809371E+02   3.3469711E+00   1.6734855E+00
     8.1870000E+03   1.1605769E+02   2.1471561E+06   1.2809371E+02   2.5449634E+00   1.2724817E+00
     8.2180000E+03   1.1561690E+02   1.3571602E+05   1.2809371E+02   2.1041765E+00   1.0520883E+00
     8.2480000E+03   1.1593248E+02   1.3907298E+06   1.2809371E+02   2.4197506E+00   1.2098753E+00
     8.2790000E+03   1.1560271E+02   1.0628533E+05   1.2809371E+02   2.0899869E+00   1.0449934E+00
     8.3100000E+03   1.1560940E+02   1.1979028E+05   1.2809371E+02   2.0966720E+00   1.0483360E+00
     8.3400000E+03   1.1561483E+02   1.3115520E+05   1.2809371E+02   2.1021020E+00   1.0510510E+00
     8.3710000E+03   1.1644578E+02   5.2676091E+06   1.2809371E+02   2.9330526E+00   1.4665263E+00
     8.4010000E+03   1.1581752E+02   8.1511292E+05   1.2809371E+02   2.3047931E+00   1.1523965E+00
     8.4320000E+03   1.1846055E+02   3.5774550E+07   1.2809371E+02   4.9478183E+00   2.4739092E+00
     8.4630000E+03   1.1888580E+02   4.4772917E+07   1.2809371E+02   5.3730708E+00   2.6865354E+00
     8.4910000E+03   1.1795384E+02   2.6125829E+07   1.2809371E+02   4.4411124E+00   2.2205562E+00
     8.5220000E+03   1.1632674E+02   4.1934779E+06   1.2809371E+02   2.8140160E+00   1.4070080E+00
     8.5520000E+03   1.1611117E+02   2.5105969E+06   1.2809371E+02   2.5984392E+00   1.2992196E+00
     8.5830000E+03   1.1614771E+02   2.7719329E+06   1.2809371E+02   2.6349871E+00   1.3174936E+00
     8.6130000E+03   1.1595344E+02   1.5080740E+06   1.2809371E+02   2.4407098E+00   1.2203549E+00
     8.6440000E+03   1.1560295E+02   1.0677892E+05   1.2809371E+02   2.0902246E+00   1.0451123E+00
     8.6750000E+03   1.1560659E+02   1.1404646E+05   1.2809371E+02   2.0938611E+00   1.0469306E+00
     8.7050000E+03   1.1560693E+02   1.1467882E+05   1.2809371E+02   2.0942056E+00   1.0471028E+00
     8.7360000E+03   1.1600925E+02   1.8409171E+06   1.2809371E+02   2.4965210E+00   1.2482605E+00
     8.7660000E+03   1.1653676E+02   6.1455206E+06   1.2809371E+02   3.0240289E+00   1.5120145E+00
     8.7970000E+03   1.1707974E+02   1.2472508E+07   1.2809371E+02   3.5670086E+00   1.7835043E+00
     8.8280000E+03   1.1678486E+02   8.8156645E+06   1.2809371E+02   3.2721308E+00   1.6360654E+00
     8.8560000E+03   1.1743914E+02   1.7606352E+07   1.2809371E+02   3.9264166E+00   1.9632083E+00
     8.8870000E+03   1.1573674E+02   4.8795019E+05   1.2809371E+02   2.2240136E+00   1.1120068E+00
     8.9170000E+03   1.1615318E+02   2.8105374E+06   1.2809371E+02   2.6404515E+00   1.3202257E+00
     8.9480000E+03   1.1594915E+02   1.4850982E+06   1.2809371E+02   2.4364205E+00   1.2182102E+00
     8.9780000E+03   1.1563608E+02   1.8002362E+05   1.2809371E+02   2.1233482E+00   1.0616741E+00
     9.0090000E+03   1.1560360E+02   1.0805683E+05   1.2809371E+02   2.0908712E+00   1.0454356E+00
     9.0400000E+03   1.1560441E+02   1.0965286E+05   1.2809371E+02   2.0916812E+00   1.0458406E+00
     9.0700000E+03   1.1560993E+02   1.2086688E+05   1.2809371E+02   2.0972074E+00   1.0486037E+00
     9.1010000E+03   1.1590999E+02   1.2679422E+06   1.2809371E+02   2.3972588E+00   1.1986294E+00
     9.1310000E+03   1.1771678E+02   2.2032549E+07   1.2809371E+02   4.2040533E+00   2.1020267E+00
     9.1620000E+03   1.1703730E+02   1.1920547E+07   1.2809371E+02   3.5245778E+00   1.7622889E+00
     9.1930000E+03   1.2031013E+02   8.0531608E+07   1.2809371E+02   6.7974077E+00   3.3987039E+00
     9.2210000E+03   1.1586797E+02   1.0530520E+06   1.2809371E+02   2.3552417E+00   1.1776208E+00
     9.2520000E+03   1.1881833E+02   4.3297709E+07   1.2809371E+02   5.3056077E+00   2.6528038E+00
     9.2820000E+03   1.1638228E+02   4.6749186E+06   1.2809371E+02   2.8695571E+00   1.4347786E+00
     9.3130000E+03   1.1616296E+02   2.8839232E+06   1.2809371E+02   2.6502302E+00   1.3251151E+00
     9.3430000E+03   1.1585772E+02   1.0037702E+06   1.2809371E+02   2.3449978E+00   1.1724989E+00
     9.3740000E+03   1.1560028E+02   1.0155376E+05   1.2809371E+02   2.0875498E+00   1.0437749E+00
     9.4050000E+03   1.1560471E+02   1.1027044E+05   1.2809371E+02   2.0919867E+00   1.0459933E+00
     9.4350000E+03   1.1560573E+02   1.1224290E+05   1.2809371E+02   2.0929990E+00   1.0464995E+00
     9.4660000E+03   1.1566070E+02   2.4392817E+05   1.2809371E+02   2.1479692E+00   1.0739846E+00
     9.4960000E+03   1.1573079E+02   4.6632486E+05   1.2809371E+02   2.2180651E+00   1.1090325E+00
     9.5270000E+03   1.1840959E+02   3.4747469E+07   1.2809371E+02   4.8968642E+00   2.4484321E+00
     9.5580000E+03   1.1818919E+02   3.0453847E+07   1.2809371E+02   4.6764674E+00   2.3382337E+00
     9.5870000E+03   1.1833069E+02   3.3181273E+07   1.2809371E+02   4.8179646E+00   2.4089823E+00
     9.6180000E+03   1.1629475E+02   3.9227091E+06   1.2809371E+02   2.7820213E+00   1.3910106E+00
     9.6480000E+03   1.1657447E+02   6.5265023E+06   1.2809371E+02   3.0617454E+00   1.5308727E+00
     9.6790000E+03   1.1644482E+02   5.2555639E+06   1.2809371E+02   2.9320903E+00   1.4660451E+00
     9.7090000E+03   1.1560448E+02   1.0976195E+05   1.2809371E+02   2.0917499E+00   1.0458750E+00
     9.7400000E+03   1.1559975E+02   1.0054760E+05   1.2809371E+02   2.0870268E+00   1.0435134E+00
     9.7710000E+03   1.1560592E+02   1.1271795E+05   1.2809371E+02   2.0931915E+00   1.0465957E+00
     9.8010000E+03   1.1564722E+02   2.0822286E+05   1.2809371E+02   2.1344881E+00   1.0672441E+00
     9.8320000E+03   1.1601556E+02   1.8807481E+06   1.2809371E+02   2.5028370E+00   1.2514185E+00
     9.8620000E+03   1.1683802E+02   9.4390345E+06   1.2809371E+02   3.3252917E+00   1.6626459E+00
     9.8930000E+03   1.1908070E+02   4.9175591E+07   1.2809371E+02   5.5679688E+00   2.7839844E+00
     9.9240000E+03   1.1865629E+02   3.9814060E+07   1.2809371E+02   5.1435589E+00   2.5717795E+00
     9.9520000E+03   1.1576272E+02   5.8647153E+05   1.2809371E+02   2.2499926E+00   1.1249963E+00
     9.9830000E+03   1.1601489E+02   1.8738831E+06   1.2809371E+02   2.5021592E+00   1.2510796E+00
     1.0013000E+04   1.1591708E+02   1.3058239E+06   1.2809371E+02   2.4043492E+00   1.2021746E+00
     1.0044000E+04   1.1579701E+02   7.2594124E+05   1.2809371E+02   2.2842851E+00   1.1421426E+00
     1.0074000E+04   1.1574071E+02   5.0224856E+05   1.2809371E+02   2.2279846E+00   1.1139923E+00
     1.0105000E+04   1.1559814E+02   9.7462109E+04   1.2809371E+02   2.0854151E+00   1.0427075E+00
     1.0136000E+04   1.1585735E+02   1.0020470E+06   1.2809371E+02   2.3446253E+00   1.1723126E+00
     1.0166000E+04   1.1570075E+02   3.6399397E+05   1.2809371E+02   2.1880216E+00   1.0940108E+00
     1.0197000E+04   1.1606852E+02   2.2193717E+06   1.2809371E+02   2.5557959E+00   1.2778980E+00
     1.0227000E+04   1.1787840E+02   2.4789859E+07   1.2809371E+02   4.3656690E+00   2.1828345E+00
     1.0258000E+04   1.1677662E+02   8.7211149E+06   1.2809371E+02   3.2638886E+00   1.6319443E+00
     1.0289000E+04   1.1879166E+02   4.2710929E+07   1.2809371E+02   5.2789347E+00   2.6394674E+00
     1.0317000E+04   1.1991448E+02   6.9781547E+07   1.2809371E+02   6.4017506E+00   3.2008753E+00
     1.0348000E+04   1.1637631E+02   4.6254751E+06   1.2809371E+02   2.8635835E+00   1.4317918E+00
     1.0378000E+04   1.1635701E+02   4.4548477E+06   1.2809371E+02   2.8442863E+00   1.4221432E+00
     1.0409000E+04   1.1651776E+02   5.9572819E+06   1.2809371E+02   3.0050291E+00   1.5025146E+00
     1.0439000E+04   1.1562194E+02   1.4729174E+05   1.2809371E+02   2.1092090E+00   1.0546045E+00
     1.0470000E+04   1.1559813E+02   9.7432406E+04   1.2809371E+02   2.0853989E+00   1.0426994E+00
     1.0501000E+04   1.1560346E+02   1.0778155E+05   1.2809371E+02   2.0907295E+00   1.0453648E+00
     1.0531000E+04   1.1563991E+02   1.8963257E+05   1.2809371E+02   2.1271791E+00   1.0635896E+00
     1.0562000E+04   1.1592842E+02   1.3680509E+06   1.2809371E+02   2.4156893E+00   1.2078446E+00
     1.0592000E+04   1.1756171E+02   1.9510224E+07   1.2809371E+02   4.0489860E+00   2.0244930E+00
     1.0623000E+04   1.1617082E+02   2.9383809E+06   1.2809371E+02   2.6580960E+00   1.3290480E+00
     1.0654000E+04   1.1704458E+02   1.2015474E+07   1.2809371E+02   3.5318563E+00   1.7659281E+00
     1.0682000E+04   1.1864822E+02   3.9651144E+07   1.2809371E+02   5.1354939E+00   2.5677469E+00
     1.0713000E+04   1.1671611E+02   8.0386018E+06   1.2809371E+02   3.2033874E+00   1.6016937E+00
     1.0743000E+04   1.1624958E+02   3.5528622E+06   1.2809371E+02   2.7368515E+00   1.3684258E+00
     1.0774000E+04   1.1564313E+02   1.9770940E+05   1.2809371E+02   2.1304032E+00   1.0652016E+00
     1.0804000E+04   1.1564542E+02   2.0357953E+05   1.2809371E+02   2.1326919E+00   1.0663460E+00
     1.0835000E+04   1.1558980E+02   8.2108976E+04   1.2809371E+02   2.0770707E+00   1.0385353E+00
     1.0866000E+04   1.1559682E+02   9.4988831E+04   1.2809371E+02   2.0840940E+00   1.0420470E+00
     1.0896000E+04   1.1562922E+02   1.6382817E+05   1.2809371E+02   2.1164892E+00   1.0582446E+00
     1.0927000E+04   1.1593527E+02   1.4057208E+06   1.2809371E+02   2.4225476E+00   1.2112738E+00
     1.0957000E+04   1.1685915E+02   9.6895957E+06   1.2809371E+02   3.3464185E+00   1.6732092E+00
     1.0988000E+04   1.1584426E+02   9.3807462E+05   1.2809371E+02   2.3315374E+00   1.1657687E+00
     1.1019000E+04   1.1759542E+02   2.0047040E+07   1.2809371E+02   4.0826973E+00   2.0413486E+00
     1.1048000E+04   1.1866557E+02   4.0016780E+07   1.2809371E+02   5.1528396E+00   2.5764198E+00
     1.1079000E+04   1.1627655E+02   3.7720019E+06   1.2809371E+02   2.7638214E+00   1.3819107E+00
     1.1109000E+04   1.1624204E+02   3.4914504E+06   1.2809371E+02   2.7293172E+00   1.3646586E+00
     1.1140000E+04   1.1602570E+02   1.9431017E+06   1.2809371E+02   2.5129735E+00   1.2564868E+00
     1.1170000E+04   1.1568661E+02   3.2002996E+05   1.2809371E+02   2.1738832E+00   1.0869416E+00
     1.1201000E+04   1.1558585E+02   7.5240463E+04   1.2809371E+02   2.0731273E+00   1.0365636E+00
     1.1232000E+04   1.1559651E+02   9.4496517E+04   1.2809371E+02   2.0837873E+00   1.0418937E+00
     1.1262000E+04   1.1570075E+02   3.6401859E+05   1.2809371E+02   2.1880228E+00   1.0940114E+00
     1.1293000E+04   1.1636532E+02   4.5288990E+06   1.2809371E+02   2.8525885E+00   1.4262943E+00
     1.1323000E+04   1.1602564E+02   1.9419347E+06   1.2809371E+02   2.5129099E+00   1.2564549E+00
     1.1354000E+04   1.1590352E+02   1.2348963E+06   1.2809371E+02   2.3907965E+00   1.1953982E+00
     1.1385000E+04   1.1739566E+02   1.6940440E+07   1.2809371E+02   3.8829347E+00   1.9414674E+00
     1.1413000E+04   1.1773377E+02   2.2307935E+07   1.2809371E+02   4.2210466E+00   2.1105233E+00
     1.1444000E+04   1.1619820E+02   3.1483211E+06   1.2809371E+02   2.6854690E+00   1.3427345E+00
     1.1474000E+04   1.1592000E+02   1.3225340E+06   1.2809371E+02   2.4072747E+00   1.2036373E+00
     1.1505000E+04   1.1559641E+02   9.4177283E+04   1.2809371E+02   2.0836793E+00   1.0418396E+00
     1.1535000E+04   1.1573071E+02   4.6550579E+05   1.2809371E+02   2.2179839E+00   1.1089919E+00
     1.1566000E+04   1.1558464E+02   7.3171426E+04   1.2809371E+02   2.0719136E+00   1.0359568E+00
     1.1597000E+04   1.1559278E+02   8.7491909E+04   1.2809371E+02   2.0800509E+00   1.0400254E+00
     1.1627000E+04   1.1567792E+02   2.9389922E+05   1.2809371E+02   2.1651934E+00   1.0825967E+00
     1.1658000E+04   1.1599669E+02   1.7614459E+06   1.2809371E+02   2.4839626E+00   1.2419813E+00
     1.1688000E+04   1.1791184E+02   2.5377289E+07   1.2809371E+02   4.3991103E+00   2.1995552E+00
     1.1719000E+04   1.1865937E+02   3.9887534E+07   1.2809371E+02   5.1466477E+00   2.5733238E+00
     1.1750000E+04   1.1727557E+02   1.5184215E+07   1.2809371E+02   3.7628394E+00   1.8814197E+00
     1.1778000E+04   1.1615564E+02   2.8301280E+06   1.2809371E+02   2.6429082E+00   1.3214541E+00
     1.1809000E+04   1.1629492E+02   3.9241227E+06   1.2809371E+02   2.7821952E+00   1.3910976E+00
     1.1839000E+04   1.1575488E+02   5.5587581E+05   1.2809371E+02   2.2421487E+00   1.1210744E+00
     1.1870000E+04   1.1588711E+02   1.1502694E+06   1.2809371E+02   2.3743780E+00   1.1871890E+00
     1.1900000E+04   1.1558876E+02   8.0241295E+04   1.2809371E+02   2.0760328E+00   1.0380164E+00
     1.1931000E+04   1.1558346E+02   7.1179362E+04   1.2809371E+02   2.0707300E+00   1.0353650E+00
     1.1962000E+04   1.1559291E+02   8.7775862E+04   1.2809371E+02   2.0801875E+00   1.0400937E+00
     1.1992000E+04   1.1559649E+02   9.4300894E+04   1.2809371E+02   2.0837589E+00   1.0418795E+00
     1.2023000E+04   1.1561122E+02   1.2358512E+05   1.2809371E+02   2.0984915E+00   1.0492457E+00
     1.2053000E+04   1.1669547E+02   7.8133270E+06   1.2809371E+02   3.1827435E+00   1.5913718E+00
     1.2084000E+04   1.1955265E+02   6.0458180E+07   1.2809371E+02   6.0399264E+00   3.0199632E+00
     1.2115000E+04   1.1709928E+02   1.2732745E+07   1.2809371E+02   3.5865560E+00   1.7932780E+00
     1.2143000E+04   1.1636590E+02   4.5326377E+06   1.2809371E+02   2.8531718E+00   1.4265859E+00
     1.2174000E+04   1.1629073E+02   3.8882845E+06   1.2809371E+02   2.7779986E+00   1.3889993E+00
     1.2204000E+04   1.1714282E+02   1.3328107E+07   1.2809371E+02   3.6300980E+00   1.8150490E+00
     1.2235000E+04   1.1592396E+02   1.3444248E+06   1.2809371E+02   2.4112356E+00   1.2056178E+00
     1.2265000E+04   1.1559705E+02   9.5371505E+04   1.2809371E+02   2.0843212E+00   1.0421606E+00
     1.2296000E+04   1.1558798E+02   7.8934623E+04   1.2809371E+02   2.0752500E+00   1.0376250E+00
     1.2327000E+04   1.1562501E+02   1.5417766E+05   1.2809371E+02   2.1122802E+00   1.0561401E+00
     1.2357000E+04   1.1561381E+02   1.2917393E+05   1.2809371E+02   2.1010806E+00   1.0505403E+00
     1.2388000E+04   1.1569060E+02   3.3180202E+05   1.2809371E+02   2.1778712E+00   1.0889356E+00
     1.2418000E+04   1.1667680E+02   7.6061420E+06   1.2809371E+02   3.1640684E+00   1.5820342E+00
     1.2449000E+04   1.1883569E+02   4.3653970E+07   1.2809371E+02   5.3229585E+00   2.6614793E+00
     1.2480000E+04   1.1700895E+02   1.1550018E+07   1.2809371E+02   3.4962184E+00   1.7481092E+00
     1.2509000E+04   1.1826309E+02   3.1859382E+07   1.2809371E+02   4.7503665E+00   2.3751832E+00
     1.2540000E+04   1.1600721E+02   1.8269046E+06   1.2809371E+02   2.4944818E+00   1.2472409E+00
     1.2570000E+04   1.1588144E+02   1.1196715E+06   1.2809371E+02   2.3687132E+00   1.1843566E+00
     1.2601000E+04   1.1562254E+02   1.4857897E+05   1.2809371E+02   2.1098099E+00   1.0549050E+00
     1.2631000E+04   1.1559979E+02   1.0069727E+05   1.2809371E+02   2.0870657E+00   1.0435328E+00
     1.2662000E+04   1.1558467E+02   7.3240217E+04   1.2809371E+02   2.0719466E+00   1.0359733E+00
     1.2693000E+04   1.1558845E+02   7.9750451E+04   1.2809371E+02   2.0757208E+00   1.0378604E+00
     1.2723000E+04   1.1563248E+02   1.7156994E+05   1.2809371E+02   2.1197486E+00   1.0598743E+00
     1.2754000E+04   1.1648396E+02   5.6313179E+06   1.2809371E+02   2.9712300E+00   1.4856150E+00
     1.2784000E+04   1.1624060E+02   3.4807433E+06   1.2809371E+02   2.7278721E+00   1.3639360E+00
     1.2815000E+04   1.1832564E+02   3.3090807E+07   1.2809371E+02   4.8129080E+00   2.4064540E+00
     1.2846000E+04   1.1741169E+02   1.7191727E+07   1.2809371E+02   3.8989636E+00   1.9494818E+00
     1.2874000E+04   1.1693501E+02   1.0623105E+07   1.2809371E+02   3.4222813E+00   1.7111407E+00
     1.2905000E+04   1.1710253E+02   1.2785229E+07   1.2809371E+02   3.5897982E+00   1.7948991E+00
     1.2935000E+04   1.1613371E+02   2.6699926E+06   1.2809371E+02   2.6209801E+00   1.3104900E+00
     1.2966000E+04   1.1661473E+02   6.9423350E+06   1.2809371E+02   3.1019988E+00   1.5509994E+00
     1.2996000E+04   1.1585895E+02   1.0078360E+06   1.2809371E+02   2.3462272E+00   1.1731136E+00
     1.3027000E+04   1.1558014E+02   6.5715798E+04   1.2809371E+02   2.0674178E+00   1.0337089E+00
     1.3058000E+04   1.1558920E+02   8.1086158E+04   1.2809371E+02   2.0764749E+00   1.0382374E+00
     1.3088000E+04   1.1559310E+02   8.8032343E+04   1.2809371E+02   2.0803732E+00   1.0401866E+00
     1.3119000E+04   1.1595579E+02   1.5201789E+06   1.2809371E+02   2.4430621E+00   1.2215310E+00
     1.3149000E+04   1.1636316E+02   4.5077444E+06   1.2809371E+02   2.8504292E+00   1.4252146E+00
     1.3180000E+04   1.1951085E+02   5.9448764E+07   1.2809371E+02   5.9981183E+00   2.9990592E+00
     1.3211000E+04   1.1743452E+02   1.7532917E+07   1.2809371E+02   3.9217900E+00   1.9608950E+00
     1.3239000E+04   1.1713308E+02   1.3196838E+07   1.2809371E+02   3.6203541E+00   1.8101771E+00
     1.3270000E+04   1.1797625E+02   2.6521882E+07   1.2809371E+02   4.4635234E+00   2.2317617E+00
     1.3300000E+04   1.1735152E+02   1.6289952E+07   1.2809371E+02   3.8387888E+00   1.9193944E+00
     1.3331000E+04   1.1578640E+02   6.8252539E+05   1.2809371E+02   2.2736711E+00   1.1368355E+00
     1.3361000E+04   1.1559505E+02   9.1673983E+04   1.2809371E+02   2.0823223E+00   1.0411612E+00
     1.3392000E+04   1.1558437E+02   7.2738837E+04   1.2809371E+02   2.0716477E+00   1.0358239E+00
     1.3423000E+04   1.1558565E+02   7.4896784E+04   1.2809371E+02   2.0729275E+00   1.0364637E+00
     1.3453000E+04   1.1558901E+02   8.0672155E+04   1.2809371E+02   2.0762807E+00   1.0381404E+00
     1.3484000E+04   1.1573209E+02   4.7176994E+05   1.2809371E+02   2.2193646E+00   1.1096823E+00
     1.3514000E+04   1.1663322E+02   7.1387511E+06   1.2809371E+02   3.1204965E+00   1.5602482E+00
     1.3545000E+04   1.1744457E+02   1.7680557E+07   1.2809371E+02   3.9318409E+00   1.9659204E+00
     1.3576000E+04   1.1571833E+02   4.2317493E+05   1.2809371E+02   2.2056046E+00   1.1028023E+00
     1.3604000E+04   1.1805300E+02   2.7910570E+07   1.2809371E+02   4.5402747E+00   2.2701373E+00
     1.3635000E+04   1.1568184E+02   3.0517957E+05   1.2809371E+02   2.1691139E+00   1.0845569E+00
     1.3665000E+04   1.1617034E+02   2.9373910E+06   1.2809371E+02   2.6576107E+00   1.3288053E+00
     1.3696000E+04   1.1573218E+02   4.7181077E+05   1.2809371E+02   2.2194505E+00   1.1097252E+00
     1.3726000E+04   1.1558404E+02   7.2120260E+04   1.2809371E+02   2.0713170E+00   1.0356585E+00
     1.3757000E+04   1.1561243E+02   1.2640696E+05   1.2809371E+02   2.0997063E+00   1.0498531E+00
     1.3788000E+04   1.1558444E+02   7.2832563E+04   1.2809371E+02   2.0717128E+00   1.0358564E+00
     1.3818000E+04   1.1563935E+02   1.8851697E+05   1.2809371E+02   2.1266277E+00   1.0633138E+00
     1.3849000E+04   1.1628848E+02   3.8674369E+06   1.2809371E+02   2.7757556E+00   1.3878778E+00
     1.3879000E+04   1.1583407E+02   8.9122495E+05   1.2809371E+02   2.3213410E+00   1.1606705E+00
     1.3910000E+04   1.1727559E+02   1.5179275E+07   1.2809371E+02   3.7628651E+00   1.8814326E+00
     1.3941000E+04   1.1877873E+02   4.2434075E+07   1.2809371E+02   5.2660072E+00   2.6330036E+00
     1.3970000E+04   1.1691226E+02   1.0339799E+07   1.2809371E+02   3.3995327E+00   1.6997663E+00
     1.4001000E+04   1.1570252E+02   3.7002480E+05   1.2809371E+02   2.1897954E+00   1.0948977E+00
     1.4031000E+04   1.1568184E+02   3.0528940E+05   1.2809371E+02   2.1691171E+00   1.0845586E+00
     1.4062000E+04   1.1562276E+02   1.4930558E+05   1.2809371E+02   2.1100310E+00   1.0550155E+00
     1.4092000E+04   1.1558060E+02   6.6401122E+04   1.2809371E+02   2.0678693E+00   1.0339346E+00
     1.4123000E+04   1.1557298E+02   5.4496307E+04   1.2809371E+02   2.0602527E+00   1.0301263E+00
     1.4154000E+04   1.1558140E+02   6.7773866E+04   1.2809371E+02   2.0686773E+00   1.0343387E+00
     1.4184000E+04   1.1559179E+02   8.5672614E+04   1.2809371E+02   2.0790606E+00   1.0395303E+00
     1.4215000E+04   1.1598133E+02   1.6692212E+06   1.2809371E+02   2.4685988E+00   1.2342994E+00
     1.4245000E+04   1.1638506E+02   4.7040350E+06   1.2809371E+02   2.8723283E+00   1.4361641E+00
     1.4276000E+04   1.1673160E+02   8.2030326E+06   1.2809371E+02   3.2188699E+00   1.6094349E+00
     1.4307000E+04   1.1580577E+02   7.6456164E+05   1.2809371E+02   2.2930417E+00   1.1465209E+00
     1.4335000E+04   1.1837844E+02   3.4131719E+07   1.2809371E+02   4.8657123E+00   2.4328561E+00
     1.4366000E+04   1.1628698E+02   3.8570287E+06   1.2809371E+02   2.7742572E+00   1.3871286E+00
     1.4396000E+04   1.1577588E+02   6.3907446E+05   1.2809371E+02   2.2631573E+00   1.1315787E+00
     1.4427000E+04   1.1620833E+02   3.2245470E+06   1.2809371E+02   2.6956024E+00   1.3478012E+00
     1.4457000E+04   1.1560810E+02   1.1744529E+05   1.2809371E+02   2.0953738E+00   1.0476869E+00
     1.4488000E+04   1.1557147E+02   5.2235276E+04   1.2809371E+02   2.0587392E+00   1.0293696E+00
     1.4519000E+04   1.1557970E+02   6.4987452E+04   1.2809371E+02   2.0669700E+00   1.0334850E+00
     1.4549000E+04   1.1564119E+02   1.9323790E+05   1.2809371E+02   2.1284656E+00   1.0642328E+00
     1.4580000E+04   1.1644354E+02   5.2447129E+06   1.2809371E+02   2.9308149E+00   1.4654074E+00
     1.4610000E+04   1.1596423E+02   1.5684316E+06   1.2809371E+02   2.4515020E+00   1.2257510E+00
     1.4641000E+04   1.1664277E+02   7.2350602E+06   1.2809371E+02   3.1300423E+00   1.5650211E+00
     1.4672000E+04   1.1846363E+02   3.5837075E+07   1.2809371E+02   4.9508995E+00   2.4754498E+00
     1.4700000E+04   1.1727466E+02   1.5173129E+07   1.2809371E+02   3.7619334E+00   1.8809667E+00
     1.4731000E+04   1.1641436E+02   4.9692703E+06   1.2809371E+02   2.9016362E+00   1.4508181E+00
     1.4761000E+04   1.1719073E+02   1.3989844E+07   1.2809371E+02   3.6780021E+00   1.8390011E+00
     1.4792000E+04   1.1607759E+02   2.2804748E+06   1.2809371E+02   2.5648642E+00   1.2824321E+00
     1.4822000E+04   1.1559742E+02   9.6117623E+04   1.2809371E+02   2.0846918E+00   1.0423459E+00
     1.4853000E+04   1.1557197E+02   5.2990786E+04   1.2809371E+02   2.0592463E+00   1.0296232E+00
     1.4884000E+04   1.1557837E+02   6.2847404E+04   1.2809371E+02   2.0656380E+00   1.0328190E+00
     1.4914000E+04   1.1561876E+02   1.3986246E+05   1.2809371E+02   2.1060333E+00   1.0530167E+00
     1.4945000E+04   1.1672179E+02   8.1003158E+06   1.2809371E+02   3.2090582E+00   1.6045291E+00
     1.4975000E+04   1.1664139E+02   7.2234516E+06   1.2809371E+02   3.1286608E+00   1.5643304E+00
     1.5006000E+04   1.1817361E+02   3.0165251E+07   1.2809371E+02   4.6608844E+00   2.3304422E+00
     1.5037000E+04   1.1619961E+02   3.1582318E+06   1.2809371E+02   2.6868835E+00   1.3434418E+00
     1.5065000E+04   1.1735951E+02   1.6408251E+07   1.2809371E+02   3.8467825E+00   1.9233912E+00
     1.5096000E+04   1.1814177E+02   2.9560112E+07   1.2809371E+02   4.6290389E+00   2.3145195E+00
     1.5126000E+04   1.1579621E+02   7.2273091E+05   1.2809371E+02   2.2834859E+00   1.1417429E+00
     1.5157000E+04   1.1609155E+02   2.3747351E+06   1.2809371E+02   2.5788246E+00   1.2894123E+00
     1.5187000E+04   1.1611214E+02   2.5185328E+06   1.2809371E+02   2.5994080E+00   1.2997040E+00
     1.5218000E+04   1.1556939E+02   4.9195991E+04   1.2809371E+02   2.0566630E+00   1.0283315E+00
     1.5249000E+04   1.1557776E+02   6.1905916E+04   1.2809371E+02   2.0650359E+00   1.0325179E+00
     1.5279000E+04   1.1560676E+02   1.1481691E+05   1.2809371E+02   2.0940359E+00   1.0470179E+00
     1.5310000E+04   1.1608102E+02   2.3033236E+06   1.2809371E+02   2.5682974E+00   1.2841487E+00
     1.5340000E+04   1.1615582E+02   2.8313579E+06   1.2809371E+02   2.6430910E+00   1.3215455E+00
     1.5371000E+04   1.1565465E+02   2.2789069E+05   1.2809371E+02   2.1419274E+00   1.0709637E+00
     1.5402000E+04   1.1732987E+02   1.5971461E+07   1.2809371E+02   3.8171396E+00   1.9085698E+00
     1.5431000E+04   1.1600148E+02   1.7914599E+06   1.2809371E+02   2.4887529E+00   1.2443765E+00
     1.5462000E+04   1.1765172E+02   2.0963746E+07   1.2809371E+02   4.1389968E+00   2.0694984E+00
     1.5492000E+04   1.1625235E+02   3.5748545E+06   1.2809371E+02   2.7396195E+00   1.3698098E+00
     1.5523000E+04   1.1565309E+02   2.2376745E+05   1.2809371E+02   2.1403604E+00   1.0701802E+00
     1.5553000E+04   1.1560479E+02   1.1065342E+05   1.2809371E+02   2.0920656E+00   1.0460328E+00
     1.5584000E+04   1.1556816E+02   4.7469442E+04   1.2809371E+02   2.0554360E+00   1.0277180E+00
     1.5615000E+04   1.1557561E+02   5.8506534E+04   1.2809371E+02   2.0628798E+00   1.0314399E+00
     1.5645000E+04   1.1557956E+02   6.4694628E+04   1.2809371E+02   2.0668307E+00   1.0334154E+00
     1.5676000E+04   1.1592037E+02   1.3253370E+06   1.2809371E+02   2.4076395E+00   1.2038197E+00
     1.5706000E+04   1.1758092E+02   1.9819466E+07   1.2809371E+02   4.0681894E+00   2.0340947E+00
     1.5737000E+04   1.1831282E+02   3.2831022E+07   1.2809371E+02   4.8000956E+00   2.4000478E+00
     1.5768000E+04   1.1582540E+02   8.5101550E+05   1.2809371E+02   2.3126778E+00   1.1563389E+00
     1.5796000E+04   1.1570377E+02   3.7457844E+05   1.2809371E+02   2.1910402E+00   1.0955201E+00
     1.5827000E+04   1.1590658E+02   1.2503275E+06   1.2809371E+02   2.3938576E+00   1.1969288E+00
     1.5857000E+04   1.1594762E+02   1.4753870E+06   1.2809371E+02   2.4348941E+00   1.2174471E+00
     1.5888000E+04   1.1565620E+02   2.3226694E+05   1.2809371E+02   2.1434747E+00   1.0717374E+00
     1.5918000E+04   1.1585942E+02   1.0106494E+06   1.2809371E+02   2.3466920E+00   1.1733460E+00
     1.5949000E+04   1.1556582E+02   4.4152627E+04   1.2809371E+02   2.0530939E+00   1.0265469E+00
     1.5980000E+04   1.1557447E+02   5.6761874E+04   1.2809371E+02   2.0617401E+00   1.0308700E+00
     1.6010000E+04   1.1576703E+02   6.0375855E+05   1.2809371E+02   2.2543050E+00   1.1271525E+00
     1.6041000E+04   1.1560722E+02   1.1537560E+05   1.2809371E+02   2.0944961E+00   1.0472481E+00
     1.6071000E+04   1.1593645E+02   1.4129467E+06   1.2809371E+02   2.4237189E+00   1.2118594E+00
     1.6102000E+04   1.1572967E+02   4.6292202E+05   1.2809371E+02   2.2169428E+00   1.1084714E+00
     1.6133000E+04   1.1563242E+02   1.7145695E+05   1.2809371E+02   2.1196942E+00   1.0598471E+00
     1.6161000E+04   1.1839124E+02   3.4380588E+07   1.2809371E+02   4.8785126E+00   2.4392563E+00
     1.6192000E+04   1.1632287E+02   4.1601253E+06   1.2809371E+02   2.8101467E+00   1.4050734E+00
     1.6222000E+04   1.1617972E+02   3.0092517E+06   1.2809371E+02   2.6669907E+00   1.3334953E+00
     1.6253000E+04   1.1561066E+02   1.2262766E+05   1.2809371E+02   2.0979288E+00   1.0489644E+00
     1.6283000E+04   1.1557478E+02   5.7186072E+04   1.2809371E+02   2.0620569E+00   1.0310285E+00
     1.6314000E+04   1.1556426E+02   4.2008378E+04   1.2809371E+02   2.0515346E+00   1.0257673E+00
     1.6345000E+04   1.1558072E+02   6.6750240E+04   1.2809371E+02   2.0679901E+00   1.0339951E+00
     1.6375000E+04   1.1573899E+02   4.9663670E+05   1.2809371E+02   2.2262610E+00   1.1131305E+00
     1.6406000E+04   1.1580369E+02   7.5446396E+05   1.2809371E+02   2.2909589E+00   1.1454794E+00
     1.6436000E+04   1.1638378E+02   4.6932970E+06   1.2809371E+02   2.8710529E+00   1.4355265E+00
     1.6467000E+04   1.1883697E+02   4.3710000E+07   1.2809371E+02   5.3242451E+00   2.6621225E+00
     1.6498000E+04   1.1560592E+02   1.1274754E+05   1.2809371E+02   2.0931932E+00   1.0465966E+00
     1.6526000E+04   1.1681674E+02   9.1856989E+06   1.2809371E+02   3.3040097E+00   1.6520048E+00
     1.6557000E+04   1.1564931E+02   2.1391309E+05   1.2809371E+02   2.1365815E+00   1.0682908E+00
     1.6587000E+04   1.1602898E+02   1.9634342E+06   1.2809371E+02   2.5162544E+00   1.2581272E+00
     1.6618000E+04   1.1561061E+02   1.2255655E+05   1.2809371E+02   2.0978849E+00   1.0489425E+00
     1.6648000E+04   1.1563613E+02   1.8065903E+05   1.2809371E+02   2.1234054E+00   1.0617027E+00
     1.6679000E+04   1.1561601E+02   1.3437709E+05   1.2809371E+02   2.1032790E+00   1.0516395E+00
     1.6710000E+04   1.1558397E+02   7.2149566E+04   1.2809371E+02   2.0712399E+00   1.0356200E+00
     1.6740000E+04   1.1572181E+02   4.3482438E+05   1.2809371E+02   2.2090791E+00   1.1045395E+00
     1.6771000E+04   1.1560895E+02   1.1903553E+05   1.2809371E+02   2.0962228E+00   1.0481114E+00
     1.6801000E+04   1.1598881E+02   1.7156617E+06   1.2809371E+02   2.4760831E+00   1.2380415E+00
     1.6832000E+04   1.1741626E+02   1.7254895E+07   1.2809371E+02   3.9035349E+00   1.9517675E+00
     1.6863000E+04   1.1813760E+02   2.9487658E+07   1.2809371E+02   4.6248687E+00   2.3124344E+00
     1.6892000E+04   1.1592411E+02   1.3442963E+06   1.2809371E+02   2.4113787E+00   1.2056894E+00
     1.6923000E+04   1.1790434E+02   2.5253291E+07   1.2809371E+02   4.3916180E+00   2.1958090E+00
     1.6953000E+04   1.1596583E+02   1.5800375E+06   1.2809371E+02   2.4531057E+00   1.2265529E+00
     1.6984000E+04   1.1568290E+02   3.0871532E+05   1.2809371E+02   2.1701702E+00   1.0850851E+00
     1.7014000E+04   1.1558195E+02   6.8682106E+04   1.2809371E+02   2.0692221E+00   1.0346111E+00
     1.7045000E+04   1.1555750E+02   3.3222053E+04   1.2809371E+02   2.0447753E+00   1.0223877E+00
     1.7076000E+04   1.1556856E+02   4.7995138E+04   1.2809371E+02   2.0558362E+00   1.0279181E+00
     1.7106000E+04   1.1557226E+02   5.3346469E+04   1.2809371E+02   2.0595343E+00   1.0297672E+00
     1.7137000E+04   1.1678179E+02   8.7836354E+06   1.2809371E+02   3.2690617E+00   1.6345309E+00
     1.7167000E+04   1.1650496E+02   5.8274668E+06   1.2809371E+02   2.9922330E+00   1.4961165E+00
     1.7198000E+04   1.1748498E+02   1.8310341E+07   1.2809371E+02   3.9722568E+00   1.9861284E+00
     1.7229000E+04   1.1933663E+02   5.5197316E+07   1.2809371E+02   5.8239044E+00   2.9119522E+00
     1.7257000E+04   1.1888652E+02   4.4796989E+07   1.2809371E+02   5.3737931E+00   2.6868966E+00
     1.7288000E+04   1.1633561E+02   4.2722419E+06   1.2809371E+02   2.8228802E+00   1.4114401E+00
     1.7318000E+04   1.1652170E+02   5.9934870E+06   1.2809371E+02   3.0089771E+00   1.5044886E+00
     1.7349000E+04   1.1558039E+02   6.6086015E+04   1.2809371E+02   2.0676679E+00   1.0338339E+00
     1.7379000E+04   1.1568478E+02   3.1466053E+05   1.2809371E+02   2.1720493E+00   1.0860247E+00
     1.7410000E+04   1.1555669E+02   3.2230624E+04   1.2809371E+02   2.0439667E+00   1.0219833E+00
     1.7441000E+04   1.1556612E+02   4.4538197E+04   1.2809371E+02   2.0533943E+00   1.0266971E+00
     1.7471000E+04   1.1560610E+02   1.1320440E+05   1.2809371E+02   2.0933689E+00   1.0466844E+00
     1.7502000E+04   1.1569008E+02   3.3079831E+05   1.2809371E+02   2.1773574E+00   1.0886787E+00
     1.7532000E+04   1.1689700E+02   1.0149022E+07   1.2809371E+02   3.3842703E+00   1.6921351E+00
     1.7563000E+04   1.1561998E+02   1.4268337E+05   1.2809371E+02   2.1072484E+00   1.0536242E+00
     1.7594000E+04   1.1731118E+02   1.5700711E+07   1.2809371E+02   3.7984568E+00   1.8992284E+00
     1.7622000E+04   1.1564743E+02   2.0902465E+05   1.2809371E+02   2.1347060E+00   1.0673530E+00
     1.7653000E+04   1.1739278E+02   1.6911354E+07   1.2809371E+02   3.8800532E+00   1.9400266E+00
     1.7683000E+04   1.1651216E+02   5.9030351E+06   1.2809371E+02   2.9994340E+00   1.4997170E+00
     1.7714000E+04   1.1561972E+02   1.4229927E+05   1.2809371E+02   2.1069900E+00   1.0534950E+00
     1.7744000E+04   1.1556662E+02   4.5201892E+04   1.2809371E+02   2.0538937E+00   1.0269469E+00
     1.7775000E+04   1.1555513E+02   3.0347179E+04   1.2809371E+02   2.0424051E+00   1.0212025E+00
     1.7806000E+04   1.1556515E+02   4.3205659E+04   1.2809371E+02   2.0524267E+00   1.0262133E+00
     1.7836000E+04   1.1558904E+02   8.0839583E+04   1.2809371E+02   2.0763148E+00   1.0381574E+00
