 "GAGE No.  809:  K,I,J Coord. =     1,   20,   30;  STREAM SEGMENT =    15;  REACH =    18 "
     "DATA: Time           Stage            Flow     Conductance        HeadDiff       Hyd.Grad."
     3.1000000E+01   4.1550351E+02   9.7730324E+04   3.4005447E+02  -2.4980457E+00  -1.2490229E+00
     6.2000000E+01   4.1805984E+02   2.1581303E+07   3.4005447E+02   5.2408166E-02   2.6204083E-02
     9.0000000E+01   4.1624301E+02   3.1831633E+06   3.4005447E+02  -1.7663576E+00  -8.8317881E-01
     1.2100000E+02   4.1596325E+02   1.6267919E+06   3.4005447E+02  -2.0477921E+00  -1.0238961E+00
     1.5100000E+02   4.1552909E+02   1.4081779E+05   3.4005447E+02  -2.4834552E+00  -1.2417276E+00
     1.8200000E+02   4.1545483E+02   3.4310483E+04   3.4005447E+02  -2.5592512E+00  -1.2796256E+00
     2.1200000E+02   4.1556856E+02   2.1910129E+05   3.4005447E+02  -2.4470273E+00  -1.2235137E+00
     2.4300000E+02   4.1546297E+02   4.3069578E+04   3.4005447E+02  -2.5541525E+00  -1.2770763E+00
     2.7400000E+02   4.1546173E+02   4.1688024E+04   3.4005447E+02  -2.5569208E+00  -1.2784604E+00
     3.0400000E+02   4.1545824E+02   3.7884294E+04   3.4005447E+02  -2.5618945E+00  -1.2809472E+00
     3.3500000E+02   4.1595063E+02   1.5665943E+06   3.4005447E+02  -2.0711669E+00  -1.0355835E+00
     3.6500000E+02   4.1708136E+02   1.0051198E+07   3.4005447E+02  -9.4376363E-01  -4.7188181E-01
     3.9600000E+02   4.1727737E+02   1.2078014E+07   3.4005447E+02  -7.5157858E-01  -3.7578929E-01
     4.2700000E+02   4.1630133E+02   3.5582236E+06   3.4005447E+02  -1.7298849E+00  -8.6494245E-01
     4.5500000E+02   4.1552530E+02   1.3402405E+05   3.4005447E+02  -2.5073061E+00  -1.2536531E+00
     4.8600000E+02   4.1635365E+02   3.9087453E+06   3.4005447E+02  -1.6810215E+00  -8.4051075E-01
     5.1600000E+02   4.1576454E+02   7.8882175E+05   3.4005447E+02  -2.2716830E+00  -1.1358415E+00
     5.4700000E+02   4.1557237E+02   2.2735188E+05   3.4005447E+02  -2.4653955E+00  -1.2326978E+00
     5.7700000E+02   4.1546219E+02   4.2186353E+04   3.4005447E+02  -2.5770359E+00  -1.2885179E+00
     6.0800000E+02   4.1546314E+02   4.3247399E+04   3.4005447E+02  -2.5776001E+00  -1.2888000E+00
     6.3900000E+02   4.1548016E+02   6.4069977E+04   3.4005447E+02  -2.5620916E+00  -1.2810458E+00
     6.6900000E+02   4.1554027E+02   1.6157133E+05   3.4005447E+02  -2.5034620E+00  -1.2517310E+00
     7.0000000E+02   4.1559366E+02   2.7581902E+05   3.4005447E+02  -2.4516147E+00  -1.2258073E+00
     7.3000000E+02   4.1599782E+02   1.7962891E+06   3.4005447E+02  -2.0490953E+00  -1.0245477E+00
     7.6100000E+02   4.1671105E+02   6.6412337E+06   3.4005447E+02  -1.3386762E+00  -6.6933810E-01
     7.9200000E+02   4.1607172E+02   2.1808661E+06   3.4005447E+02  -1.9799641E+00  -9.8998203E-01
     8.2100000E+02   4.1618657E+02   2.8362803E+06   3.4005447E+02  -1.8670169E+00  -9.3350846E-01
     8.5200000E+02   4.1572578E+02   6.5436081E+05   3.4005447E+02  -2.3293766E+00  -1.1646883E+00
     8.8200000E+02   4.1591824E+02   1.4162484E+06   3.4005447E+02  -2.1384896E+00  -1.0692448E+00
     9.1300000E+02   4.1550079E+02   9.3496304E+04   3.4005447E+02  -2.5574537E+00  -1.2787269E+00
     9.4300000E+02   4.1551085E+02   1.0942153E+05   3.4005447E+02  -2.5488549E+00  -1.2744275E+00
     9.7400000E+02   4.1546981E+02   5.1021728E+04   3.4005447E+02  -2.5913836E+00  -1.2956918E+00
     1.0050000E+03   4.1548789E+02   7.4570133E+04   3.4005447E+02  -2.5748120E+00  -1.2874060E+00
     1.0350000E+03   4.1568046E+02   5.1015896E+05   3.4005447E+02  -2.3837366E+00  -1.1918683E+00
     1.0660000E+03   4.1607320E+02   2.1888796E+06   3.4005447E+02  -1.9926676E+00  -9.9633378E-01
     1.0960000E+03   4.1677079E+02   7.1529272E+06   3.4005447E+02  -1.2978169E+00  -6.4890846E-01
     1.1270000E+03   4.1643777E+02   4.4995837E+06   3.4005447E+02  -1.6332320E+00  -8.1661599E-01
     1.1580000E+03   4.1765093E+02   1.6341652E+07   3.4005447E+02  -4.2492640E-01  -2.1246320E-01
     1.1860000E+03   4.1696240E+02   8.8946445E+06   3.4005447E+02  -1.1164400E+00  -5.5821998E-01
     1.2170000E+03   4.1604156E+02   2.0203162E+06   3.4005447E+02  -2.0389163E+00  -1.0194582E+00
     1.2470000E+03   4.1549975E+02   9.1905766E+04   3.4005447E+02  -2.5821597E+00  -1.2910798E+00
     1.2780000E+03   4.1547254E+02   5.4333947E+04   3.4005447E+02  -2.6108461E+00  -1.3054231E+00
     1.3080000E+03   4.1544454E+02   2.4395074E+04   3.4005447E+02  -2.6402682E+00  -1.3201341E+00
     1.3390000E+03   4.1546382E+02   4.4002593E+04   3.4005447E+02  -2.6224615E+00  -1.3112307E+00
     1.3700000E+03   4.1546556E+02   4.5997961E+04   3.4005447E+02  -2.6221888E+00  -1.3110944E+00
     1.4000000E+03   4.1567110E+02   4.8217209E+05   3.4005447E+02  -2.4181214E+00  -1.2090607E+00
     1.4310000E+03   4.1603587E+02   1.9905909E+06   3.4005447E+02  -2.0549853E+00  -1.0274927E+00
     1.4610000E+03   4.1762528E+02   1.6032582E+07   3.4005447E+02  -4.6995600E-01  -2.3497800E-01
     1.4920000E+03   4.1657032E+02   5.4968486E+06   3.4005447E+02  -1.5274534E+00  -7.6372672E-01
     1.5230000E+03   4.1690210E+02   8.3302336E+06   3.4005447E+02  -1.1988587E+00  -5.9942936E-01
     1.5510000E+03   4.1627323E+02   3.3753742E+06   3.4005447E+02  -1.8296425E+00  -9.1482127E-01
     1.5820000E+03   4.1690071E+02   8.3173681E+06   3.4005447E+02  -1.2050993E+00  -6.0254964E-01
     1.6120000E+03   4.1600278E+02   1.8211451E+06   3.4005447E+02  -2.1045819E+00  -1.0522910E+00
     1.6430000E+03   4.1547020E+02   5.1460147E+04   3.4005447E+02  -2.6386147E+00  -1.3193074E+00
     1.6730000E+03   4.1545809E+02   3.7688298E+04   3.4005447E+02  -2.6521227E+00  -1.3260614E+00
     1.7040000E+03   4.1573945E+02   7.0062360E+05   3.4005447E+02  -2.3722809E+00  -1.1861405E+00
     1.7350000E+03   4.1547088E+02   5.2286325E+04   3.4005447E+02  -2.6423063E+00  -1.3211531E+00
     1.7650000E+03   4.1545771E+02   3.7295044E+04   3.4005447E+02  -2.6568639E+00  -1.3284320E+00
     1.7960000E+03   4.1576780E+02   8.0058089E+05   3.4005447E+02  -2.3483076E+00  -1.1741538E+00
     1.8260000E+03   4.1576585E+02   7.9354281E+05   3.4005447E+02  -2.3517348E+00  -1.1758674E+00
     1.8570000E+03   4.1647727E+02   4.7884005E+06   3.4005447E+02  -1.6426532E+00  -8.2132661E-01
     1.8880000E+03   4.1597970E+02   1.7065690E+06   3.4005447E+02  -2.1420063E+00  -1.0710032E+00
     1.9160000E+03   4.1735422E+02   1.2912801E+07   3.4005447E+02  -7.7116928E-01  -3.8558464E-01
     1.9470000E+03   4.1685933E+02   7.9388718E+06   3.4005447E+02  -1.2689205E+00  -6.3446023E-01
     1.9770000E+03   4.1587837E+02   1.2396017E+06   3.4005447E+02  -2.2513769E+00  -1.1256885E+00
     2.0080000E+03   4.1547724E+02   6.0238398E+04   3.4005447E+02  -2.6539434E+00  -1.3269717E+00
     2.0380000E+03   4.1548304E+02   6.7886261E+04   3.4005447E+02  -2.6495270E+00  -1.3247635E+00
     2.0690000E+03   4.1551458E+02   1.1556898E+05   3.4005447E+02  -2.6194283E+00  -1.3097141E+00
     2.1000000E+03   4.1548620E+02   7.2204260E+04   3.4005447E+02  -2.6492420E+00  -1.3246210E+00
     2.1300000E+03   4.1546692E+02   4.7567726E+04   3.4005447E+02  -2.6699040E+00  -1.3349520E+00
     2.1610000E+03   4.1620308E+02   2.9360616E+06   3.4005447E+02  -1.9353825E+00  -9.6769125E-01
     2.1910000E+03   4.1581125E+02   9.6392759E+05   3.4005447E+02  -2.3286886E+00  -1.1643443E+00
     2.2220000E+03   4.1576599E+02   7.9401460E+05   3.4005447E+02  -2.3754570E+00  -1.1877285E+00
     2.2530000E+03   4.1554460E+02   1.6989466E+05   3.4005447E+02  -2.5982853E+00  -1.2991427E+00
     2.2820000E+03   4.1601013E+02   1.8582555E+06   3.4005447E+02  -2.1343876E+00  -1.0671938E+00
     2.3130000E+03   4.1575152E+02   7.4252292E+05   3.4005447E+02  -2.3944955E+00  -1.1972478E+00
     2.3430000E+03   4.1596071E+02   1.6145340E+06   3.4005447E+02  -2.1868217E+00  -1.0934109E+00
     2.3740000E+03   4.1545303E+02   3.2451981E+04   3.4005447E+02  -2.6959116E+00  -1.3479558E+00
     2.4040000E+03   4.1546609E+02   4.6603472E+04   3.4005447E+02  -2.6842198E+00  -1.3421099E+00
     2.4350000E+03   4.1546861E+02   4.9554723E+04   3.4005447E+02  -2.6831267E+00  -1.3415633E+00
     2.4660000E+03   4.1566534E+02   4.6523683E+05   3.4005447E+02  -2.4878677E+00  -1.2439339E+00
     2.4960000E+03   4.1560946E+02   3.1412295E+05   3.4005447E+02  -2.5451586E+00  -1.2725793E+00
     2.5270000E+03   4.1559393E+02   2.7643119E+05   3.4005447E+02  -2.5621343E+00  -1.2810671E+00
     2.5570000E+03   4.1585111E+02   1.1243124E+06   3.4005447E+02  -2.3064285E+00  -1.1532143E+00
     2.5880000E+03   4.1565956E+02   4.4853355E+05   3.4005447E+02  -2.4994449E+00  -1.2497224E+00
     2.6190000E+03   4.1598029E+02   1.7094786E+06   3.4005447E+02  -2.1804844E+00  -1.0902422E+00
     2.6470000E+03   4.1589504E+02   1.3122851E+06   3.4005447E+02  -2.2671883E+00  -1.1335942E+00
     2.6780000E+03   4.1588760E+02   1.2796358E+06   3.4005447E+02  -2.2761564E+00  -1.1380782E+00
     2.7080000E+03   4.1557943E+02   2.4299146E+05   3.4005447E+02  -2.5857166E+00  -1.2928583E+00
     2.7390000E+03   4.1574356E+02   7.1475722E+05   3.4005447E+02  -2.4230791E+00  -1.2115396E+00
     2.7690000E+03   4.1546141E+02   4.1296283E+04   3.4005447E+02  -2.7065869E+00  -1.3532935E+00
     2.8000000E+03   4.1546524E+02   4.5616182E+04   3.4005447E+02  -2.7041641E+00  -1.3520821E+00
     2.8310000E+03   4.1547231E+02   5.4048265E+04   3.4005447E+02  -2.6984926E+00  -1.3492463E+00
     2.8610000E+03   4.1579097E+02   8.8619712E+05   3.4005447E+02  -2.3812826E+00  -1.1906413E+00
     2.8920000E+03   4.1567337E+02   4.8887761E+05   3.4005447E+02  -2.5003459E+00  -1.2501730E+00
     2.9220000E+03   4.1674764E+02   6.9527895E+06   3.4005447E+02  -1.4286758E+00  -7.1433790E-01
     2.9530000E+03   4.1678744E+02   7.2981684E+06   3.4005447E+02  -1.3916561E+00  -6.9582804E-01
     2.9840000E+03   4.1755094E+02   1.5150188E+07   3.4005447E+02  -6.3268948E-01  -3.1634474E-01
     3.0120000E+03   4.1684576E+02   7.8162373E+06   3.4005447E+02  -1.3405967E+00  -6.7029834E-01
     3.0430000E+03   4.1637984E+02   4.0890635E+06   3.4005447E+02  -1.8085057E+00  -9.0425284E-01
     3.0730000E+03   4.1617129E+02   2.7451359E+06   3.4005447E+02  -2.0187646E+00  -1.0093823E+00
     3.1040000E+03   4.1549702E+02   8.7767214E+04   3.4005447E+02  -2.6944471E+00  -1.3472236E+00
     3.1340000E+03   4.1545287E+02   3.2283347E+04   3.4005447E+02  -2.7399532E+00  -1.3699766E+00
     3.1650000E+03   4.1546501E+02   4.5346258E+04   3.4005447E+02  -2.7292117E+00  -1.3646058E+00
     3.1960000E+03   4.1546590E+02   4.6370442E+04   3.4005447E+02  -2.7297240E+00  -1.3648620E+00
     3.2260000E+03   4.1574496E+02   7.1962866E+05   3.4005447E+02  -2.4520880E+00  -1.2260440E+00
     3.2570000E+03   4.1543661E+02   1.7700909E+04   3.4005447E+02  -2.7618326E+00  -1.3809163E+00
     3.2870000E+03   4.1582430E+02   1.0153714E+06   3.4005447E+02  -2.3755879E+00  -1.1877939E+00
     3.3180000E+03   4.1559194E+02   2.7174149E+05   3.4005447E+02  -2.6093795E+00  -1.3046897E+00
     3.3490000E+03   4.1712305E+02   1.0469700E+07   3.4005447E+02  -1.0819049E+00  -5.4095247E-01
     3.3770000E+03   4.1698813E+02   9.1399610E+06   3.4005447E+02  -1.2197802E+00  -6.0989008E-01
     3.4080000E+03   4.1601646E+02   1.8904712E+06   3.4005447E+02  -2.1929865E+00  -1.0964933E+00
     3.4380000E+03   4.1587638E+02   1.2310050E+06   3.4005447E+02  -2.3345259E+00  -1.1672630E+00
     3.4690000E+03   4.1567038E+02   4.8000717E+05   3.4005447E+02  -2.5419663E+00  -1.2709831E+00
     3.4990000E+03   4.1545435E+02   3.3775986E+04   3.4005447E+02  -2.7593355E+00  -1.3796678E+00
     3.5300000E+03   4.1546315E+02   4.3227615E+04   3.4005447E+02  -2.7519153E+00  -1.3759576E+00
     3.5610000E+03   4.1545405E+02   3.3478830E+04   3.4005447E+02  -2.7623897E+00  -1.3811949E+00
     3.5910000E+03   4.1550101E+02   9.3809305E+04   3.4005447E+02  -2.7167804E+00  -1.3583902E+00
     3.6220000E+03   4.1617882E+02   2.7898721E+06   3.4005447E+02  -2.0405534E+00  -1.0202767E+00
     3.6520000E+03   4.1643046E+02   4.4468632E+06   3.4005447E+02  -1.7910101E+00  -8.9550507E-01
     3.6830000E+03   4.1683879E+02   7.7535510E+06   3.4005447E+02  -1.3855652E+00  -6.9278259E-01
     3.7140000E+03   4.1692481E+02   8.5410215E+06   3.4005447E+02  -1.3026665E+00  -6.5133324E-01
     3.7430000E+03   4.1724646E+02   1.1748548E+07   3.4005447E+02  -9.8454915E-01  -4.9227457E-01
     3.7740000E+03   4.1579676E+02   9.0811020E+05   3.4005447E+02  -2.4357090E+00  -1.2178545E+00
     3.8040000E+03   4.1589608E+02   1.3168789E+06   3.4005447E+02  -2.3378269E+00  -1.1689135E+00
     3.8350000E+03   4.1555867E+02   1.9814061E+05   3.4005447E+02  -2.6766298E+00  -1.3383149E+00
     3.8650000E+03   4.1552622E+02   1.3562272E+05   3.4005447E+02  -2.7104118E+00  -1.3552059E+00
     3.8960000E+03   4.1548740E+02   7.3846094E+04   3.4005447E+02  -2.7506053E+00  -1.3753027E+00
     3.9270000E+03   4.1545289E+02   3.2296854E+04   3.4005447E+02  -2.7864682E+00  -1.3932341E+00
     3.9570000E+03   4.1545686E+02   3.6374883E+04   3.4005447E+02  -2.7838108E+00  -1.3919054E+00
     3.9880000E+03   4.1556786E+02   2.1754446E+05   3.4005447E+02  -2.6741973E+00  -1.3370987E+00
     4.0180000E+03   4.1562255E+02   3.4738794E+05   3.4005447E+02  -2.6208646E+00  -1.3104323E+00
     4.0490000E+03   4.1672466E+02   6.7564360E+06   3.4005447E+02  -1.5213615E+00  -7.6068077E-01
     4.0800000E+03   4.1694284E+02   8.7099230E+06   3.4005447E+02  -1.3063657E+00  -6.5318285E-01
     4.1080000E+03   4.1612098E+02   2.4535176E+06   3.4005447E+02  -2.1298555E+00  -1.0649278E+00
     4.1390000E+03   4.1608959E+02   2.2782936E+06   3.4005447E+02  -2.1628181E+00  -1.0814091E+00
     4.1690000E+03   4.1554116E+02   1.6322117E+05   3.4005447E+02  -2.7125791E+00  -1.3562895E+00
     4.2000000E+03   4.1559560E+02   2.8036873E+05   3.4005447E+02  -2.6595202E+00  -1.3297601E+00
     4.2300000E+03   4.1544104E+02   2.1312710E+04   3.4005447E+02  -2.8153736E+00  -1.4076868E+00
     4.2610000E+03   4.1546435E+02   4.4577448E+04   3.4005447E+02  -2.7934105E+00  -1.3967053E+00
     4.2920000E+03   4.1545453E+02   3.3952918E+04   3.4005447E+02  -2.8045724E+00  -1.4022862E+00
     4.3220000E+03   4.1555719E+02   1.9508775E+05   3.4005447E+02  -2.7032372E+00  -1.3516186E+00
     4.3530000E+03   4.1602891E+02   1.9544297E+06   3.4005447E+02  -2.2330186E+00  -1.1165093E+00
     4.3830000E+03   4.1708141E+02   1.0051671E+07   3.4005447E+02  -1.1836325E+00  -5.9181624E-01
     4.4140000E+03   4.1726297E+02   1.1924018E+07   3.4005447E+02  -1.0056508E+00  -5.0282538E-01
     4.4450000E+03   4.1694309E+02   8.7122205E+06   3.4005447E+02  -1.3287197E+00  -6.6435987E-01
     4.4730000E+03   4.1664075E+02   6.0587245E+06   3.4005447E+02  -1.6333662E+00  -8.1668309E-01
     4.5040000E+03   4.1672412E+02   6.7518280E+06   3.4005447E+02  -1.5525426E+00  -7.7627132E-01
     4.5340000E+03   4.1645515E+02   4.6256990E+06   3.4005447E+02  -1.8235344E+00  -9.1176721E-01
     4.5650000E+03   4.1544820E+02   2.7712630E+04   3.4005447E+02  -2.8317994E+00  -1.4158997E+00
     4.5950000E+03   4.1548128E+02   6.5497511E+04   3.4005447E+02  -2.7999968E+00  -1.3999984E+00
     4.6260000E+03   4.1546813E+02   4.8954679E+04   3.4005447E+02  -2.8144716E+00  -1.4072358E+00
     4.6570000E+03   4.1546022E+02   3.9949613E+04   3.4005447E+02  -2.8237028E+00  -1.4118514E+00
     4.6870000E+03   4.1568291E+02   5.1750902E+05   3.4005447E+02  -2.6023455E+00  -1.3011727E+00
     4.7180000E+03   4.1612160E+02   2.4569865E+06   3.4005447E+02  -2.1651620E+00  -1.0825810E+00
     4.7480000E+03   4.1696975E+02   8.9644542E+06   3.4005447E+02  -1.3199472E+00  -6.5997361E-01
     4.7790000E+03   4.1653356E+02   5.2122254E+06   3.4005447E+02  -1.7583905E+00  -8.7919527E-01
     4.8100000E+03   4.1717979E+02   1.1050295E+07   3.4005447E+02  -1.1157745E+00  -5.5788724E-01
     4.8380000E+03   4.1739821E+02   1.3400608E+07   3.4005447E+02  -9.0100676E-01  -4.5050338E-01
     4.8690000E+03   4.1757309E+02   1.5410965E+07   3.4005447E+02  -7.3040007E-01  -3.6520004E-01
     4.8990000E+03   4.1627839E+02   3.4086126E+06   3.4005447E+02  -2.0268591E+00  -1.0134296E+00
     4.9300000E+03   4.1561201E+02   3.2045722E+05   3.4005447E+02  -2.6945725E+00  -1.3472862E+00
     4.9600000E+03   4.1546623E+02   4.6711116E+04   3.4005447E+02  -2.8416040E+00  -1.4208020E+00
     4.9910000E+03   4.1547599E+02   5.8600635E+04   3.4005447E+02  -2.8331336E+00  -1.4165668E+00
     5.0220000E+03   4.1559310E+02   2.7441749E+05   3.4005447E+02  -2.7173541E+00  -1.3586771E+00
     5.0520000E+03   4.1557882E+02   2.4157553E+05   3.4005447E+02  -2.7329097E+00  -1.3664549E+00
     5.0830000E+03   4.1570389E+02   5.8282861E+05   3.4005447E+02  -2.6092020E+00  -1.3046010E+00
     5.1130000E+03   4.1733996E+02   1.2756205E+07   3.4005447E+02  -9.7676274E-01  -4.8838137E-01
     5.1440000E+03   4.1737504E+02   1.3142759E+07   3.4005447E+02  -9.4551656E-01  -4.7275828E-01
     5.1750000E+03   4.1558993E+02   2.6697220E+05   3.4005447E+02  -2.7319393E+00  -1.3659696E+00
     5.2040000E+03   4.1602554E+02   1.9369795E+06   3.4005447E+02  -2.2978649E+00  -1.1489325E+00
     5.2350000E+03   4.1590797E+02   1.3697586E+06   3.4005447E+02  -2.4168365E+00  -1.2084182E+00
     5.2650000E+03   4.1574658E+02   7.2517981E+05   3.4005447E+02  -2.5795393E+00  -1.2897697E+00
     5.2960000E+03   4.1554067E+02   1.6225310E+05   3.4005447E+02  -2.7867416E+00  -1.3933708E+00
     5.3260000E+03   4.1554955E+02   1.7958729E+05   3.4005447E+02  -2.7791139E+00  -1.3895570E+00
     5.3570000E+03   4.1545823E+02   3.7790479E+04   3.4005447E+02  -2.8717029E+00  -1.4358515E+00
     5.3880000E+03   4.1550805E+02   1.0481842E+05   3.4005447E+02  -2.8231709E+00  -1.4115854E+00
     5.4180000E+03   4.1548480E+02   7.0223558E+04   3.4005447E+02  -2.8476543E+00  -1.4238272E+00
     5.4490000E+03   4.1587150E+02   1.2100693E+06   3.4005447E+02  -2.4623365E+00  -1.2311682E+00
     5.4790000E+03   4.1724246E+02   1.1706090E+07   3.4005447E+02  -1.0947851E+00  -5.4739257E-01
     5.5100000E+03   4.1594615E+02   1.5453368E+06   3.4005447E+02  -2.3926273E+00  -1.1963137E+00
     5.5410000E+03   4.1570041E+02   5.7177090E+05   3.4005447E+02  -2.6397441E+00  -1.3198720E+00
     5.5690000E+03   4.1623111E+02   3.1086410E+06   3.4005447E+02  -2.1107479E+00  -1.0553739E+00
     5.6000000E+03   4.1634308E+02   3.8367762E+06   3.4005447E+02  -2.0006763E+00  -1.0003381E+00
     5.6300000E+03   4.1553340E+02   1.4859770E+05   3.4005447E+02  -2.8116085E+00  -1.4058042E+00
     5.6610000E+03   4.1547940E+02   6.2990696E+04   3.4005447E+02  -2.8668909E+00  -1.4334455E+00
     5.6910000E+03   4.1546105E+02   4.0837814E+04   3.4005447E+02  -2.8864790E+00  -1.4432395E+00
     5.7220000E+03   4.1548878E+02   7.5749590E+04   3.4005447E+02  -2.8600253E+00  -1.4300126E+00
     5.7530000E+03   4.1545613E+02   3.5569825E+04   3.4005447E+02  -2.8939481E+00  -1.4469740E+00
     5.7830000E+03   4.1568603E+02   5.2701432E+05   3.4005447E+02  -2.6653397E+00  -1.3326699E+00
     5.8140000E+03   4.1577798E+02   8.3770532E+05   3.4005447E+02  -2.5747512E+00  -1.2873756E+00
     5.8440000E+03   4.1639837E+02   4.2186101E+06   3.4005447E+02  -1.9563307E+00  -9.7816533E-01
     5.8750000E+03   4.1625835E+02   3.2800879E+06   3.4005447E+02  -2.0982711E+00  -1.0491355E+00
     5.9060000E+03   4.1688105E+02   8.1366100E+06   3.4005447E+02  -1.4785374E+00  -7.3926870E-01
     5.9340000E+03   4.1822323E+02   2.3835018E+07   3.4005447E+02  -1.4184260E-01  -7.0921300E-02
     5.9650000E+03   4.1659608E+02   5.6997021E+06   3.4005447E+02  -1.7712170E+00  -8.8560850E-01
     5.9950000E+03   4.1565116E+02   4.2460065E+05   3.4005447E+02  -2.7173994E+00  -1.3586997E+00
     6.0260000E+03   4.1562869E+02   3.6339886E+05   3.4005447E+02  -2.7411615E+00  -1.3705808E+00
     6.0560000E+03   4.1544868E+02   2.8135340E+04   3.4005447E+02  -2.9223864E+00  -1.4611932E+00
     6.0870000E+03   4.1544872E+02   2.8179414E+04   3.4005447E+02  -2.9235865E+00  -1.4617932E+00
     6.1180000E+03   4.1544400E+02   2.3842406E+04   3.4005447E+02  -2.9295489E+00  -1.4647745E+00
     6.1480000E+03   4.1576813E+02   8.0170837E+05   3.4005447E+02  -2.6067118E+00  -1.3033559E+00
     6.1790000E+03   4.1559068E+02   2.6871260E+05   3.4005447E+02  -2.7854491E+00  -1.3927246E+00
     6.2090000E+03   4.1553140E+02   1.4492491E+05   3.4005447E+02  -2.8459460E+00  -1.4229730E+00
     6.2400000E+03   4.1593565E+02   1.4962249E+06   3.4005447E+02  -2.4432006E+00  -1.2216003E+00
     6.2710000E+03   4.1642526E+02   4.4095528E+06   3.4005447E+02  -1.9557835E+00  -9.7789173E-01
     6.2990000E+03   4.1653895E+02   5.2535469E+06   3.4005447E+02  -1.8442067E+00  -9.2210335E-01
     6.3300000E+03   4.1640946E+02   4.2969290E+06   3.4005447E+02  -1.9756300E+00  -9.8781502E-01
     6.3600000E+03   4.1550083E+02   9.3477646E+04   3.4005447E+02  -2.8854646E+00  -1.4427323E+00
     6.3910000E+03   4.1547754E+02   6.0558898E+04   3.4005447E+02  -2.9100004E+00  -1.4550002E+00
     6.4210000E+03   4.1548763E+02   7.4128668E+04   3.4005447E+02  -2.9011058E+00  -1.4505529E+00
     6.4520000E+03   4.1544440E+02   2.4191871E+04   3.4005447E+02  -2.9455722E+00  -1.4727861E+00
     6.4830000E+03   4.1544422E+02   2.4032327E+04   3.4005447E+02  -2.9469807E+00  -1.4734904E+00
     6.5130000E+03   4.1544178E+02   2.1899927E+04   3.4005447E+02  -2.9506061E+00  -1.4753031E+00
     6.5440000E+03   4.1572877E+02   6.6427271E+05   3.4005447E+02  -2.6649276E+00  -1.3324638E+00
     6.5740000E+03   4.1620076E+02   2.9218751E+06   3.4005447E+02  -2.1945829E+00  -1.0972914E+00
     6.6050000E+03   4.1703420E+02   9.5858404E+06   3.4005447E+02  -1.3641693E+00  -6.8208467E-01
     6.6360000E+03   4.1681381E+02   7.5306401E+06   3.4005447E+02  -1.5873695E+00  -7.9368473E-01
     6.6650000E+03   4.1555338E+02   1.8726655E+05   3.4005447E+02  -2.8489671E+00  -1.4244835E+00
     6.6960000E+03   4.1549752E+02   8.8447731E+04   3.4005447E+02  -2.9060657E+00  -1.4530328E+00
     6.7260000E+03   4.1582996E+02   1.0379177E+06   3.4005447E+02  -2.5749059E+00  -1.2874530E+00
     6.7570000E+03   4.1564485E+02   4.0703009E+05   3.4005447E+02  -2.7612856E+00  -1.3806428E+00
     6.7870000E+03   4.1556246E+02   2.0600533E+05   3.4005447E+02  -2.8448816E+00  -1.4224408E+00
     6.8180000E+03   4.1544535E+02   2.5043403E+04   3.4005447E+02  -2.9632111E+00  -1.4816055E+00
     6.8490000E+03   4.1544643E+02   2.6031406E+04   3.4005447E+02  -2.9633426E+00  -1.4816713E+00
     6.8790000E+03   4.1544183E+02   2.1939086E+04   3.4005447E+02  -2.9691132E+00  -1.4845566E+00
     6.9100000E+03   4.1552072E+02   1.2592219E+05   3.4005447E+02  -2.8914558E+00  -1.4457279E+00
     6.9400000E+03   4.1655050E+02   5.3425409E+06   3.4005447E+02  -1.8637657E+00  -9.3188285E-01
     6.9710000E+03   4.1627860E+02   3.4099318E+06   3.4005447E+02  -2.1375477E+00  -1.0687738E+00
     7.0020000E+03   4.1576142E+02   7.7754787E+05   3.4005447E+02  -2.6560699E+00  -1.3280350E+00
     7.0300000E+03   4.1567587E+02   4.9624560E+05   3.4005447E+02  -2.7427704E+00  -1.3713852E+00
     7.0610000E+03   4.1700381E+02   9.2907277E+06   3.4005447E+02  -1.4177694E+00  -7.0888469E-01
     7.0910000E+03   4.1567678E+02   4.9895925E+05   3.4005447E+02  -2.7460272E+00  -1.3730136E+00
     7.1220000E+03   4.1548642E+02   7.2437412E+04   3.4005447E+02  -2.9375909E+00  -1.4687955E+00
     7.1520000E+03   4.1552459E+02   1.3267123E+05   3.4005447E+02  -2.9006079E+00  -1.4503039E+00
     7.1830000E+03   4.1544506E+02   2.4784792E+04   3.4005447E+02  -2.9813290E+00  -1.4906645E+00
     7.2140000E+03   4.1545026E+02   2.9647027E+04   3.4005447E+02  -2.9773330E+00  -1.4886665E+00
     7.2440000E+03   4.1579679E+02   9.0817375E+05   3.4005447E+02  -2.6320502E+00  -1.3160251E+00
     7.2750000E+03   4.1599398E+02   1.7770262E+06   3.4005447E+02  -2.4362174E+00  -1.2181087E+00
     7.3050000E+03   4.1580162E+02   9.2662198E+05   3.4005447E+02  -2.6298264E+00  -1.3149132E+00
     7.3360000E+03   4.1543402E+02   1.5648146E+04   3.4005447E+02  -2.9986107E+00  -1.4993053E+00
     7.3670000E+03   4.1665972E+02   6.2137445E+06   3.4005447E+02  -1.7754287E+00  -8.8771437E-01
     7.3950000E+03   4.1619468E+02   2.8850599E+06   3.4005447E+02  -2.2420888E+00  -1.1210444E+00
     7.4260000E+03   4.1573255E+02   6.7701796E+05   3.4005447E+02  -2.7054901E+00  -1.3527450E+00
     7.4560000E+03   4.1551593E+02   1.1774955E+05   3.4005447E+02  -2.9232797E+00  -1.4616398E+00
     7.4870000E+03   4.1619371E+02   2.8791989E+06   3.4005447E+02  -2.2469559E+00  -1.1234780E+00
     7.5170000E+03   4.1544481E+02   2.4555388E+04   3.4005447E+02  -2.9970059E+00  -1.4985029E+00
     7.5480000E+03   4.1544616E+02   2.5788718E+04   3.4005447E+02  -2.9968316E+00  -1.4984158E+00
     7.5790000E+03   4.1544883E+02   2.8274862E+04   3.4005447E+02  -2.9953536E+00  -1.4976768E+00
     7.6090000E+03   4.1550598E+02   1.0151255E+05   3.4005447E+02  -2.9393545E+00  -1.4696772E+00
     7.6400000E+03   4.1558245E+02   2.4974998E+05   3.4005447E+02  -2.8641046E+00  -1.4320523E+00
     7.6700000E+03   4.1558002E+02   2.4424219E+05   3.4005447E+02  -2.8677185E+00  -1.4338593E+00
     7.7010000E+03   4.1564296E+02   4.0183117E+05   3.4005447E+02  -2.8060089E+00  -1.4030044E+00
     7.7320000E+03   4.1564445E+02   4.0593611E+05   3.4005447E+02  -2.8057520E+00  -1.4028760E+00
     7.7600000E+03   4.1633415E+02   3.7764414E+06   3.4005447E+02  -2.1178210E+00  -1.0589105E+00
     7.7910000E+03   4.1743696E+02   1.3836344E+07   3.4005447E+02  -1.0188917E+00  -5.0944584E-01
     7.8210000E+03   4.1560213E+02   2.9602145E+05   3.4005447E+02  -2.8548959E+00  -1.4274480E+00
     7.8520000E+03   4.1549459E+02   8.4097341E+04   3.4005447E+02  -2.9636191E+00  -1.4818095E+00
     7.8820000E+03   4.1558180E+02   2.4825491E+05   3.4005447E+02  -2.8775774E+00  -1.4387887E+00
     7.9130000E+03   4.1544847E+02   2.7942679E+04   3.4005447E+02  -3.0120656E+00  -1.5060328E+00
     7.9440000E+03   4.1547964E+02   6.3301757E+04   3.4005447E+02  -2.9820704E+00  -1.4910352E+00
     7.9740000E+03   4.1545441E+02   3.3782548E+04   3.4005447E+02  -3.0084372E+00  -1.5042186E+00
     8.0050000E+03   4.1583843E+02   1.0721507E+06   3.4005447E+02  -2.6256924E+00  -1.3128462E+00
     8.0350000E+03   4.1577446E+02   8.2475147E+05   3.4005447E+02  -2.6908771E+00  -1.3454386E+00
     8.0660000E+03   4.1613931E+02   2.5582099E+06   3.4005447E+02  -2.3276616E+00  -1.1638308E+00
     8.0970000E+03   4.1600223E+02   1.8183073E+06   3.4005447E+02  -2.4663036E+00  -1.2331518E+00
     8.1260000E+03   4.1705841E+02   9.8235598E+06   3.4005447E+02  -1.4131139E+00  -7.0655695E-01
     8.1570000E+03   4.1620211E+02   2.9300799E+06   3.4005447E+02  -2.2709765E+00  -1.1354883E+00
     8.1870000E+03   4.1574836E+02   7.3138952E+05   3.4005447E+02  -2.7259195E+00  -1.3629597E+00
     8.2180000E+03   4.1544760E+02   2.7113852E+04   3.4005447E+02  -3.0278377E+00  -1.5139189E+00
     8.2480000E+03   4.1566166E+02   4.5449568E+05   3.4005447E+02  -2.8149495E+00  -1.4074747E+00
     8.2790000E+03   4.1544590E+02   2.5551043E+04   3.4005447E+02  -3.0318528E+00  -1.5159264E+00
     8.3100000E+03   4.1544697E+02   2.6533124E+04   3.4005447E+02  -3.0319359E+00  -1.5159680E+00
     8.3400000E+03   4.1544732E+02   2.6860036E+04   3.4005447E+02  -3.0326966E+00  -1.5163483E+00
     8.3710000E+03   4.1594300E+02   1.5305184E+06   3.4005447E+02  -2.5383061E+00  -1.2691530E+00
     8.4010000E+03   4.1558966E+02   2.6633245E+05   3.4005447E+02  -2.8927956E+00  -1.4463978E+00
     8.4320000E+03   4.1716330E+02   1.0880274E+07   3.4005447E+02  -1.3224455E+00  -6.6122277E-01
     8.4630000E+03   4.1745187E+02   1.4005559E+07   3.4005447E+02  -1.0379675E+00  -5.1898373E-01
     8.4910000E+03   4.1687839E+02   8.1122514E+06   3.4005447E+02  -1.6140283E+00  -8.0701417E-01
     8.5220000E+03   4.1590570E+02   1.3595554E+06   3.4005447E+02  -2.5879839E+00  -1.2939920E+00
     8.5520000E+03   4.1576872E+02   8.0382168E+05   3.4005447E+02  -2.7261441E+00  -1.3630721E+00
     8.5830000E+03   4.1578615E+02   8.6801644E+05   3.4005447E+02  -2.7099363E+00  -1.3549681E+00
     8.6130000E+03   4.1568033E+02   5.0964498E+05   3.4005447E+02  -2.8169151E+00  -1.4084575E+00
     8.6440000E+03   4.1544766E+02   2.7174529E+04   3.4005447E+02  -3.0507057E+00  -1.5253529E+00
     8.6750000E+03   4.1544540E+02   2.5090297E+04   3.4005447E+02  -3.0540941E+00  -1.5270470E+00
     8.7050000E+03   4.1544222E+02   2.2271981E+04   3.4005447E+02  -3.0583642E+00  -1.5291821E+00
     8.7360000E+03   4.1569057E+02   5.4097837E+05   3.4005447E+02  -2.8112043E+00  -1.4056022E+00
     8.7660000E+03   4.1601718E+02   1.8940518E+06   3.4005447E+02  -2.4859457E+00  -1.2429728E+00
     8.7970000E+03   4.1637342E+02   4.0445146E+06   3.4005447E+02  -2.1316111E+00  -1.0658055E+00
     8.8280000E+03   4.1619944E+02   2.9138976E+06   3.4005447E+02  -2.3073463E+00  -1.1536731E+00
     8.8560000E+03   4.1657282E+02   5.5162950E+06   3.4005447E+02  -1.9360452E+00  -9.6802259E-01
     8.8870000E+03   4.1554174E+02   1.6429095E+05   3.4005447E+02  -2.9682629E+00  -1.4841314E+00
     8.9170000E+03   4.1580352E+02   9.3391856E+05   3.4005447E+02  -2.7076632E+00  -1.3538316E+00
     8.9480000E+03   4.1565634E+02   4.3924705E+05   3.4005447E+02  -2.8560140E+00  -1.4280070E+00
     8.9780000E+03   4.1547749E+02   6.0494814E+04   3.4005447E+02  -3.0359464E+00  -1.5179732E+00
     9.0090000E+03   4.1545008E+02   2.9471502E+04   3.4005447E+02  -3.0644721E+00  -1.5322361E+00
     9.0400000E+03   4.1544466E+02   2.4421890E+04   3.4005447E+02  -3.0709990E+00  -1.5354995E+00
     9.0700000E+03   4.1544715E+02   2.6695524E+04   3.4005447E+02  -3.0695841E+00  -1.5347920E+00
     9.1010000E+03   4.1564349E+02   4.0328083E+05   3.4005447E+02  -2.8744064E+00  -1.4372032E+00
     9.1310000E+03   4.1674318E+02   6.9144103E+06   3.4005447E+02  -1.7771248E+00  -8.8856238E-01
     9.1620000E+03   4.1633493E+02   3.7816875E+06   3.4005447E+02  -2.1872280E+00  -1.0936140E+00
     9.1930000E+03   4.1831167E+02   2.5091969E+07   3.4005447E+02  -2.1666831E-01  -1.0833415E-01
     9.2210000E+03   4.1560961E+02   3.1443550E+05   3.4005447E+02  -2.9197528E+00  -1.4598764E+00
     9.2520000E+03   4.1744681E+02   1.3948048E+07   3.4005447E+02  -1.0863868E+00  -5.4319340E-01
     9.2820000E+03   4.1598907E+02   1.7526766E+06   3.4005447E+02  -2.5453254E+00  -1.2726627E+00
     9.3130000E+03   4.1579119E+02   8.8693067E+05   3.4005447E+02  -2.7443923E+00  -1.3721962E+00
     9.3430000E+03   4.1561294E+02   3.2276366E+05   3.4005447E+02  -2.9237356E+00  -1.4618678E+00
     9.3740000E+03   4.1544662E+02   2.6196138E+04   3.4005447E+02  -3.0911397E+00  -1.5455698E+00
     9.4050000E+03   4.1544537E+02   2.5054943E+04   3.4005447E+02  -3.0934695E+00  -1.5467348E+00
     9.4350000E+03   4.1544282E+02   2.2783616E+04   3.4005447E+02  -3.0970683E+00  -1.5485341E+00
     9.4660000E+03   4.1548099E+02   6.5062695E+04   3.4005447E+02  -3.0599859E+00  -1.5299930E+00
     9.4960000E+03   4.1554176E+02   1.6431866E+05   3.4005447E+02  -3.0002851E+00  -1.5001425E+00
     9.5270000E+03   4.1714805E+02   1.0723941E+07   3.4005447E+02  -1.3972140E+00  -6.9860700E-01
     9.5580000E+03   4.1701988E+02   9.4463274E+06   3.4005447E+02  -1.5284809E+00  -7.6424045E-01
     9.5870000E+03   4.1712090E+02   1.0447867E+07   3.4005447E+02  -1.4305356E+00  -7.1526779E-01
     9.6180000E+03   4.1587815E+02   1.2385455E+06   3.4005447E+02  -2.6744709E+00  -1.3372354E+00
     9.6480000E+03   4.1606455E+02   2.1421493E+06   3.4005447E+02  -2.4893438E+00  -1.2446719E+00
     9.6790000E+03   4.1595965E+02   1.6094072E+06   3.4005447E+02  -2.5954462E+00  -1.2977231E+00
     9.7090000E+03   4.1544717E+02   2.6701242E+04   3.4005447E+02  -3.1089570E+00  -1.5544785E+00
     9.7400000E+03   4.1544697E+02   2.6521041E+04   3.4005447E+02  -3.1102120E+00  -1.5551060E+00
     9.7710000E+03   4.1544691E+02   2.6463395E+04   3.4005447E+02  -3.1113342E+00  -1.5556671E+00
     9.8010000E+03   4.1547921E+02   6.2717863E+04   3.4005447E+02  -3.0800672E+00  -1.5400336E+00
     9.8320000E+03   4.1568664E+02   5.2885456E+05   3.4005447E+02  -2.8737625E+00  -1.4368812E+00
     9.8620000E+03   4.1621881E+02   3.0323799E+06   3.4005447E+02  -2.3430923E+00  -1.1715462E+00
     9.8930000E+03   4.1753982E+02   1.5019808E+07   3.4005447E+02  -1.0260418E+00  -5.1302089E-01
     9.9240000E+03   4.1729716E+02   1.2290740E+07   3.4005447E+02  -1.2723585E+00  -6.3617923E-01
     9.9520000E+03   4.1555138E+02   1.8320513E+05   3.4005447E+02  -3.0191090E+00  -1.5095545E+00
     9.9830000E+03   4.1572145E+02   6.3984556E+05   3.4005447E+02  -2.8501583E+00  -1.4250791E+00
     1.0013000E+04   4.1566040E+02   4.5085941E+05   3.4005447E+02  -2.9122711E+00  -1.4561355E+00
     1.0044000E+04   4.1558477E+02   2.5501179E+05   3.4005447E+02  -2.9889832E+00  -1.4944916E+00
     1.0074000E+04   4.1556501E+02   2.1136850E+05   3.4005447E+02  -3.0097836E+00  -1.5048918E+00
     1.0105000E+04   4.1544639E+02   2.5978519E+04   3.4005447E+02  -3.1294412E+00  -1.5647206E+00
     1.0136000E+04   4.1560940E+02   3.1389266E+05   3.4005447E+02  -2.9675138E+00  -1.4837569E+00
     1.0166000E+04   4.1552962E+02   1.4165614E+05   3.4005447E+02  -3.0483174E+00  -1.5241587E+00
     1.0197000E+04   4.1574707E+02   7.2689021E+05   3.4005447E+02  -2.8319814E+00  -1.4159907E+00
     1.0227000E+04   4.1684219E+02   7.7840479E+06   3.4005447E+02  -1.7393470E+00  -8.6967351E-01
     1.0258000E+04   4.1618226E+02   2.8103493E+06   3.4005447E+02  -2.4008534E+00  -1.2004267E+00
     1.0289000E+04   4.1742723E+02   1.3726416E+07   3.4005447E+02  -1.1597381E+00  -5.7986904E-01
     1.0317000E+04   4.1806977E+02   2.1715696E+07   3.4005447E+02  -5.2219365E-01  -2.6109682E-01
     1.0348000E+04   4.1595235E+02   1.5745824E+06   3.4005447E+02  -2.6407815E+00  -1.3203908E+00
     1.0378000E+04   4.1591285E+02   1.3916857E+06   3.4005447E+02  -2.6813886E+00  -1.3406943E+00
     1.0409000E+04   4.1602595E+02   1.9390750E+06   3.4005447E+02  -2.5694603E+00  -1.2847302E+00
     1.0439000E+04   4.1545856E+02   3.8107656E+04   3.4005447E+02  -3.1378323E+00  -1.5689162E+00
     1.0470000E+04   4.1544716E+02   2.6687744E+04   3.4005447E+02  -3.1502473E+00  -1.5751237E+00
     1.0501000E+04   4.1544663E+02   2.6201233E+04   3.4005447E+02  -3.1517837E+00  -1.5758919E+00
     1.0531000E+04   4.1547474E+02   5.6979672E+04   3.4005447E+02  -3.1246592E+00  -1.5623296E+00
     1.0562000E+04   4.1565651E+02   4.3972550E+05   3.4005447E+02  -2.9439573E+00  -1.4719786E+00
     1.0592000E+04   4.1665099E+02   6.1421540E+06   3.4005447E+02  -1.9515995E+00  -9.7579975E-01
     1.0623000E+04   4.1581372E+02   9.7349703E+05   3.4005447E+02  -2.7900206E+00  -1.3950103E+00
     1.0654000E+04   4.1634752E+02   3.8669048E+06   3.4005447E+02  -2.2580575E+00  -1.1290287E+00
     1.0682000E+04   4.1729728E+02   1.2292089E+07   3.4005447E+02  -1.3115335E+00  -6.5576673E-01
     1.0713000E+04   4.1618921E+02   2.8520575E+06   3.4005447E+02  -2.4210502E+00  -1.2105251E+00
     1.0743000E+04   4.1584815E+02   1.1119537E+06   3.4005447E+02  -2.7631896E+00  -1.3815948E+00
     1.0774000E+04   4.1547897E+02   6.2393339E+04   3.4005447E+02  -3.1333667E+00  -1.5666834E+00
     1.0804000E+04   4.1548191E+02   6.6275929E+04   3.4005447E+02  -3.1313983E+00  -1.5656991E+00
     1.0835000E+04   4.1544479E+02   2.4514108E+04   3.4005447E+02  -3.1695140E+00  -1.5847570E+00
     1.0866000E+04   4.1544410E+02   2.3903889E+04   3.4005447E+02  -3.1711879E+00  -1.5855939E+00
     1.0896000E+04   4.1546920E+02   5.0170839E+04   3.4005447E+02  -3.1470571E+00  -1.5735285E+00
     1.0927000E+04   4.1565482E+02   4.3491378E+05   3.4005447E+02  -2.9624821E+00  -1.4812410E+00
     1.0957000E+04   4.1625291E+02   3.2455404E+06   3.4005447E+02  -2.3658605E+00  -1.1829302E+00
     1.0988000E+04   4.1560812E+02   3.1070939E+05   3.4005447E+02  -3.0116858E+00  -1.5058429E+00
     1.1019000E+04   4.1668505E+02   6.4231967E+06   3.4005447E+02  -1.9371503E+00  -9.6857516E-01
     1.1048000E+04   4.1731133E+02   1.2444061E+07   3.4005447E+02  -1.3142481E+00  -6.5712406E-01
     1.1079000E+04   4.1586051E+02   1.1634387E+06   3.4005447E+02  -2.7661666E+00  -1.3830833E+00
     1.1109000E+04   4.1584730E+02   1.1084522E+06   3.4005447E+02  -2.7804280E+00  -1.3902140E+00
     1.1140000E+04   4.1571226E+02   6.0972098E+05   3.4005447E+02  -2.9165152E+00  -1.4582576E+00
     1.1170000E+04   4.1551610E+02   1.1802380E+05   3.4005447E+02  -3.1136342E+00  -1.5568171E+00
     1.1201000E+04   4.1544389E+02   2.3718044E+04   3.4005447E+02  -3.1868147E+00  -1.5934074E+00
     1.1232000E+04   4.1544594E+02   2.5561406E+04   3.4005447E+02  -3.1857403E+00  -1.5928702E+00
     1.1262000E+04   4.1553341E+02   1.4858725E+05   3.4005447E+02  -3.0992289E+00  -1.5496144E+00
     1.1293000E+04   4.1590421E+02   1.3528859E+06   3.4005447E+02  -2.7295354E+00  -1.3647677E+00
     1.1323000E+04   4.1570725E+02   5.9355959E+05   3.4005447E+02  -2.9274976E+00  -1.4637488E+00
     1.1354000E+04   4.1563633E+02   3.8375623E+05   3.4005447E+02  -2.9994407E+00  -1.4997204E+00
     1.1385000E+04   4.1657940E+02   5.5679667E+06   3.4005447E+02  -2.0585422E+00  -1.0292711E+00
     1.1413000E+04   4.1678751E+02   7.2987214E+06   3.4005447E+02  -1.8527366E+00  -9.2636828E-01
     1.1444000E+04   4.1582213E+02   1.0066408E+06   3.4005447E+02  -2.8191881E+00  -1.4095941E+00
     1.1474000E+04   4.1564752E+02   4.1440466E+05   3.4005447E+02  -2.9947807E+00  -1.4973903E+00
     1.1505000E+04   4.1543958E+02   2.0019132E+04   3.4005447E+02  -3.2036746E+00  -1.6018373E+00
     1.1535000E+04   4.1557031E+02   2.2274804E+05   3.4005447E+02  -3.0739094E+00  -1.5369547E+00
     1.1566000E+04   4.1544392E+02   2.3749794E+04   3.4005447E+02  -3.2012464E+00  -1.6006232E+00
     1.1597000E+04   4.1544507E+02   2.4777232E+04   3.4005447E+02  -3.2010546E+00  -1.6005273E+00
     1.1627000E+04   4.1550547E+02   1.0067881E+05   3.4005447E+02  -3.1415968E+00  -1.5707984E+00
     1.1658000E+04   4.1570815E+02   5.9645204E+05   3.4005447E+02  -2.9399413E+00  -1.4699707E+00
     1.1688000E+04   4.1687500E+02   8.0813091E+06   3.4005447E+02  -1.7755431E+00  -8.8777156E-01
     1.1719000E+04   4.1727629E+02   1.2066365E+07   3.4005447E+02  -1.3776027E+00  -6.8880136E-01
     1.1750000E+04   4.1647426E+02   4.7660241E+06   3.4005447E+02  -2.1816313E+00  -1.0908156E+00
     1.1778000E+04   4.1578433E+02   8.6121282E+05   3.4005447E+02  -2.8725185E+00  -1.4362592E+00
     1.1809000E+04   4.1587872E+02   1.2410233E+06   3.4005447E+02  -2.7791902E+00  -1.3895951E+00
     1.1839000E+04   4.1555667E+02   1.9393879E+05   3.4005447E+02  -3.1021844E+00  -1.5510922E+00
     1.1870000E+04   4.1562758E+02   3.6045080E+05   3.4005447E+02  -3.0322553E+00  -1.5161277E+00
     1.1900000E+04   4.1543984E+02   2.0236408E+04   3.4005447E+02  -3.2209014E+00  -1.6104507E+00
     1.1931000E+04   4.1544413E+02   2.3931733E+04   3.4005447E+02  -3.2175486E+00  -1.6087743E+00
     1.1962000E+04   4.1544507E+02   2.4774117E+04   3.4005447E+02  -3.2175444E+00  -1.6087722E+00
     1.1992000E+04   4.1544448E+02   2.4245433E+04   3.4005447E+02  -3.2190371E+00  -1.6095185E+00
     1.2023000E+04   4.1544800E+02   2.7477637E+04   3.4005447E+02  -3.2164493E+00  -1.6082246E+00
     1.2053000E+04   4.1610789E+02   2.3797572E+06   3.4005447E+02  -2.5578350E+00  -1.2789175E+00
     1.2084000E+04   4.1784120E+02   1.8707259E+07   3.4005447E+02  -8.2903859E-01  -4.1451930E-01
     1.2115000E+04   4.1642412E+02   4.4013239E+06   3.4005447E+02  -2.2480051E+00  -1.1240026E+00
     1.2143000E+04   4.1589009E+02   1.2904547E+06   3.4005447E+02  -2.7830768E+00  -1.3915384E+00
     1.2174000E+04   4.1587788E+02   1.2374019E+06   3.4005447E+02  -2.7963282E+00  -1.3981641E+00
     1.2204000E+04   4.1642594E+02   4.4143337E+06   3.4005447E+02  -2.2499048E+00  -1.1249524E+00
     1.2235000E+04   4.1565336E+02   4.3078847E+05   3.4005447E+02  -3.0234502E+00  -1.5117251E+00
     1.2265000E+04   4.1545175E+02   3.1084506E+04   3.4005447E+02  -3.2259532E+00  -1.6129766E+00
     1.2296000E+04   4.1544947E+02   2.8870525E+04   3.4005447E+02  -3.2291433E+00  -1.6145717E+00
     1.2327000E+04   4.1547125E+02   5.2655255E+04   3.4005447E+02  -3.2082823E+00  -1.6041411E+00
     1.2357000E+04   4.1546042E+02   4.0120929E+04   3.4005447E+02  -3.2200013E+00  -1.6100006E+00
     1.2388000E+04   4.1550976E+02   1.0755137E+05   3.4005447E+02  -3.1715889E+00  -1.5857944E+00
     1.2418000E+04   4.1610468E+02   2.3618092E+06   3.4005447E+02  -2.5779222E+00  -1.2889611E+00
     1.2449000E+04   4.1744067E+02   1.3878363E+07   3.4005447E+02  -1.2455013E+00  -6.2275064E-01
     1.2480000E+04   4.1634911E+02   3.8777064E+06   3.4005447E+02  -2.3388070E+00  -1.1694035E+00
     1.2509000E+04   4.1709228E+02   1.0160090E+07   3.4005447E+02  -1.5984923E+00  -7.9924615E-01
     1.2540000E+04   4.1570694E+02   5.9255317E+05   3.4005447E+02  -2.9848044E+00  -1.4924022E+00
     1.2570000E+04   4.1564232E+02   4.0005241E+05   3.4005447E+02  -3.0503413E+00  -1.5251707E+00
     1.2601000E+04   4.1546449E+02   4.4665779E+04   3.4005447E+02  -3.2290737E+00  -1.6145368E+00
     1.2631000E+04   4.1545134E+02   3.0679834E+04   3.4005447E+02  -3.2430929E+00  -1.6215464E+00
     1.2662000E+04   4.1544771E+02   2.7195338E+04   3.4005447E+02  -3.2476170E+00  -1.6238085E+00
     1.2693000E+04   4.1544414E+02   2.3934060E+04   3.4005447E+02  -3.2520789E+00  -1.6260394E+00
     1.2723000E+04   4.1547248E+02   5.4154566E+04   3.4005447E+02  -3.2246065E+00  -1.6123032E+00
     1.2754000E+04   4.1597673E+02   1.6919866E+06   3.4005447E+02  -2.7213882E+00  -1.3606941E+00
     1.2784000E+04   4.1584142E+02   1.0843484E+06   3.4005447E+02  -2.8576659E+00  -1.4288329E+00
     1.2815000E+04   4.1707467E+02   9.9844953E+06   3.4005447E+02  -1.6273505E+00  -8.1367523E-01
     1.2846000E+04   4.1653436E+02   5.2183251E+06   3.4005447E+02  -2.1697011E+00  -1.0848506E+00
     1.2874000E+04   4.1622719E+02   3.0841982E+06   3.4005447E+02  -2.4782559E+00  -1.2391279E+00
     1.2905000E+04   4.1638789E+02   4.1451024E+06   3.4005447E+02  -2.3191360E+00  -1.1595680E+00
     1.2935000E+04   4.1579436E+02   8.9891342E+05   3.4005447E+02  -2.9136076E+00  -1.4568038E+00
     1.2966000E+04   4.1611207E+02   2.4031493E+06   3.4005447E+02  -2.5970069E+00  -1.2985034E+00
     1.2996000E+04   4.1564894E+02   4.1834591E+05   3.4005447E+02  -3.0610389E+00  -1.5305194E+00
     1.3027000E+04   4.1544457E+02   2.4318255E+04   3.4005447E+02  -3.2662755E+00  -1.6331377E+00
     1.3058000E+04   4.1544574E+02   2.5378069E+04   3.4005447E+02  -3.2659752E+00  -1.6329876E+00
     1.3088000E+04   4.1544495E+02   2.4659604E+04   3.4005447E+02  -3.2676114E+00  -1.6338057E+00
     1.3119000E+04   4.1569061E+02   5.4107048E+05   3.4005447E+02  -3.0228893E+00  -1.5114446E+00
     1.3149000E+04   4.1595247E+02   1.5751756E+06   3.4005447E+02  -2.7620492E+00  -1.3810246E+00
     1.3180000E+04   4.1777019E+02   1.7809352E+07   3.4005447E+02  -9.4877394E-01  -4.7438697E-01
     1.3211000E+04   4.1658853E+02   5.6398847E+06   3.4005447E+02  -2.1325148E+00  -1.0662574E+00
     1.3239000E+04   4.1638188E+02   4.1031577E+06   3.4005447E+02  -2.3407313E+00  -1.1703657E+00
     1.3270000E+04   4.1694966E+02   8.7740408E+06   3.4005447E+02  -1.7755424E+00  -8.8777119E-01
     1.3300000E+04   4.1656020E+02   5.4177649E+06   3.4005447E+02  -2.1667335E+00  -1.0833667E+00
     1.3331000E+04   4.1557127E+02   2.2482201E+05   3.4005447E+02  -3.1565493E+00  -1.5782747E+00
     1.3361000E+04   4.1545050E+02   2.9853273E+04   3.4005447E+02  -3.2781351E+00  -1.6390676E+00
     1.3392000E+04   4.1544949E+02   2.8877903E+04   3.4005447E+02  -3.2799936E+00  -1.6399968E+00
     1.3423000E+04   4.1544379E+02   2.3620408E+04   3.4005447E+02  -3.2865368E+00  -1.6432684E+00
     1.3453000E+04   4.1544191E+02   2.1977569E+04   3.4005447E+02  -3.2892356E+00  -1.6446178E+00
     1.3484000E+04   4.1553865E+02   1.5836504E+05   3.4005447E+02  -3.1933673E+00  -1.5966837E+00
     1.3514000E+04   4.1608238E+02   2.2386931E+06   3.4005447E+02  -2.6507914E+00  -1.3253957E+00
     1.3545000E+04   4.1660439E+02   5.7657706E+06   3.4005447E+02  -2.1307727E+00  -1.0653864E+00
     1.3576000E+04   4.1553208E+02   1.4612369E+05   3.4005447E+02  -3.2039411E+00  -1.6019705E+00
     1.3604000E+04   4.1698911E+02   9.1493329E+06   3.4005447E+02  -1.7493984E+00  -8.7469922E-01
     1.3635000E+04   4.1550969E+02   1.0742403E+05   3.4005447E+02  -3.2296708E+00  -1.6148354E+00
     1.3665000E+04   4.1582560E+02   1.0204236E+06   3.4005447E+02  -2.9146774E+00  -1.4573387E+00
     1.3696000E+04   4.1555121E+02   1.8285793E+05   3.4005447E+02  -3.1899230E+00  -1.5949615E+00
     1.3726000E+04   4.1544142E+02   2.1557053E+04   3.4005447E+02  -3.3005162E+00  -1.6502581E+00
     1.3757000E+04   4.1547249E+02   5.4160553E+04   3.4005447E+02  -3.2702845E+00  -1.6351423E+00
     1.3788000E+04   4.1544402E+02   2.3824285E+04   3.4005447E+02  -3.2995816E+00  -1.6497908E+00
     1.3818000E+04   4.1548047E+02   6.4365342E+04   3.4005447E+02  -3.2639358E+00  -1.6319679E+00
     1.3849000E+04   4.1589630E+02   1.3177497E+06   3.4005447E+02  -2.8490668E+00  -1.4245334E+00
     1.3879000E+04   4.1559526E+02   2.7948630E+05   3.4005447E+02  -3.1509435E+00  -1.5754717E+00
     1.3910000E+04   4.1651218E+02   5.0494895E+06   3.4005447E+02  -2.2358542E+00  -1.1179271E+00
     1.3941000E+04   4.1738709E+02   1.3276601E+07   3.4005447E+02  -1.3645736E+00  -6.8228682E-01
     1.3970000E+04   4.1624411E+02   3.1899362E+06   3.4005447E+02  -2.5089564E+00  -1.2544782E+00
     1.4001000E+04   4.1553089E+02   1.4393955E+05   3.4005447E+02  -3.2230158E+00  -1.6115079E+00
     1.4031000E+04   4.1551337E+02   1.1344889E+05   3.4005447E+02  -3.2413393E+00  -1.6206697E+00
     1.4062000E+04   4.1546451E+02   4.4681272E+04   3.4005447E+02  -3.2910142E+00  -1.6455071E+00
     1.4092000E+04   4.1544161E+02   2.1719832E+04   3.4005447E+02  -3.3146985E+00  -1.6573493E+00
     1.4123000E+04   4.1544470E+02   2.4429613E+04   3.4005447E+02  -3.3124198E+00  -1.6562099E+00
     1.4154000E+04   4.1544427E+02   2.4051765E+04   3.4005447E+02  -3.3136517E+00  -1.6568258E+00
     1.4184000E+04   4.1544881E+02   2.8233382E+04   3.4005447E+02  -3.3098977E+00  -1.6549489E+00
     1.4215000E+04   4.1570219E+02   5.7740034E+05   3.4005447E+02  -3.0573898E+00  -1.5286949E+00
     1.4245000E+04   4.1594270E+02   1.5291087E+06   3.4005447E+02  -2.8178446E+00  -1.4089223E+00
     1.4276000E+04   4.1616762E+02   2.7233425E+06   3.4005447E+02  -2.5942728E+00  -1.2971364E+00
     1.4307000E+04   4.1557098E+02   2.2420111E+05   3.4005447E+02  -3.1917574E+00  -1.5958787E+00
     1.4335000E+04   4.1711526E+02   1.0390902E+07   3.4005447E+02  -1.6501949E+00  -8.2509747E-01
     1.4366000E+04   4.1588231E+02   1.2565360E+06   3.4005447E+02  -2.8840624E+00  -1.4420312E+00
     1.4396000E+04   4.1556279E+02   2.0666178E+05   3.4005447E+02  -3.2043894E+00  -1.6021947E+00
     1.4427000E+04   4.1585310E+02   1.1324847E+06   3.4005447E+02  -2.9149841E+00  -1.4574920E+00
     1.4457000E+04   4.1546571E+02   4.6064776E+04   3.4005447E+02  -3.3031505E+00  -1.6515752E+00
     1.4488000E+04   4.1544473E+02   2.4465033E+04   3.4005447E+02  -3.3249208E+00  -1.6624604E+00
     1.4519000E+04   4.1544426E+02   2.4041945E+04   3.4005447E+02  -3.3261864E+00  -1.6630932E+00
     1.4549000E+04   4.1548376E+02   6.8777066E+04   3.4005447E+02  -3.2874539E+00  -1.6437270E+00
     1.4580000E+04   4.1595455E+02   1.5850537E+06   3.4005447E+02  -2.8176033E+00  -1.4088017E+00
     1.4610000E+04   4.1569694E+02   5.6079502E+05   3.4005447E+02  -3.0760491E+00  -1.5380245E+00
     1.4641000E+04   4.1609883E+02   2.3292393E+06   3.4005447E+02  -2.6754108E+00  -1.3377054E+00
     1.4672000E+04   4.1714763E+02   1.0719684E+07   3.4005447E+02  -1.6296914E+00  -8.1484570E-01
     1.4700000E+04   4.1644442E+02   4.5475671E+06   3.4005447E+02  -2.3345113E+00  -1.1672557E+00
     1.4731000E+04   4.1596291E+02   1.6250297E+06   3.4005447E+02  -2.8169417E+00  -1.4084709E+00
     1.4761000E+04   4.1642244E+02   4.3893012E+06   3.4005447E+02  -2.3588804E+00  -1.1794402E+00
     1.4792000E+04   4.1575192E+02   7.4382392E+05   3.4005447E+02  -3.0302611E+00  -1.5151305E+00
     1.4822000E+04   4.1546155E+02   4.1354021E+04   3.4005447E+02  -3.3213850E+00  -1.6606925E+00
     1.4853000E+04   4.1544625E+02   2.5846071E+04   3.4005447E+02  -3.3374520E+00  -1.6687260E+00
     1.4884000E+04   4.1544398E+02   2.3791377E+04   3.4005447E+02  -3.3405002E+00  -1.6702501E+00
     1.4914000E+04   4.1547174E+02   5.3244053E+04   3.4005447E+02  -3.3134937E+00  -1.6567468E+00
     1.4945000E+04   4.1616353E+02   2.6992279E+06   3.4005447E+02  -2.6226735E+00  -1.3113367E+00
     1.4975000E+04   4.1608839E+02   2.2715867E+06   3.4005447E+02  -2.6989162E+00  -1.3494581E+00
     1.5006000E+04   4.1697866E+02   9.0492975E+06   3.4005447E+02  -1.8112727E+00  -9.0563637E-01
     1.5037000E+04   4.1581694E+02   9.8613612E+05   3.4005447E+02  -2.9739661E+00  -1.4869831E+00
     1.5065000E+04   4.1652873E+02   5.1752022E+06   3.4005447E+02  -2.2638613E+00  -1.1319307E+00
     1.5096000E+04   4.1699599E+02   9.2153559E+06   3.4005447E+02  -1.7991657E+00  -8.9958286E-01
     1.5126000E+04   4.1558884E+02   2.6439888E+05   3.4005447E+02  -3.2070805E+00  -1.6035403E+00
     1.5157000E+04   4.1575989E+02   7.7206276E+05   3.4005447E+02  -3.0368724E+00  -1.5184362E+00
     1.5187000E+04   4.1576815E+02   8.0174657E+05   3.4005447E+02  -3.0294322E+00  -1.5147161E+00
     1.5218000E+04   4.1544505E+02   2.4746830E+04   3.4005447E+02  -3.3532843E+00  -1.6766421E+00
     1.5249000E+04   4.1544432E+02   2.4095128E+04   3.4005447E+02  -3.3547623E+00  -1.6773811E+00
     1.5279000E+04   4.1545783E+02   3.7314124E+04   3.4005447E+02  -3.3419892E+00  -1.6709946E+00
     1.5310000E+04   4.1575824E+02   7.6618608E+05   3.4005447E+02  -3.0424088E+00  -1.5212044E+00
     1.5340000E+04   4.1579366E+02   8.9625749E+05   3.4005447E+02  -3.0078100E+00  -1.5039050E+00
     1.5371000E+04   4.1548952E+02   7.6762328E+04   3.4005447E+02  -3.3127058E+00  -1.6563529E+00
     1.5402000E+04   4.1651563E+02   5.0755570E+06   3.4005447E+02  -2.2884706E+00  -1.1442353E+00
     1.5431000E+04   4.1570919E+02   5.9977222E+05   3.4005447E+02  -3.0956749E+00  -1.5478374E+00
     1.5462000E+04   4.1670530E+02   6.5926522E+06   3.4005447E+02  -2.1015347E+00  -1.0507673E+00
     1.5492000E+04   4.1585463E+02   1.1388342E+06   3.4005447E+02  -2.9530322E+00  -1.4765161E+00
     1.5523000E+04   4.1549906E+02   9.0753237E+04   3.4005447E+02  -3.3093486E+00  -1.6546743E+00
     1.5553000E+04   4.1546594E+02   4.6334220E+04   3.4005447E+02  -3.3431870E+00  -1.6715935E+00
     1.5584000E+04   4.1544831E+02   2.7764613E+04   3.4005447E+02  -3.3615521E+00  -1.6807760E+00
     1.5615000E+04   4.1544737E+02   2.6878119E+04   3.4005447E+02  -3.3632329E+00  -1.6816164E+00
     1.5645000E+04   4.1544464E+02   2.4384041E+04   3.4005447E+02  -3.3666703E+00  -1.6833352E+00
     1.5676000E+04   4.1564846E+02   4.1701563E+05   3.4005447E+02  -3.1636439E+00  -1.5818220E+00
     1.5706000E+04   4.1665412E+02   6.1677378E+06   3.4005447E+02  -2.1598673E+00  -1.0799336E+00
     1.5737000E+04   4.1711916E+02   1.0430270E+07   3.4005447E+02  -1.6977265E+00  -8.4886325E-01
     1.5768000E+04   4.1560317E+02   2.9852646E+05   3.4005447E+02  -3.2144837E+00  -1.6072419E+00
     1.5796000E+04   4.1552536E+02   1.3401925E+05   3.4005447E+02  -3.2929617E+00  -1.6464808E+00
     1.5827000E+04   4.1565191E+02   4.2668782E+05   3.4005447E+02  -3.1671935E+00  -1.5835967E+00
     1.5857000E+04   4.1567380E+02   4.9004924E+05   3.4005447E+02  -3.1460658E+00  -1.5730329E+00
     1.5888000E+04   4.1549821E+02   8.9464977E+04   3.4005447E+02  -3.3223892E+00  -1.6611946E+00
     1.5918000E+04   4.1563810E+02   3.8853400E+05   3.4005447E+02  -3.1832458E+00  -1.5916229E+00
     1.5949000E+04   4.1544826E+02   2.7721572E+04   3.4005447E+02  -3.3737988E+00  -1.6868994E+00
     1.5980000E+04   4.1544736E+02   2.6874542E+04   3.4005447E+02  -3.3754197E+00  -1.6877099E+00
     1.6010000E+04   4.1557475E+02   2.3248038E+05   3.4005447E+02  -3.2487551E+00  -1.6243775E+00
     1.6041000E+04   4.1545772E+02   3.7211667E+04   3.4005447E+02  -3.3665044E+00  -1.6832522E+00
     1.6071000E+04   4.1565794E+02   4.4380943E+05   3.4005447E+02  -3.1670300E+00  -1.5835150E+00
     1.6102000E+04   4.1554417E+02   1.6897332E+05   3.4005447E+02  -3.2815417E+00  -1.6407709E+00
     1.6133000E+04   4.1547376E+02   5.5751758E+04   3.4005447E+02  -3.3526716E+00  -1.6763358E+00
     1.6161000E+04   4.1715228E+02   1.0767177E+07   3.4005447E+02  -1.6768467E+00  -8.3842333E-01
     1.6192000E+04   4.1589566E+02   1.3149487E+06   3.4005447E+02  -2.9342947E+00  -1.4671474E+00
     1.6222000E+04   4.1580660E+02   9.4579226E+05   3.4005447E+02  -3.0241380E+00  -1.5120690E+00
     1.6253000E+04   4.1546541E+02   4.5728748E+04   3.4005447E+02  -3.3660334E+00  -1.6830167E+00
     1.6283000E+04   4.1543951E+02   1.9968228E+04   3.4005447E+02  -3.3926083E+00  -1.6963041E+00
     1.6314000E+04   4.1544192E+02   2.2004432E+04   3.4005447E+02  -3.3908984E+00  -1.6954492E+00
     1.6345000E+04   4.1544672E+02   2.6290625E+04   3.4005447E+02  -3.3867978E+00  -1.6933989E+00
     1.6375000E+04   4.1556139E+02   2.0373585E+05   3.4005447E+02  -3.2728438E+00  -1.6364219E+00
     1.6406000E+04   4.1559800E+02   2.8604479E+05   3.4005447E+02  -3.2369698E+00  -1.6184849E+00
     1.6436000E+04   4.1593308E+02   1.4842614E+06   3.4005447E+02  -2.9027317E+00  -1.4513659E+00
     1.6467000E+04   4.1739378E+02   1.3351159E+07   3.4005447E+02  -1.4455324E+00  -7.2276622E-01
     1.6498000E+04   4.1545636E+02   3.5780535E+04   3.4005447E+02  -3.3836475E+00  -1.6918238E+00
     1.6526000E+04   4.1621694E+02   3.0208535E+06   3.4005447E+02  -2.6242326E+00  -1.3121163E+00
     1.6557000E+04   4.1548746E+02   7.3869081E+04   3.4005447E+02  -3.3544137E+00  -1.6772068E+00
     1.6587000E+04   4.1571820E+02   6.2915299E+05   3.4005447E+02  -3.1244058E+00  -1.5622029E+00
     1.6618000E+04   4.1546650E+02   4.7001873E+04   3.4005447E+02  -3.3767959E+00  -1.6883979E+00
     1.6648000E+04   4.1548387E+02   6.8933271E+04   3.4005447E+02  -3.3601001E+00  -1.6800500E+00
     1.6679000E+04   4.1547521E+02   5.7576529E+04   3.4005447E+02  -3.3694545E+00  -1.6847272E+00
     1.6710000E+04   4.1545181E+02   3.1163332E+04   3.4005447E+02  -3.3935339E+00  -1.6967669E+00
     1.6740000E+04   4.1555689E+02   1.9441907E+05   3.4005447E+02  -3.2891416E+00  -1.6445708E+00
     1.6771000E+04   4.1545907E+02   3.8671819E+04   3.4005447E+02  -3.3876432E+00  -1.6938216E+00
     1.6801000E+04   4.1569593E+02   5.5767156E+05   3.4005447E+02  -3.1515075E+00  -1.5757537E+00
     1.6832000E+04   4.1658112E+02   5.5815193E+06   3.4005447E+02  -2.2681889E+00  -1.1340945E+00
     1.6863000E+04   4.1697392E+02   9.0040883E+06   3.4005447E+02  -1.8779991E+00  -9.3899954E-01
     1.6892000E+04   4.1565831E+02   4.4486112E+05   3.4005447E+02  -3.1942931E+00  -1.5971465E+00
     1.6923000E+04   4.1683785E+02   7.7450904E+06   3.4005447E+02  -2.0168705E+00  -1.0084353E+00
     1.6953000E+04   4.1568326E+02   5.1853157E+05   3.4005447E+02  -3.1721692E+00  -1.5860846E+00
     1.6984000E+04   4.1552204E+02   1.2821099E+05   3.4005447E+02  -3.3340699E+00  -1.6670350E+00
     1.7014000E+04   4.1545119E+02   3.0549594E+04   3.4005447E+02  -3.4055685E+00  -1.7027842E+00
     1.7045000E+04   4.1544270E+02   2.2684995E+04   3.4005447E+02  -3.4147180E+00  -1.7073590E+00
     1.7076000E+04   4.1544343E+02   2.3326129E+04   3.4005447E+02  -3.4146471E+00  -1.7073236E+00
     1.7106000E+04   4.1544086E+02   2.1109123E+04   3.4005447E+02  -3.4178520E+00  -1.7089260E+00
     1.7137000E+04   4.1620766E+02   2.9639538E+06   3.4005447E+02  -2.6520269E+00  -1.3260135E+00
     1.7167000E+04   4.1603203E+02   1.9705340E+06   3.4005447E+02  -2.8285926E+00  -1.4142963E+00
     1.7198000E+04   4.1658609E+02   5.6206879E+06   3.4005447E+02  -2.2763874E+00  -1.1381937E+00
     1.7229000E+04   4.1768751E+02   1.6786448E+07   3.4005447E+02  -1.1791045E+00  -5.8955225E-01
     1.7257000E+04   4.1742348E+02   1.3684156E+07   3.4005447E+02  -1.4462725E+00  -7.2313627E-01
     1.7288000E+04   4.1588582E+02   1.2718192E+06   3.4005447E+02  -2.9846929E+00  -1.4923464E+00
     1.7318000E+04   4.1604555E+02   2.0412078E+06   3.4005447E+02  -2.8258662E+00  -1.4129331E+00
     1.7349000E+04   4.1544446E+02   2.4235334E+04   3.4005447E+02  -3.4275984E+00  -1.7137992E+00
     1.7379000E+04   4.1552107E+02   1.2653046E+05   3.4005447E+02  -3.3516170E+00  -1.6758085E+00
     1.7410000E+04   4.1544296E+02   2.2910803E+04   3.4005447E+02  -3.4303680E+00  -1.7151840E+00
     1.7441000E+04   4.1544229E+02   2.2332055E+04   3.4005447E+02  -3.4316671E+00  -1.7158336E+00
     1.7471000E+04   4.1546906E+02   5.0019884E+04   3.4005447E+02  -3.4055208E+00  -1.7027604E+00
     1.7502000E+04   4.1551936E+02   1.2357938E+05   3.4005447E+02  -3.3558701E+00  -1.6779350E+00
     1.7532000E+04   4.1626339E+02   3.3122057E+06   3.4005447E+02  -2.6130416E+00  -1.3065208E+00
     1.7563000E+04   4.1546774E+02   4.8464949E+04   3.4005447E+02  -3.4093189E+00  -1.7046594E+00
     1.7594000E+04   4.1649311E+02   4.9061492E+06   3.4005447E+02  -2.3856735E+00  -1.1928367E+00
     1.7622000E+04   4.1548776E+02   7.4298492E+04   3.4005447E+02  -3.3916022E+00  -1.6958011E+00
     1.7653000E+04   4.1653401E+02   5.2156626E+06   3.4005447E+02  -2.3469278E+00  -1.1734639E+00
     1.7683000E+04   4.1600303E+02   1.8223227E+06   3.4005447E+02  -2.8787896E+00  -1.4393948E+00
     1.7714000E+04   4.1547453E+02   5.6730264E+04   3.4005447E+02  -3.4079125E+00  -1.7039562E+00
     1.7744000E+04   4.1544041E+02   2.0734146E+04   3.4005447E+02  -3.4426266E+00  -1.7213133E+00
     1.7775000E+04   4.1544302E+02   2.2970110E+04   3.4005447E+02  -3.4406384E+00  -1.7203192E+00
     1.7806000E+04   4.1544271E+02   2.2704296E+04   3.4005447E+02  -3.4415596E+00  -1.7207798E+00
     1.7836000E+04   4.1545619E+02   3.5616731E+04   3.4005447E+02  -3.4286856E+00  -1.7143428E+00
